execute if entity @s[tag=aj.1989_sing.bone.left_straight] run data modify entity @s {} merge value {transformation:[-0.3217665288959933f,-0.653248932459893f,-0.6853700701972868f,0.5735425696947926f,0.7484564592768642f,0.26785445227498983f,-0.6066851909872244f,1.5882427376342014f,0.5798958781099963f,-0.7081806440707592f,0.40274178565746205f,0.48354230229562983f,0f,0f,0f,1f],start_interpolation:0}
execute if entity @s[tag=aj.1989_sing.bone.left_bend] run data modify entity @s {} merge value {transformation:[-0.3217665288959933f,-0.8802974762591853f,-0.3486296805694158f,0.6421294371163957f,0.7484564592768642f,-0.010967031804642147f,-0.6630932459165421f,1.2930394660668538f,0.5798958781099963f,-0.47429534839075227f,0.662393155947381f,0.29097023797673954f,0f,0f,0f,1f],start_interpolation:0}
execute if entity @s[tag=aj.1989_sing.bone.right_straight] run data modify entity @s {} merge value {transformation:[-0.5220982559834525f,0.15874222078427866f,-0.8379822900512353f,-0.001972201446290206f,0.22439916117075887f,0.9734762068055783f,0.04459922924538823f,0.9560707158099877f,0.8228356017850085f,-0.16475734315622542f,-0.5438718510009546f,0.04979064093689847f,0f,0f,0f,1f],start_interpolation:0}
execute if entity @s[tag=aj.1989_sing.bone.microphone] run data modify entity @s {} merge value {transformation:[-0.5220982559834525f,0.15641906063008942f,-0.8384190411546231f,0.14051391028119903f,0.22439916117075887f,0.9735960789500969f,0.041900972767424195f,1.2433669847428046f,0.8228356017850085f,-0.16626410473880715f,-0.5434131208486834f,0.46335771064140807f,0f,0f,0f,1f],start_interpolation:0}
execute if entity @s[tag=aj.1989_sing.bone.right_bend] run data modify entity @s {} merge value {transformation:[-0.5220982559834525f,-0.8384190411546231f,-0.15641906063008962f,-0.23025376518596002f,0.22439916117075887f,0.04190097276742441f,-0.9735960789500969f,1.141053299390197f,0.8228356017850085f,-0.5434131208486834f,0.16626410473880704f,0.25896627302958386f,0f,0f,0f,1f],start_interpolation:0}
execute if entity @s[tag=aj.1989_sing.bone.head] run data modify entity @s {} merge value {transformation:[-0.9398851132646043f,0.07391751561418214f,-0.3333949231002312f,0.09712346439090291f,0.015744535725819953f,0.9846341208465329f,0.17391882491425087f,1.4023193585574734f,0.34112766445769294f,0.15821456617581894f,-0.926606749161389f,0.20518361848888317f,0f,0f,0f,1f],start_interpolation:0}
execute if entity @s[tag=aj.1989_sing.bone.outfit] run data modify entity @s {} merge value {transformation:[-0.938236169953966f,0.12949795252120389f,-0.3208475801419244f,-0.08902984235832767f,0.0285014868616505f,0.953092478076631f,0.3013343549620951f,0.03224892132231616f,0.34481959723424616f,0.27357815798517754f,-0.8979167204349463f,-0.18808498361480955f,0f,0f,0f,1f],start_interpolation:0}
execute if entity @s[tag=aj.1989_sing.bone.chest] run data modify entity @s {} merge value {transformation:[-0.938236169953966f,0.12949795252120389f,-0.3208475801419244f,-0.012818712263127462f,0.0285014868616505f,0.953092478076631f,0.3013343549620951f,0.6902129931536535f,0.34481959723424616f,0.27357815798517754f,-0.8979167204349463f,-0.003383809521216412f,0f,0f,0f,1f],start_interpolation:0}