execute if entity @s[tag=aj.1989_sing.bone.left_straight] run data modify entity @s {} merge value {transformation:[-0.8994484672994215f,-0.4170329632601387f,0.13067502526186595f,0.25444565398241625f,-0.14620626465817235f,0.005361905811195999f,-0.9892395959224318f,1.3467024300110646f,0.41184485288446415f,-0.9088755456719801f,-0.06579558976127792f,0.7179664997391957f,0f,0f,0f,1f],start_interpolation:0}
execute if entity @s[tag=aj.1989_sing.bone.left_bend] run data modify entity @s {} merge value {transformation:[-0.8994484672994215f,-0.35725782774793746f,0.25171273147289663f,0.5753817426582393f,-0.14620626465817235f,-0.2967939340182384f,-0.9436827268233121f,1.3446825166145049f,0.41184485288446415f,-0.8855959604937247f,0.21471751654155144f,0.5569414184066679f,0f,0f,0f,1f],start_interpolation:0}
execute if entity @s[tag=aj.1989_sing.bone.right_straight] run data modify entity @s {} merge value {transformation:[-0.6224340788524573f,0.2729923015533838f,-0.7335196117185139f,-0.023806501333982433f,0.3260244528201921f,0.9424528005854614f,0.07409976269810015f,0.8970459830084734f,0.7115362771119876f,-0.1930231125052307f,-0.675616906532397f,0.1933886241580662f,0f,0f,0f,1f],start_interpolation:0}
execute if entity @s[tag=aj.1989_sing.bone.microphone] run data modify entity @s {} merge value {transformation:[-0.6224340788524573f,0.2676835008677823f,-0.7354735623027255f,0.07774898737848779f,0.3260244528201921f,0.9429637553678748f,0.06728604777967763f,1.2026653747984475f,0.7115362771119876f,-0.19790123654409753f,-0.6742041433630691f,0.6065048791474479f,0f,0f,0f,1f],start_interpolation:0}
execute if entity @s[tag=aj.1989_sing.bone.right_bend] run data modify entity @s {} merge value {transformation:[-0.6224340788524573f,-0.7354735623027254f,-0.2676835008677825f,-0.2640240394123933f,0.3260244528201921f,0.06728604777967784f,-0.9429637553678748f,1.1149881415456748f,0.7115362771119876f,-0.6742041433630691f,0.1979012365440974f,0.3511296256906578f,0f,0f,0f,1f],start_interpolation:0}
execute if entity @s[tag=aj.1989_sing.bone.head] run data modify entity @s {} merge value {transformation:[-0.987355333134835f,0.04251413410809404f,-0.15271540371304412f,0.0912693211377141f,0.01802755406578349f,0.9872298654320089f,0.15827886812048897f,1.3504610914302444f,0.15749429648277524f,0.1535243993641951f,-0.975513098515473f,0.33860375406761223f,0f,0f,0f,1f],start_interpolation:0}
execute if entity @s[tag=aj.1989_sing.bone.outfit] run data modify entity @s {} merge value {transformation:[-0.9838651774523656f,0.1216924281836188f,-0.13114978276535572f,-0.08366354437623794f,0.04732459424082083f,0.8839481219069925f,0.4651839427119583f,0.07978566618894267f,0.17253896770459387f,0.4514716720901496f,-0.8754448206046783f,-0.31038677456197783f,0f,0f,0f,1f],start_interpolation:0}
execute if entity @s[tag=aj.1989_sing.bone.chest] run data modify entity @s {} merge value {transformation:[-0.9838651774523656f,0.1216924281836188f,-0.13114978276535572f,-0.011806125209796675f,0.04732459424082083f,0.8839481219069925f,0.4651839427119583f,0.6917245472929949f,0.17253896770459387f,0.4514716720901496f,-0.8754448206046783f,-0.005089055954924536f,0f,0f,0f,1f],start_interpolation:0}