execute if entity @s[tag=aj.1989_sing.bone.left_straight] run data modify entity @s {} merge value {transformation:[-0.434831287254906f,-0.9000408463543803f,-0.02912432862628736f,0.6379718923032908f,-0.14841487659448074f,0.10352747354590944f,-0.9834912743012243f,1.3226212646117088f,0.8881974870656223f,-0.4233302931694015f,-0.17859643572989342f,0.5722242131342741f,0f,0f,0f,1f],start_interpolation:0}
execute if entity @s[tag=aj.1989_sing.bone.left_bend] run data modify entity @s {} merge value {transformation:[-0.434831287254906f,-0.8478844840105505f,0.30333752388783664f,0.7793624178766834f,-0.14841487659448074f,-0.2647666494282896f,-0.9528229876298967f,1.322925251021399f,0.8881974870656223f,-0.45933704741146186f,-0.010709848067729316f,0.2421609513901729f,0f,0f,0f,1f],start_interpolation:0}
execute if entity @s[tag=aj.1989_sing.bone.right_straight] run data modify entity @s {} merge value {transformation:[-0.456432631089725f,0.20523844773789973f,-0.8657634970629381f,0.018555988225206488f,0.24444894884300464f,0.9645152952524423f,0.09977452898232259f,0.9246443790938983f,0.8555197044405587f,-0.1660946260245394f,-0.49040657675005483f,0.12910438714196187f,0f,0f,0f,1f],start_interpolation:0}
execute if entity @s[tag=aj.1989_sing.bone.microphone] run data modify entity @s {} merge value {transformation:[-0.456432631089725f,0.20116010972433915f,-0.8667201760269589f,0.20278958682345322f,0.24444894884300464f,0.9649743496777669f,0.09523243078658271f,1.1989782637563744f,0.8555197044405587f,-0.16840164702182395f,-0.4896191587287778f,0.5351787237146542f,0f,0f,0f,1f],start_interpolation:0}
execute if entity @s[tag=aj.1989_sing.bone.right_bend] run data modify entity @s {} merge value {transformation:[-0.456432631089725f,-0.8667201760269589f,-0.20116010972433934f,-0.18516881657044f,0.24444894884300464f,0.09523243078658292f,-0.9649743496777669f,1.1200526891132117f,0.8555197044405587f,-0.48961915872877787f,0.16840164702182384f,0.3535977498928107f,0f,0f,0f,1f],start_interpolation:0}
execute if entity @s[tag=aj.1989_sing.bone.head] run data modify entity @s {} merge value {transformation:[-0.9187254897423062f,0.10170543472682743f,-0.3815749979293543f,0.1532342296336627f,0.018940474494242583f,0.9765019586021955f,0.2146745985719062f,1.3657048311770388f,0.3944423062042061f,0.1899998141922859f,-0.8990635893434924f,0.28117161634258586f,0f,0f,0f,1f],start_interpolation:0}
execute if entity @s[tag=aj.1989_sing.bone.outfit] run data modify entity @s {} merge value {transformation:[-0.9143222981118493f,0.20431230617821694f,-0.349673013999658f,-0.14046471049752413f,0.03948210185007901f,0.9042731082360517f,0.42512505143147f,0.06581223808771453f,0.4030581829078359f,0.37489548845678117f,-0.8348637457248846f,-0.2577406483140371f,0f,0f,0f,1f],start_interpolation:0}
execute if entity @s[tag=aj.1989_sing.bone.chest] run data modify entity @s {} merge value {transformation:[-0.9143222981118493f,0.20431230617821694f,-0.349673013999658f,-0.012786856965908127f,0.03948210185007901f,0.9042731082360517f,0.42512505143147f,0.6913195507425798f,0.4030581829078359f,0.37489548845678117f,-0.8348637457248846f,-0.0022443715981907194f,0f,0f,0f,1f],start_interpolation:0}