execute if entity @s[tag=aj.1989_sing.bone.left_straight] run data modify entity @s {} merge value {transformation:[-0.9879421100567118f,0.14021611775983694f,0.06564927643966399f,-0.045509923811811404f,-0.06713066585146507f,-0.00585635740276419f,-0.9977270051373324f,1.3796002618641505f,-0.1395129416184421f,-0.9901036023560014f,0.015198543438058487f,0.634306378103243f,0f,0f,0f,1f],start_interpolation:0}
execute if entity @s[tag=aj.1989_sing.bone.left_bend] run data modify entity @s {} merge value {transformation:[-0.9879421100567118f,0.1527121555405225f,0.02548302821210898f,0.31023343192677694f,-0.06713066585146507f,-0.2742067917652406f,-0.959324819366284f,1.3489301646919123f,-0.1395129416184421f,-0.9494680789262909f,0.28115210513348105f,0.6722423751259408f,0f,0f,0f,1f],start_interpolation:0}
execute if entity @s[tag=aj.1989_sing.bone.right_straight] run data modify entity @s {} merge value {transformation:[-0.7449824191243084f,0.3283786225982408f,-0.5806622731125002f,-0.07726932130096162f,0.374809197215125f,0.9261106130430637f,0.04286254882708351f,0.8895405952521918f,0.5518326384680841f,-0.18570571512337136f,-0.813015452800173f,0.2066434221995342f,0f,0f,0f,1f],start_interpolation:0}
execute if entity @s[tag=aj.1989_sing.bone.microphone] run data modify entity @s {} merge value {transformation:[-0.7449824191243084f,0.3232989490076179f,-0.5835057709793994f,-0.05362306639573722f,0.374809197215125f,0.9264493911425709f,0.034779179612421274f,1.218344863739109f,0.5518326384680841f,-0.19279345222836078f,-0.8113639281476739f,0.61392665374952f,0f,0f,0f,1f],start_interpolation:0}
execute if entity @s[tag=aj.1989_sing.bone.right_bend] run data modify entity @s {} merge value {transformation:[-0.7449824191243084f,-0.5835057709793993f,-0.323298949007618f,-0.33910230643451955f,0.374809197215125f,0.03477917961242148f,-0.9264493911425709f,1.1192519325185089f,0.5518326384680841f,-0.8113639281476739f,0.1927934522283606f,0.3002471777875598f,0f,0f,0f,1f],start_interpolation:0}
execute if entity @s[tag=aj.1989_sing.bone.head] run data modify entity @s {} merge value {transformation:[-0.9979015024932906f,0.007788829096769822f,0.06428005493879652f,0.016311037969103513f,0.014815313547429043f,0.993868690471408f,0.10956976127171125f,1.3509835658192615f,-0.06303251388073264f,0.11029215856963609f,-0.9918984534476931f,0.3493186338117795f,0f,0f,0f,1f],start_interpolation:0}
execute if entity @s[tag=aj.1989_sing.bone.outfit] run data modify entity @s {} merge value {transformation:[-0.9977950013917205f,0.02174805062547135f,0.0627069174149752f,-0.014951784805011553f,0.04842604034423406f,0.884644754425682f,0.46374408576681964f,0.07930673133234356f,-0.04538781570284254f,0.46575817841570605f,-0.8837472859503491f,-0.3202087476607979f,0f,0f,0f,1f],start_interpolation:0}
execute if entity @s[tag=aj.1989_sing.bone.chest] run data modify entity @s {} merge value {transformation:[-0.9977950013917205f,0.02174805062547135f,0.0627069174149752f,-0.01041368707957136f,0.04842604034423406f,0.884644754425682f,0.46374408576681964f,0.6917251204997195f,-0.04538781570284254f,0.46575817841570605f,-0.8837472859503491f,-0.007538790419166685f,0f,0f,0f,1f],start_interpolation:0}