execute if entity @s[tag=aj.stage.bone.left_straight] run data modify entity @s {} merge value {transformation:[2.2038951811105755e-16f,2.706043020886894e-17f,1f,-28.80453125f,-0.12186934340514748f,0.992546151641322f,0f,2.9909128334999746f,-0.992546151641322f,-0.12186934340514748f,2.220446049250313e-16f,0.10143065740920904f,0f,0f,0f,1f],start_interpolation:0}
execute if entity @s[tag=aj.stage.bone.left_bend] run data modify entity @s {} merge value {transformation:[2.2038951811105755e-16f,2.706043020886894e-17f,1f,-28.75f,-0.12186934340514748f,0.992546151641322f,0f,3.0465451931345044f,-0.992546151641322f,-0.12186934340514748f,2.220446049250313e-16f,0.4519510037769268f,0f,0f,0f,1f],start_interpolation:0}
execute if entity @s[tag=aj.stage.bone.right_straight] run data modify entity @s {} merge value {transformation:[-0.576502910269754f,0.2669066772034391f,0.7722727627689087f,-28.703671961686922f,0.2621381217925294f,0.9556002056484896f,-0.13458028112487153f,2.968550907607225f,-0.7739043865708405f,0.12485620781035925f,-0.620872714666724f,0.05554023835075936f,0f,0f,0f,1f],start_interpolation:0}
execute if entity @s[tag=aj.stage.bone.microphone] run data modify entity @s {} merge value {transformation:[-0.576502910269754f,0.22612325735866856f,0.7851832059666133f,-29.098664728432365f,0.2621381217925294f,0.9613339764822405f,-0.08438359297830271f,3.3022154258670784f,-0.7739043865708405f,0.15717906394411485f,-0.6134873611608169f,0.03590689529965155f,0f,0f,0f,1f],start_interpolation:0}
execute if entity @s[tag=aj.stage.bone.right_bend] run data modify entity @s {} merge value {transformation:[-0.576502910269754f,0.7851832059666133f,-0.2261232573586684f,-28.800099895760678f,0.2621381217925294f,-0.0843835929783025f,-0.9613339764822405f,3.148768059018862f,-0.7739043865708405f,-0.6134873611608169f,-0.157179063944115f,-0.24162790513059482f,0f,0f,0f,1f],start_interpolation:0}
execute if entity @s[tag=aj.stage.bone.head] run data modify entity @s {} merge value {transformation:[2.220446049250313e-16f,0f,1f,-28.8125f,0f,1f,0f,3.4375f,-1f,0f,2.220446049250313e-16f,0.06249999999999648f,0f,0f,0f,1f],start_interpolation:0}
execute if entity @s[tag=aj.stage.bone.outfit] run data modify entity @s {} merge value {transformation:[2.220446049250313e-16f,0f,1f,-28.8125f,0f,1f,0f,2f,-1f,0f,2.220446049250313e-16f,0.06249999999999648f,0f,0f,0f,1f],start_interpolation:0}
execute if entity @s[tag=aj.stage.bone.chest] run data modify entity @s {} merge value {transformation:[2.220446049250313e-16f,0f,1f,-28.80453125f,0f,1f,0f,2.6875f,-1f,0f,2.220446049250313e-16f,0.05156249999999577f,0f,0f,0f,1f],start_interpolation:0}
execute if entity @s[tag=aj.stage.bone.waist] run data modify entity @s {} merge value {transformation:[2.220446049250313e-16f,0f,1f,-28.8125f,0f,1f,0f,3.5f,-1f,0f,2.220446049250313e-16f,0.06249999999999648f,0f,0f,0f,1f],start_interpolation:0}
execute if entity @s[tag=aj.stage.bone.right_leg] run data modify entity @s {} merge value {transformation:[2.220446049250313e-16f,0f,1f,-28.75f,0f,1f,0f,2.6875f,-1f,0f,2.220446049250313e-16f,0.1687499999999958f,0f,0f,0f,1f],start_interpolation:0}
execute if entity @s[tag=aj.stage.bone.left_leg] run data modify entity @s {} merge value {transformation:[2.220446049250313e-16f,0f,1f,-28.75f,0f,1f,0f,2.6875f,-1f,0f,2.220446049250313e-16f,-0.043750000000002794f,0f,0f,0f,1f],start_interpolation:0}
execute if entity @s[tag=aj.stage.bone.platform] run data modify entity @s {} merge value {transformation:[2f,0f,0f,-28.75f,0f,2f,0f,3f,0f,0f,2f,-3.5208595475486406e-15f,0f,0f,0f,1f],start_interpolation:0}