execute if entity @s[tag=aj.stage.bone.left_straight] run data modify entity @s {} merge value {transformation:[2.2067158368530084e-16f,2.4654791220663536e-17f,1f,-28.96078125f,-0.11103530855427768f,0.9938164620563781f,0f,2.9942632849503084f,-0.9938164620563781f,-0.11103530855427768f,2.220446049250313e-16f,0.09678190567915673f,0f,0f,0f,1f],start_interpolation:0}
execute if entity @s[tag=aj.stage.bone.left_bend] run data modify entity @s {} merge value {transformation:[2.2067158368530084e-16f,2.4654791220663536e-17f,1f,-28.90625f,-0.11103530855427768f,0.9938164620563781f,0f,3.0460688267288583f,-0.9938164620563781f,-0.11103530855427768f,2.220446049250313e-16f,0.4478882407078506f,0f,0f,0f,1f],start_interpolation:0}
execute if entity @s[tag=aj.stage.bone.right_straight] run data modify entity @s {} merge value {transformation:[-0.576502910269754f,0.2669066772034391f,0.7722727627689087f,-28.859921961686922f,0.2621381217925294f,0.9556002056484896f,-0.13458028112487153f,2.968550907607225f,-0.7739043865708405f,0.12485620781035925f,-0.620872714666724f,0.05554023835075933f,0f,0f,0f,1f],start_interpolation:0}
execute if entity @s[tag=aj.stage.bone.microphone] run data modify entity @s {} merge value {transformation:[-0.576502910269754f,0.2431981275160444f,0.7800635007633634f,-29.250665661400053f,0.2621381217925294f,0.9592643866490498f,-0.10533490214505158f,3.310709691972413f,-0.7739043865708405f,0.1437585033294114f,-0.6167702109918236f,0.03561883833671198f,0f,0f,0f,1f],start_interpolation:0}
execute if entity @s[tag=aj.stage.bone.right_bend] run data modify entity @s {} merge value {transformation:[-0.576502910269754f,0.7800635007633634f,-0.24319812751604422f,-28.956349895760678f,0.2621381217925294f,-0.10533490214505137f,-0.9592643866490498f,3.148768059018862f,-0.7739043865708405f,-0.6167702109918236f,-0.14375850332941154f,-0.24162790513059484f,0f,0f,0f,1f],start_interpolation:0}
execute if entity @s[tag=aj.stage.bone.head] run data modify entity @s {} merge value {transformation:[2.220446049250313e-16f,0f,1f,-28.96875f,0f,1f,0f,3.4375f,-1f,0f,2.220446049250313e-16f,0.06249999999999646f,0f,0f,0f,1f],start_interpolation:0}
execute if entity @s[tag=aj.stage.bone.outfit] run data modify entity @s {} merge value {transformation:[2.220446049250313e-16f,0f,1f,-28.96875f,0f,1f,0f,2f,-1f,0f,2.220446049250313e-16f,0.06249999999999646f,0f,0f,0f,1f],start_interpolation:0}
execute if entity @s[tag=aj.stage.bone.chest] run data modify entity @s {} merge value {transformation:[2.220446049250313e-16f,0f,1f,-28.96078125f,0f,1f,0f,2.6875f,-1f,0f,2.220446049250313e-16f,0.05156249999999575f,0f,0f,0f,1f],start_interpolation:0}
execute if entity @s[tag=aj.stage.bone.waist] run data modify entity @s {} merge value {transformation:[2.220446049250313e-16f,0f,1f,-28.96875f,0f,1f,0f,3.5f,-1f,0f,2.220446049250313e-16f,0.06249999999999646f,0f,0f,0f,1f],start_interpolation:0}
execute if entity @s[tag=aj.stage.bone.right_leg] run data modify entity @s {} merge value {transformation:[2.220446049250313e-16f,0f,1f,-28.90625f,0f,1f,0f,2.6875f,-1f,0f,2.220446049250313e-16f,0.16874999999999576f,0f,0f,0f,1f],start_interpolation:0}
execute if entity @s[tag=aj.stage.bone.left_leg] run data modify entity @s {} merge value {transformation:[2.220446049250313e-16f,0f,1f,-28.90625f,0f,1f,0f,2.6875f,-1f,0f,2.220446049250313e-16f,-0.043750000000002814f,0f,0f,0f,1f],start_interpolation:0}
execute if entity @s[tag=aj.stage.bone.platform] run data modify entity @s {} merge value {transformation:[2f,0f,0f,-28.90625f,0f,2f,0f,3f,0f,0f,2f,-3.539994653785318e-15f,0f,0f,0f,1f],start_interpolation:0}