execute if entity @s[tag=aj.stage.bone.left_straight] run data modify entity @s {} merge value {transformation:[2.2044803027677752e-16f,2.657955085027253e-17f,1f,-28.52328125f,-0.11970365530496252f,0.992809667009055f,0f,2.9915788637930123f,-0.992809667009055f,-0.11970365530496252f,2.220446049250313e-16f,0.10049798766339457f,0f,0f,0f,1f],start_interpolation:0}
execute if entity @s[tag=aj.stage.bone.left_bend] run data modify entity @s {} merge value {transformation:[2.2044803027677752e-16f,2.657955085027253e-17f,1f,-28.46875f,-0.11970365530496252f,0.992809667009055f,0f,3.0464463748716044f,-0.992809667009055f,-0.11970365530496252f,2.220446049250313e-16f,0.45113887073935743f,0f,0f,0f,1f],start_interpolation:0}
execute if entity @s[tag=aj.stage.bone.right_straight] run data modify entity @s {} merge value {transformation:[-0.576502910269754f,0.2669066772034391f,0.7722727627689087f,-28.422421961686922f,0.2621381217925294f,0.9556002056484896f,-0.13458028112487153f,2.968550907607225f,-0.7739043865708405f,0.12485620781035925f,-0.620872714666724f,0.055540238350759386f,0f,0f,0f,1f],start_interpolation:0}
execute if entity @s[tag=aj.stage.bone.microphone] run data modify entity @s {} merge value {transformation:[-0.576502910269754f,0.2295471020010548f,0.784189085880071f,-28.816576272844085f,0.2621381217925294f,0.9609566335609285f,-0.08857738717264321f,3.303920275912716f,-0.7739043865708405f,0.15450073261368272f,-0.6141673420723754f,0.03585977591577538f,0f,0f,0f,1f],start_interpolation:0}
execute if entity @s[tag=aj.stage.bone.right_bend] run data modify entity @s {} merge value {transformation:[-0.576502910269754f,0.784189085880071f,-0.22954710200105463f,-28.518849895760678f,0.2621381217925294f,-0.088577387172643f,-0.9609566335609285f,3.148768059018862f,-0.7739043865708405f,-0.6141673420723754f,-0.15450073261368286f,-0.2416279051305948f,0f,0f,0f,1f],start_interpolation:0}
execute if entity @s[tag=aj.stage.bone.head] run data modify entity @s {} merge value {transformation:[2.220446049250313e-16f,0f,1f,-28.53125f,0f,1f,0f,3.4375f,-1f,0f,2.220446049250313e-16f,0.06249999999999652f,0f,0f,0f,1f],start_interpolation:0}
execute if entity @s[tag=aj.stage.bone.outfit] run data modify entity @s {} merge value {transformation:[2.220446049250313e-16f,0f,1f,-28.53125f,0f,1f,0f,2f,-1f,0f,2.220446049250313e-16f,0.06249999999999652f,0f,0f,0f,1f],start_interpolation:0}
execute if entity @s[tag=aj.stage.bone.chest] run data modify entity @s {} merge value {transformation:[2.220446049250313e-16f,0f,1f,-28.52328125f,0f,1f,0f,2.6875f,-1f,0f,2.220446049250313e-16f,0.051562499999995806f,0f,0f,0f,1f],start_interpolation:0}
execute if entity @s[tag=aj.stage.bone.waist] run data modify entity @s {} merge value {transformation:[2.220446049250313e-16f,0f,1f,-28.53125f,0f,1f,0f,3.5f,-1f,0f,2.220446049250313e-16f,0.06249999999999652f,0f,0f,0f,1f],start_interpolation:0}
execute if entity @s[tag=aj.stage.bone.right_leg] run data modify entity @s {} merge value {transformation:[2.220446049250313e-16f,0f,1f,-28.46875f,0f,1f,0f,2.6875f,-1f,0f,2.220446049250313e-16f,0.16874999999999582f,0f,0f,0f,1f],start_interpolation:0}
execute if entity @s[tag=aj.stage.bone.left_leg] run data modify entity @s {} merge value {transformation:[2.220446049250313e-16f,0f,1f,-28.46875f,0f,1f,0f,2.6875f,-1f,0f,2.220446049250313e-16f,-0.04375000000000276f,0f,0f,0f,1f],start_interpolation:0}
execute if entity @s[tag=aj.stage.bone.platform] run data modify entity @s {} merge value {transformation:[2f,0f,0f,-28.46875f,0f,2f,0f,3f,0f,0f,2f,-3.486416356322621e-15f,0f,0f,0f,1f],start_interpolation:0}