execute if entity @s[tag=aj.stage.bone.left_straight] run data modify entity @s {} merge value {transformation:[2.211131117257152e-16f,2.0317440766116056e-17f,1f,-28.11703125f,-0.0915016186634024f,0.9958049275746618f,0f,3.000421110195143f,-0.9958049275746618f,-0.0915016186634024f,2.220446049250313e-16f,0.08850731698292641f,0f,0f,0f,1f],start_interpolation:0}
execute if entity @s[tag=aj.stage.bone.left_bend] run data modify entity @s {} merge value {transformation:[2.211131117257152e-16f,2.0317440766116056e-17f,1f,-28.0625f,-0.0915016186634024f,0.9958049275746618f,0f,3.045323152159502f,-0.9958049275746618f,-0.0915016186634024f,2.220446049250313e-16f,0.44056310699877244f,0f,0f,0f,1f],start_interpolation:0}
execute if entity @s[tag=aj.stage.bone.right_straight] run data modify entity @s {} merge value {transformation:[-0.576502910269754f,0.2669066772034391f,0.7722727627689087f,-28.016171961686922f,0.2621381217925294f,0.9556002056484896f,-0.13458028112487153f,2.968550907607225f,-0.7739043865708405f,0.12485620781035925f,-0.620872714666724f,0.05554023835075944f,0f,0f,0f,1f],start_interpolation:0}
execute if entity @s[tag=aj.stage.bone.microphone] run data modify entity @s {} merge value {transformation:[-0.576502910269754f,0.27363577989374904f,0.7699141863951094f,-28.398914059652313f,0.2621381217925294f,0.9543893997201639f,-0.14291423583698823f,3.3258016811703803f,-0.7739043865708405f,0.1194333858840357f,-0.6219386358658592f,0.0347702050903837f,0f,0f,0f,1f],start_interpolation:0}
execute if entity @s[tag=aj.stage.bone.right_bend] run data modify entity @s {} merge value {transformation:[-0.576502910269754f,0.7699141863951096f,-0.2736357798937489f,-28.112599895760678f,0.2621381217925294f,-0.142914235836988f,-0.9543893997201639f,3.148768059018862f,-0.7739043865708405f,-0.6219386358658592f,-0.11943338588403583f,-0.24162790513059473f,0f,0f,0f,1f],start_interpolation:0}
execute if entity @s[tag=aj.stage.bone.head] run data modify entity @s {} merge value {transformation:[2.220446049250313e-16f,0f,1f,-28.125f,0f,1f,0f,3.4375f,-1f,0f,2.220446049250313e-16f,0.062499999999996565f,0f,0f,0f,1f],start_interpolation:0}
execute if entity @s[tag=aj.stage.bone.outfit] run data modify entity @s {} merge value {transformation:[2.220446049250313e-16f,0f,1f,-28.125f,0f,1f,0f,2f,-1f,0f,2.220446049250313e-16f,0.062499999999996565f,0f,0f,0f,1f],start_interpolation:0}
execute if entity @s[tag=aj.stage.bone.chest] run data modify entity @s {} merge value {transformation:[2.220446049250313e-16f,0f,1f,-28.11703125f,0f,1f,0f,2.6875f,-1f,0f,2.220446049250313e-16f,0.051562499999995855f,0f,0f,0f,1f],start_interpolation:0}
execute if entity @s[tag=aj.stage.bone.waist] run data modify entity @s {} merge value {transformation:[2.220446049250313e-16f,0f,1f,-28.125f,0f,1f,0f,3.5f,-1f,0f,2.220446049250313e-16f,0.062499999999996565f,0f,0f,0f,1f],start_interpolation:0}
execute if entity @s[tag=aj.stage.bone.right_leg] run data modify entity @s {} merge value {transformation:[2.220446049250313e-16f,0f,1f,-28.0625f,0f,1f,0f,2.6875f,-1f,0f,2.220446049250313e-16f,0.16874999999999588f,0f,0f,0f,1f],start_interpolation:0}
execute if entity @s[tag=aj.stage.bone.left_leg] run data modify entity @s {} merge value {transformation:[2.220446049250313e-16f,0f,1f,-28.0625f,0f,1f,0f,2.6875f,-1f,0f,2.220446049250313e-16f,-0.04375000000000271f,0f,0f,0f,1f],start_interpolation:0}
execute if entity @s[tag=aj.stage.bone.platform] run data modify entity @s {} merge value {transformation:[2f,0f,0f,-28.0625f,0f,2f,0f,3f,0f,0f,2f,-3.43666508010726e-15f,0f,0f,0f,1f],start_interpolation:0}