execute if entity @s[tag=aj.stage.bone.left_straight] run data modify entity @s {} merge value {transformation:[2.2072484689379826e-16f,2.41733022159273e-17f,1f,-28.36703125f,-0.10886687485196457f,0.9940563382223196f,0f,2.994939449264795f,-0.9940563382223196f,-0.10886687485196457f,2.220446049250313e-16f,0.09585655654190312f,0f,0f,0f,1f],start_interpolation:0}
execute if entity @s[tag=aj.stage.bone.left_bend] run data modify entity @s {} merge value {transformation:[2.2072484689379826e-16f,2.41733022159273e-17f,1f,-28.3125f,-0.10886687485196457f,0.9940563382223196f,0f,3.0459788731666304f,-0.9940563382223196f,-0.10886687485196457f,2.220446049250313e-16f,0.44707507806948327f,0f,0f,0f,1f],start_interpolation:0}
execute if entity @s[tag=aj.stage.bone.right_straight] run data modify entity @s {} merge value {transformation:[-0.576502910269754f,0.2669066772034391f,0.7722727627689087f,-28.266171961686922f,0.2621381217925294f,0.9556002056484896f,-0.13458028112487153f,2.968550907607225f,-0.7739043865708405f,0.12485620781035925f,-0.620872714666724f,0.05554023835075941f,0f,0f,0f,1f],start_interpolation:0}
execute if entity @s[tag=aj.stage.bone.microphone] run data modify entity @s {} merge value {transformation:[-0.576502910269754f,0.2465994707607247f,0.778994926473231f,-28.656048892432878f,0.2621381217925294f,0.9587956463869264f,-0.10951946663749446f,3.3123993883804475f,-0.7739043865708405f,0.14106597566389548f,-0.617391602596281f,0.03554549466494775f,0f,0f,0f,1f],start_interpolation:0}
execute if entity @s[tag=aj.stage.bone.right_bend] run data modify entity @s {} merge value {transformation:[-0.576502910269754f,0.778994926473231f,-0.24659947076072453f,-28.362599895760678f,0.2621381217925294f,-0.10951946663749425f,-0.9587956463869264f,3.148768059018862f,-0.7739043865708405f,-0.617391602596281f,-0.14106597566389562f,-0.24162790513059476f,0f,0f,0f,1f],start_interpolation:0}
execute if entity @s[tag=aj.stage.bone.head] run data modify entity @s {} merge value {transformation:[2.220446049250313e-16f,0f,1f,-28.375f,0f,1f,0f,3.4375f,-1f,0f,2.220446049250313e-16f,0.06249999999999653f,0f,0f,0f,1f],start_interpolation:0}
execute if entity @s[tag=aj.stage.bone.outfit] run data modify entity @s {} merge value {transformation:[2.220446049250313e-16f,0f,1f,-28.375f,0f,1f,0f,2f,-1f,0f,2.220446049250313e-16f,0.06249999999999653f,0f,0f,0f,1f],start_interpolation:0}
execute if entity @s[tag=aj.stage.bone.chest] run data modify entity @s {} merge value {transformation:[2.220446049250313e-16f,0f,1f,-28.36703125f,0f,1f,0f,2.6875f,-1f,0f,2.220446049250313e-16f,0.05156249999999582f,0f,0f,0f,1f],start_interpolation:0}
execute if entity @s[tag=aj.stage.bone.waist] run data modify entity @s {} merge value {transformation:[2.220446049250313e-16f,0f,1f,-28.375f,0f,1f,0f,3.5f,-1f,0f,2.220446049250313e-16f,0.06249999999999653f,0f,0f,0f,1f],start_interpolation:0}
execute if entity @s[tag=aj.stage.bone.right_leg] run data modify entity @s {} merge value {transformation:[2.220446049250313e-16f,0f,1f,-28.3125f,0f,1f,0f,2.6875f,-1f,0f,2.220446049250313e-16f,0.16874999999999585f,0f,0f,0f,1f],start_interpolation:0}
execute if entity @s[tag=aj.stage.bone.left_leg] run data modify entity @s {} merge value {transformation:[2.220446049250313e-16f,0f,1f,-28.3125f,0f,1f,0f,2.6875f,-1f,0f,2.220446049250313e-16f,-0.043750000000002745f,0f,0f,0f,1f],start_interpolation:0}
execute if entity @s[tag=aj.stage.bone.platform] run data modify entity @s {} merge value {transformation:[2f,0f,0f,-28.3125f,0f,2f,0f,3f,0f,0f,2f,-3.4672812500859436e-15f,0f,0f,0f,1f],start_interpolation:0}