execute if entity @s[tag=aj.stage.bone.left_straight] run data modify entity @s {} merge value {transformation:[2.209273915478675e-16f,2.2246218558858175e-17f,1f,-29.11703125f,-0.10018806161207629f,0.9949685182509117f,0f,2.9976642460747387f,-0.9949685182509117f,-0.10018806161207629f,2.220446049250313e-16f,0.09216997755755507f,0f,0f,0f,1f],start_interpolation:0}
execute if entity @s[tag=aj.stage.bone.left_bend] run data modify entity @s {} merge value {transformation:[2.209273915478675e-16f,2.2246218558858175e-17f,1f,-29.0625f,-0.10018806161207629f,0.9949685182509117f,0f,3.045636805655908f,-0.9949685182509117f,-0.10018806161207629f,2.220446049250313e-16f,0.4438205231045251f,0f,0f,0f,1f],start_interpolation:0}
execute if entity @s[tag=aj.stage.bone.right_straight] run data modify entity @s {} merge value {transformation:[-0.576502910269754f,0.2669066772034391f,0.7722727627689087f,-29.016171961686922f,0.2621381217925294f,0.9556002056484896f,-0.13458028112487153f,2.968550907607225f,-0.7739043865708405f,0.12485620781035925f,-0.620872714666724f,0.05554023835075933f,0f,0f,0f,1f],start_interpolation:0}
execute if entity @s[tag=aj.stage.bone.microphone] run data modify entity @s {} merge value {transformation:[-0.576502910269754f,0.2601572485362887f,0.7745725275818471f,-29.40252584719199f,0.2621381217925294f,0.9567382389213985f,-0.1262360776032983f,3.3191265785200414f,-0.7739043865708405f,0.13026952145305762f,-0.6197595116065603f,0.0351997247599129f,0f,0f,0f,1f],start_interpolation:0}
execute if entity @s[tag=aj.stage.bone.right_bend] run data modify entity @s {} merge value {transformation:[-0.576502910269754f,0.7745725275818472f,-0.2601572485362885f,-29.112599895760678f,0.2621381217925294f,-0.12623607760329808f,-0.9567382389213985f,3.148768059018862f,-0.7739043865708405f,-0.6197595116065603f,-0.13026952145305776f,-0.24162790513059484f,0f,0f,0f,1f],start_interpolation:0}
execute if entity @s[tag=aj.stage.bone.head] run data modify entity @s {} merge value {transformation:[2.220446049250313e-16f,0f,1f,-29.125f,0f,1f,0f,3.4375f,-1f,0f,2.220446049250313e-16f,0.06249999999999644f,0f,0f,0f,1f],start_interpolation:0}
execute if entity @s[tag=aj.stage.bone.outfit] run data modify entity @s {} merge value {transformation:[2.220446049250313e-16f,0f,1f,-29.125f,0f,1f,0f,2f,-1f,0f,2.220446049250313e-16f,0.06249999999999644f,0f,0f,0f,1f],start_interpolation:0}
execute if entity @s[tag=aj.stage.bone.chest] run data modify entity @s {} merge value {transformation:[2.220446049250313e-16f,0f,1f,-29.11703125f,0f,1f,0f,2.6875f,-1f,0f,2.220446049250313e-16f,0.05156249999999573f,0f,0f,0f,1f],start_interpolation:0}
execute if entity @s[tag=aj.stage.bone.waist] run data modify entity @s {} merge value {transformation:[2.220446049250313e-16f,0f,1f,-29.125f,0f,1f,0f,3.5f,-1f,0f,2.220446049250313e-16f,0.06249999999999644f,0f,0f,0f,1f],start_interpolation:0}
execute if entity @s[tag=aj.stage.bone.right_leg] run data modify entity @s {} merge value {transformation:[2.220446049250313e-16f,0f,1f,-29.0625f,0f,1f,0f,2.6875f,-1f,0f,2.220446049250313e-16f,0.16874999999999574f,0f,0f,0f,1f],start_interpolation:0}
execute if entity @s[tag=aj.stage.bone.left_leg] run data modify entity @s {} merge value {transformation:[2.220446049250313e-16f,0f,1f,-29.0625f,0f,1f,0f,2.6875f,-1f,0f,2.220446049250313e-16f,-0.043750000000002835f,0f,0f,0f,1f],start_interpolation:0}
execute if entity @s[tag=aj.stage.bone.platform] run data modify entity @s {} merge value {transformation:[2f,0f,0f,-29.0625f,0f,2f,0f,3f,0f,0f,2f,-3.559129760021995e-15f,0f,0f,0f,1f],start_interpolation:0}