execute if entity @s[tag=aj.stage.bone.left_straight] run data modify entity @s {} merge value {transformation:[2.2097539946135323e-16f,2.1764177200358637e-17f,1f,-29.14828125f,-0.0980171403295606f,0.9951847266721969f,0f,2.9983504639538827f,-0.9951847266721969f,-0.0980171403295606f,2.220446049250313e-16f,0.09125205913615564f,0f,0f,0f,1f],start_interpolation:0}
execute if entity @s[tag=aj.stage.bone.left_bend] run data modify entity @s {} merge value {transformation:[2.2097539946135323e-16f,2.1764177200358637e-17f,1f,-29.09375f,-0.0980171403295606f,0.9951847266721969f,0f,3.045555727497926f,-0.9951847266721969f,-0.0980171403295606f,2.220446049250313e-16f,0.44300642762358167f,0f,0f,0f,1f],start_interpolation:0}
execute if entity @s[tag=aj.stage.bone.right_straight] run data modify entity @s {} merge value {transformation:[-0.576502910269754f,0.2669066772034391f,0.7722727627689087f,-29.047421961686922f,0.2621381217925294f,0.9556002056484896f,-0.13458028112487153f,2.968550907607225f,-0.7739043865708405f,0.12485620781035925f,-0.620872714666724f,0.05554023835075933f,0f,0f,0f,1f],start_interpolation:0}
execute if entity @s[tag=aj.stage.bone.microphone] run data modify entity @s {} merge value {transformation:[-0.576502910269754f,0.2635344715280946f,0.7734300076716133f,-29.432881177381006f,0.2621381217925294f,0.9561783244134417f,-0.13040942076778028f,3.3208003170864955f,-0.7739043865708405f,0.12756407894980007f,-0.6203220181551675f,0.03510019170787615f,0f,0f,0f,1f],start_interpolation:0}
execute if entity @s[tag=aj.stage.bone.right_bend] run data modify entity @s {} merge value {transformation:[-0.576502910269754f,0.7734300076716134f,-0.26353447152809445f,-29.143849895760678f,0.2621381217925294f,-0.13040942076778006f,-0.9561783244134417f,3.148768059018862f,-0.7739043865708405f,-0.6203220181551675f,-0.1275640789498002f,-0.24162790513059484f,0f,0f,0f,1f],start_interpolation:0}
execute if entity @s[tag=aj.stage.bone.head] run data modify entity @s {} merge value {transformation:[2.220446049250313e-16f,0f,1f,-29.15625f,0f,1f,0f,3.4375f,-1f,0f,2.220446049250313e-16f,0.06249999999999644f,0f,0f,0f,1f],start_interpolation:0}
execute if entity @s[tag=aj.stage.bone.outfit] run data modify entity @s {} merge value {transformation:[2.220446049250313e-16f,0f,1f,-29.15625f,0f,1f,0f,2f,-1f,0f,2.220446049250313e-16f,0.06249999999999644f,0f,0f,0f,1f],start_interpolation:0}
execute if entity @s[tag=aj.stage.bone.chest] run data modify entity @s {} merge value {transformation:[2.220446049250313e-16f,0f,1f,-29.14828125f,0f,1f,0f,2.6875f,-1f,0f,2.220446049250313e-16f,0.05156249999999573f,0f,0f,0f,1f],start_interpolation:0}
execute if entity @s[tag=aj.stage.bone.waist] run data modify entity @s {} merge value {transformation:[2.220446049250313e-16f,0f,1f,-29.15625f,0f,1f,0f,3.5f,-1f,0f,2.220446049250313e-16f,0.06249999999999644f,0f,0f,0f,1f],start_interpolation:0}
execute if entity @s[tag=aj.stage.bone.right_leg] run data modify entity @s {} merge value {transformation:[2.220446049250313e-16f,0f,1f,-29.09375f,0f,1f,0f,2.6875f,-1f,0f,2.220446049250313e-16f,0.16874999999999574f,0f,0f,0f,1f],start_interpolation:0}
execute if entity @s[tag=aj.stage.bone.left_leg] run data modify entity @s {} merge value {transformation:[2.220446049250313e-16f,0f,1f,-29.09375f,0f,1f,0f,2.6875f,-1f,0f,2.220446049250313e-16f,-0.043750000000002835f,0f,0f,0f,1f],start_interpolation:0}
execute if entity @s[tag=aj.stage.bone.platform] run data modify entity @s {} merge value {transformation:[2f,0f,0f,-29.09375f,0f,2f,0f,3f,0f,0f,2f,-3.5629567812693304e-15f,0f,0f,0f,1f],start_interpolation:0}