execute if entity @s[tag=aj.stage.bone.left_straight] run data modify entity @s {} merge value {transformation:[2.2087833209836176e-16f,2.2728154033248185e-17f,1f,-28.27328125f,-0.10235850603495576f,0.9947475741323987f,0f,2.9969800324144225f,-0.9947475741323987f,-0.10235850603495576f,2.220446049250313e-16f,0.09308939088845603f,0f,0f,0f,1f],start_interpolation:0}
execute if entity @s[tag=aj.stage.bone.left_bend] run data modify entity @s {} merge value {transformation:[2.2087833209836176e-16f,2.2728154033248185e-17f,1f,-28.21875f,-0.10235850603495576f,0.9947475741323987f,0f,3.045719659700351f,-0.9947475741323987f,-0.10235850603495576f,2.220446049250313e-16f,0.44463443976310496f,0f,0f,0f,1f],start_interpolation:0}
execute if entity @s[tag=aj.stage.bone.right_straight] run data modify entity @s {} merge value {transformation:[-0.576502910269754f,0.2669066772034391f,0.7722727627689087f,-28.172421961686922f,0.2621381217925294f,0.9556002056484896f,-0.13458028112487153f,2.968550907607225f,-0.7739043865708405f,0.12485620781035925f,-0.620872714666724f,0.05554023835075944f,0f,0f,0f,1f],start_interpolation:0}
execute if entity @s[tag=aj.stage.bone.microphone] run data modify entity @s {} merge value {transformation:[-0.576502910269754f,0.2567750725254796f,0.7757003007476782f,-28.5596649704773f,0.2621381217925294f,0.9572799385123946f,-0.1220603310858646f,3.3174495844080334f,-0.7739043865708405f,0.13297248381240587f,-0.6191852057302163f,0.03529402332709852f,0f,0f,0f,1f],start_interpolation:0}
execute if entity @s[tag=aj.stage.bone.right_bend] run data modify entity @s {} merge value {transformation:[-0.576502910269754f,0.7757003007476783f,-0.25677507252547943f,-28.268849895760678f,0.2621381217925294f,-0.1220603310858644f,-0.9572799385123946f,3.148768059018862f,-0.7739043865708405f,-0.6191852057302163f,-0.132972483812406f,-0.24162790513059473f,0f,0f,0f,1f],start_interpolation:0}
execute if entity @s[tag=aj.stage.bone.head] run data modify entity @s {} merge value {transformation:[2.220446049250313e-16f,0f,1f,-28.28125f,0f,1f,0f,3.4375f,-1f,0f,2.220446049250313e-16f,0.062499999999996544f,0f,0f,0f,1f],start_interpolation:0}
execute if entity @s[tag=aj.stage.bone.outfit] run data modify entity @s {} merge value {transformation:[2.220446049250313e-16f,0f,1f,-28.28125f,0f,1f,0f,2f,-1f,0f,2.220446049250313e-16f,0.062499999999996544f,0f,0f,0f,1f],start_interpolation:0}
execute if entity @s[tag=aj.stage.bone.chest] run data modify entity @s {} merge value {transformation:[2.220446049250313e-16f,0f,1f,-28.27328125f,0f,1f,0f,2.6875f,-1f,0f,2.220446049250313e-16f,0.051562499999995834f,0f,0f,0f,1f],start_interpolation:0}
execute if entity @s[tag=aj.stage.bone.waist] run data modify entity @s {} merge value {transformation:[2.220446049250313e-16f,0f,1f,-28.28125f,0f,1f,0f,3.5f,-1f,0f,2.220446049250313e-16f,0.062499999999996544f,0f,0f,0f,1f],start_interpolation:0}
execute if entity @s[tag=aj.stage.bone.right_leg] run data modify entity @s {} merge value {transformation:[2.220446049250313e-16f,0f,1f,-28.21875f,0f,1f,0f,2.6875f,-1f,0f,2.220446049250313e-16f,0.16874999999999585f,0f,0f,0f,1f],start_interpolation:0}
execute if entity @s[tag=aj.stage.bone.left_leg] run data modify entity @s {} merge value {transformation:[2.220446049250313e-16f,0f,1f,-28.21875f,0f,1f,0f,2.6875f,-1f,0f,2.220446049250313e-16f,-0.04375000000000273f,0f,0f,0f,1f],start_interpolation:0}
execute if entity @s[tag=aj.stage.bone.platform] run data modify entity @s {} merge value {transformation:[2f,0f,0f,-28.21875f,0f,2f,0f,3f,0f,0f,2f,-3.455800186343937e-15f,0f,0f,0f,1f],start_interpolation:0}