execute if entity @s[tag=aj.stage.bone.left_straight] run data modify entity @s {} merge value {transformation:[2.2077705953031638e-16f,2.3691698154846872e-17f,1f,-29.02328125f,-0.10669792298194264f,0.9942914830326867f,0f,2.9956176307671765f,-0.9942914830326867f,-0.10669792298194264f,2.220446049250313e-16f,0.09493268476734246f,0f,0f,0f,1f],start_interpolation:0}
execute if entity @s[tag=aj.stage.bone.left_bend] run data modify entity @s {} merge value {transformation:[2.2077705953031638e-16f,2.3691698154846872e-17f,1f,-28.96875f,-0.10669792298194264f,0.9942914830326867f,0f,3.045890693862743f,-0.9942914830326867f,-0.10669792298194264f,2.220446049250313e-16f,0.44626172111822493f,0f,0f,0f,1f],start_interpolation:0}
execute if entity @s[tag=aj.stage.bone.right_straight] run data modify entity @s {} merge value {transformation:[-0.576502910269754f,0.2669066772034391f,0.7722727627689087f,-28.922421961686922f,0.2621381217925294f,0.9556002056484896f,-0.13458028112487153f,2.968550907607225f,-0.7739043865708405f,0.12485620781035925f,-0.620872714666724f,0.05554023835075933f,0f,0f,0f,1f],start_interpolation:0}
execute if entity @s[tag=aj.stage.bone.microphone] run data modify entity @s {} merge value {transformation:[-0.576502910269754f,0.24999611910694672f,0.7779115212425957f,-29.311426509866333f,0.2621381217925294f,0.95830865203777f,-0.11370194603716097f,3.3140859573189307f,-0.7739043865708405f,0.13837076230554549f,-0.6180012399545758f,0.035466909925371604f,0f,0f,0f,1f],start_interpolation:0}
execute if entity @s[tag=aj.stage.bone.right_bend] run data modify entity @s {} merge value {transformation:[-0.576502910269754f,0.7779115212425957f,-0.24999611910694655f,-29.018849895760678f,0.2621381217925294f,-0.11370194603716076f,-0.95830865203777f,3.148768059018862f,-0.7739043865708405f,-0.6180012399545758f,-0.13837076230554562f,-0.24162790513059484f,0f,0f,0f,1f],start_interpolation:0}
execute if entity @s[tag=aj.stage.bone.head] run data modify entity @s {} merge value {transformation:[2.220446049250313e-16f,0f,1f,-29.03125f,0f,1f,0f,3.4375f,-1f,0f,2.220446049250313e-16f,0.062499999999996454f,0f,0f,0f,1f],start_interpolation:0}
execute if entity @s[tag=aj.stage.bone.outfit] run data modify entity @s {} merge value {transformation:[2.220446049250313e-16f,0f,1f,-29.03125f,0f,1f,0f,2f,-1f,0f,2.220446049250313e-16f,0.062499999999996454f,0f,0f,0f,1f],start_interpolation:0}
execute if entity @s[tag=aj.stage.bone.chest] run data modify entity @s {} merge value {transformation:[2.220446049250313e-16f,0f,1f,-29.02328125f,0f,1f,0f,2.6875f,-1f,0f,2.220446049250313e-16f,0.051562499999995744f,0f,0f,0f,1f],start_interpolation:0}
execute if entity @s[tag=aj.stage.bone.waist] run data modify entity @s {} merge value {transformation:[2.220446049250313e-16f,0f,1f,-29.03125f,0f,1f,0f,3.5f,-1f,0f,2.220446049250313e-16f,0.062499999999996454f,0f,0f,0f,1f],start_interpolation:0}
execute if entity @s[tag=aj.stage.bone.right_leg] run data modify entity @s {} merge value {transformation:[2.220446049250313e-16f,0f,1f,-28.96875f,0f,1f,0f,2.6875f,-1f,0f,2.220446049250313e-16f,0.16874999999999576f,0f,0f,0f,1f],start_interpolation:0}
execute if entity @s[tag=aj.stage.bone.left_leg] run data modify entity @s {} merge value {transformation:[2.220446049250313e-16f,0f,1f,-28.96875f,0f,1f,0f,2.6875f,-1f,0f,2.220446049250313e-16f,-0.04375000000000282f,0f,0f,0f,1f],start_interpolation:0}
execute if entity @s[tag=aj.stage.bone.platform] run data modify entity @s {} merge value {transformation:[2f,0f,0f,-28.96875f,0f,2f,0f,3f,0f,0f,2f,-3.547648696279989e-15f,0f,0f,0f,1f],start_interpolation:0}