execute if entity @s[tag=aj.stage.bone.left_straight] run data modify entity @s {} merge value {transformation:[2.2106825977126813e-16f,2.0799786008907574e-17f,1f,-28.14828125f,-0.0936739085191022f,0.9956029323293272f,0f,2.999728899294517f,-0.9956029323293272f,-0.0936739085191022f,2.220446049250313e-16f,0.08942072449058969f,0f,0f,0f,1f],start_interpolation:0}
execute if entity @s[tag=aj.stage.bone.left_bend] run data modify entity @s {} merge value {transformation:[2.2106825977126813e-16f,2.0799786008907574e-17f,1f,-28.09375f,-0.0936739085191022f,0.9956029323293272f,0f,3.0453989003765027f,-0.9956029323293272f,-0.0936739085191022f,2.220446049250313e-16f,0.4413777156946599f,0f,0f,0f,1f],start_interpolation:0}
execute if entity @s[tag=aj.stage.bone.right_straight] run data modify entity @s {} merge value {transformation:[-0.576502910269754f,0.2669066772034391f,0.7722727627689087f,-28.047421961686922f,0.2621381217925294f,0.9556002056484896f,-0.13458028112487153f,2.968550907607225f,-0.7739043865708405f,0.12485620781035925f,-0.620872714666724f,0.05554023835075944f,0f,0f,0f,1f],start_interpolation:0}
execute if entity @s[tag=aj.stage.bone.microphone] run data modify entity @s {} merge value {transformation:[-0.576502910269754f,0.2702738013603876f,0.771100814906008f,-28.431075266420198f,0.2621381217925294f,0.9550038936330899f,-0.13874857926740392f,3.3241379001830507f,-0.7739043865708405f,0.12214595958869778f,-0.621411590656762f,0.03488542982873333f,0f,0f,0f,1f],start_interpolation:0}
execute if entity @s[tag=aj.stage.bone.right_bend] run data modify entity @s {} merge value {transformation:[-0.576502910269754f,0.7711008149060081f,-0.2702738013603874f,-28.143849895760678f,0.2621381217925294f,-0.1387485792674037f,-0.9550038936330899f,3.148768059018862f,-0.7739043865708405f,-0.621411590656762f,-0.12214595958869792f,-0.24162790513059473f,0f,0f,0f,1f],start_interpolation:0}
execute if entity @s[tag=aj.stage.bone.head] run data modify entity @s {} merge value {transformation:[2.220446049250313e-16f,0f,1f,-28.15625f,0f,1f,0f,3.4375f,-1f,0f,2.220446049250313e-16f,0.06249999999999656f,0f,0f,0f,1f],start_interpolation:0}
execute if entity @s[tag=aj.stage.bone.outfit] run data modify entity @s {} merge value {transformation:[2.220446049250313e-16f,0f,1f,-28.15625f,0f,1f,0f,2f,-1f,0f,2.220446049250313e-16f,0.06249999999999656f,0f,0f,0f,1f],start_interpolation:0}
execute if entity @s[tag=aj.stage.bone.chest] run data modify entity @s {} merge value {transformation:[2.220446049250313e-16f,0f,1f,-28.14828125f,0f,1f,0f,2.6875f,-1f,0f,2.220446049250313e-16f,0.05156249999999585f,0f,0f,0f,1f],start_interpolation:0}
execute if entity @s[tag=aj.stage.bone.waist] run data modify entity @s {} merge value {transformation:[2.220446049250313e-16f,0f,1f,-28.15625f,0f,1f,0f,3.5f,-1f,0f,2.220446049250313e-16f,0.06249999999999656f,0f,0f,0f,1f],start_interpolation:0}
execute if entity @s[tag=aj.stage.bone.right_leg] run data modify entity @s {} merge value {transformation:[2.220446049250313e-16f,0f,1f,-28.09375f,0f,1f,0f,2.6875f,-1f,0f,2.220446049250313e-16f,0.16874999999999585f,0f,0f,0f,1f],start_interpolation:0}
execute if entity @s[tag=aj.stage.bone.left_leg] run data modify entity @s {} merge value {transformation:[2.220446049250313e-16f,0f,1f,-28.09375f,0f,1f,0f,2.6875f,-1f,0f,2.220446049250313e-16f,-0.04375000000000272f,0f,0f,0f,1f],start_interpolation:0}
execute if entity @s[tag=aj.stage.bone.platform] run data modify entity @s {} merge value {transformation:[2f,0f,0f,-28.09375f,0f,2f,0f,3f,0f,0f,2f,-3.4404921013545953e-15f,0f,0f,0f,1f],start_interpolation:0}