execute if entity @s[tag=aj.stage.bone.left_straight] run data modify entity @s {} merge value {transformation:[2.2106825977126813e-16f,2.0799786008907574e-17f,1f,-29.21078125f,-0.0936739085191022f,0.9956029323293272f,0f,2.999728899294517f,-0.9956029323293272f,-0.0936739085191022f,2.220446049250313e-16f,0.08942072449058958f,0f,0f,0f,1f],start_interpolation:0}
execute if entity @s[tag=aj.stage.bone.left_bend] run data modify entity @s {} merge value {transformation:[2.2106825977126813e-16f,2.0799786008907574e-17f,1f,-29.15625f,-0.0936739085191022f,0.9956029323293272f,0f,3.0453989003765027f,-0.9956029323293272f,-0.0936739085191022f,2.220446049250313e-16f,0.4413777156946598f,0f,0f,0f,1f],start_interpolation:0}
execute if entity @s[tag=aj.stage.bone.right_straight] run data modify entity @s {} merge value {transformation:[-0.576502910269754f,0.2669066772034391f,0.7722727627689087f,-29.109921961686922f,0.2621381217925294f,0.9556002056484896f,-0.13458028112487153f,2.968550907607225f,-0.7739043865708405f,0.12485620781035925f,-0.620872714666724f,0.0555402383507593f,0f,0f,0f,1f],start_interpolation:0}
execute if entity @s[tag=aj.stage.bone.microphone] run data modify entity @s {} merge value {transformation:[-0.576502910269754f,0.2702738013603876f,0.771100814906008f,-29.493575266420198f,0.2621381217925294f,0.9550038936330899f,-0.13874857926740392f,3.3241379001830507f,-0.7739043865708405f,0.12214595958869778f,-0.621411590656762f,0.03488542982873319f,0f,0f,0f,1f],start_interpolation:0}
execute if entity @s[tag=aj.stage.bone.right_bend] run data modify entity @s {} merge value {transformation:[-0.576502910269754f,0.7711008149060081f,-0.2702738013603874f,-29.206349895760678f,0.2621381217925294f,-0.1387485792674037f,-0.9550038936330899f,3.148768059018862f,-0.7739043865708405f,-0.621411590656762f,-0.12214595958869792f,-0.24162790513059487f,0f,0f,0f,1f],start_interpolation:0}
execute if entity @s[tag=aj.stage.bone.head] run data modify entity @s {} merge value {transformation:[2.220446049250313e-16f,0f,1f,-29.21875f,0f,1f,0f,3.4375f,-1f,0f,2.220446049250313e-16f,0.062499999999996426f,0f,0f,0f,1f],start_interpolation:0}
execute if entity @s[tag=aj.stage.bone.outfit] run data modify entity @s {} merge value {transformation:[2.220446049250313e-16f,0f,1f,-29.21875f,0f,1f,0f,2f,-1f,0f,2.220446049250313e-16f,0.062499999999996426f,0f,0f,0f,1f],start_interpolation:0}
execute if entity @s[tag=aj.stage.bone.chest] run data modify entity @s {} merge value {transformation:[2.220446049250313e-16f,0f,1f,-29.21078125f,0f,1f,0f,2.6875f,-1f,0f,2.220446049250313e-16f,0.051562499999995716f,0f,0f,0f,1f],start_interpolation:0}
execute if entity @s[tag=aj.stage.bone.waist] run data modify entity @s {} merge value {transformation:[2.220446049250313e-16f,0f,1f,-29.21875f,0f,1f,0f,3.5f,-1f,0f,2.220446049250313e-16f,0.062499999999996426f,0f,0f,0f,1f],start_interpolation:0}
execute if entity @s[tag=aj.stage.bone.right_leg] run data modify entity @s {} merge value {transformation:[2.220446049250313e-16f,0f,1f,-29.15625f,0f,1f,0f,2.6875f,-1f,0f,2.220446049250313e-16f,0.16874999999999574f,0f,0f,0f,1f],start_interpolation:0}
execute if entity @s[tag=aj.stage.bone.left_leg] run data modify entity @s {} merge value {transformation:[2.220446049250313e-16f,0f,1f,-29.15625f,0f,1f,0f,2.6875f,-1f,0f,2.220446049250313e-16f,-0.04375000000000285f,0f,0f,0f,1f],start_interpolation:0}
execute if entity @s[tag=aj.stage.bone.platform] run data modify entity @s {} merge value {transformation:[2f,0f,0f,-29.15625f,0f,2f,0f,3f,0f,0f,2f,-3.5706108237640014e-15f,0f,0f,0f,1f],start_interpolation:0}