execute if entity @s[tag=aj.stage.bone.left_straight] run data modify entity @s {} merge value {transformation:[2.2115691126018005e-16f,1.9834998819513156e-17f,1f,-28.08578125f,-0.08932889329245368f,0.9960021831417567f,0f,3.001115312192902f,-0.9960021831417567f,-0.08932889329245368f,2.220446049250313e-16f,0.08759542181772978f,0f,0f,0f,1f],start_interpolation:0}
execute if entity @s[tag=aj.stage.bone.left_bend] run data modify entity @s {} merge value {transformation:[2.2115691126018005e-16f,1.9834998819513156e-17f,1f,-28.03125f,-0.08932889329245368f,0.9960021831417567f,0f,3.045249181321841f,-0.9960021831417567f,-0.08932889329245368f,2.220446049250313e-16f,0.4397483349846667f,0f,0f,0f,1f],start_interpolation:0}
execute if entity @s[tag=aj.stage.bone.right_straight] run data modify entity @s {} merge value {transformation:[-0.576502910269754f,0.2669066772034391f,0.7722727627689087f,-27.984921961686922f,0.2621381217925294f,0.9556002056484896f,-0.13458028112487153f,2.968550907607225f,-0.7739043865708405f,0.12485620781035925f,-0.620872714666724f,0.05554023835075944f,0f,0f,0f,1f],start_interpolation:0}
execute if entity @s[tag=aj.stage.bone.microphone] run data modify entity @s {} merge value {transformation:[-0.576502910269754f,0.27699254879629914f,0.7687128998279096f,-28.366747375121985f,0.2621381217925294f,0.9537567356087899f,-0.147077171525529f,3.3274620795278236f,-0.7739043865708405f,0.11671853833986574f,-0.622453840259835f,0.03464975404461812f,0f,0f,0f,1f],start_interpolation:0}
execute if entity @s[tag=aj.stage.bone.right_bend] run data modify entity @s {} merge value {transformation:[-0.576502910269754f,0.7687128998279097f,-0.276992548796299f,-28.081349895760678f,0.2621381217925294f,-0.14707717152552877f,-0.9537567356087899f,3.148768059018862f,-0.7739043865708405f,-0.622453840259835f,-0.11671853833986588f,-0.24162790513059473f,0f,0f,0f,1f],start_interpolation:0}
execute if entity @s[tag=aj.stage.bone.head] run data modify entity @s {} merge value {transformation:[2.220446049250313e-16f,0f,1f,-28.09375f,0f,1f,0f,3.4375f,-1f,0f,2.220446049250313e-16f,0.062499999999996565f,0f,0f,0f,1f],start_interpolation:0}
execute if entity @s[tag=aj.stage.bone.outfit] run data modify entity @s {} merge value {transformation:[2.220446049250313e-16f,0f,1f,-28.09375f,0f,1f,0f,2f,-1f,0f,2.220446049250313e-16f,0.062499999999996565f,0f,0f,0f,1f],start_interpolation:0}
execute if entity @s[tag=aj.stage.bone.chest] run data modify entity @s {} merge value {transformation:[2.220446049250313e-16f,0f,1f,-28.08578125f,0f,1f,0f,2.6875f,-1f,0f,2.220446049250313e-16f,0.051562499999995855f,0f,0f,0f,1f],start_interpolation:0}
execute if entity @s[tag=aj.stage.bone.waist] run data modify entity @s {} merge value {transformation:[2.220446049250313e-16f,0f,1f,-28.09375f,0f,1f,0f,3.5f,-1f,0f,2.220446049250313e-16f,0.062499999999996565f,0f,0f,0f,1f],start_interpolation:0}
execute if entity @s[tag=aj.stage.bone.right_leg] run data modify entity @s {} merge value {transformation:[2.220446049250313e-16f,0f,1f,-28.03125f,0f,1f,0f,2.6875f,-1f,0f,2.220446049250313e-16f,0.16874999999999588f,0f,0f,0f,1f],start_interpolation:0}
execute if entity @s[tag=aj.stage.bone.left_leg] run data modify entity @s {} merge value {transformation:[2.220446049250313e-16f,0f,1f,-28.03125f,0f,1f,0f,2.6875f,-1f,0f,2.220446049250313e-16f,-0.04375000000000271f,0f,0f,0f,1f],start_interpolation:0}
execute if entity @s[tag=aj.stage.bone.platform] run data modify entity @s {} merge value {transformation:[2f,0f,0f,-28.03125f,0f,2f,0f,3f,0f,0f,2f,-3.4328380588599244e-15f,0f,0f,0f,1f],start_interpolation:0}