execute if entity @s[tag=aj.stage.bone.left_straight] run data modify entity @s {} merge value {transformation:[2.2026934713530787e-16f,2.802180024371154e-17f,1f,-28.74203125f,-0.12619896913582976f,0.992004949679715f,0f,2.989586885133746f,-0.992004949679715f,-0.12619896913582976f,2.220446049250313e-16f,0.10330034495060597f,0f,0f,0f,1f],start_interpolation:0}
execute if entity @s[tag=aj.stage.bone.left_bend] run data modify entity @s {} merge value {transformation:[2.2026934713530787e-16f,2.802180024371154e-17f,1f,-28.6875f,-0.12619896913582976f,0.992004949679715f,0f,3.046748143870107f,-0.992004949679715f,-0.12619896913582976f,2.220446049250313e-16f,0.45357461342593264f,0f,0f,0f,1f],start_interpolation:0}
execute if entity @s[tag=aj.stage.bone.right_straight] run data modify entity @s {} merge value {transformation:[-0.576502910269754f,0.2669066772034391f,0.7722727627689087f,-28.641171961686922f,0.2621381217925294f,0.9556002056484896f,-0.13458028112487153f,2.968550907607225f,-0.7739043865708405f,0.12485620781035925f,-0.620872714666724f,0.055540238350759386f,0f,0f,0f,1f],start_interpolation:0}
execute if entity @s[tag=aj.stage.bone.microphone] run data modify entity @s {} merge value {transformation:[-0.576502910269754f,0.21926271815831416f,0.7871265812284144f,-29.03782449076212f,0.2621381217925294f,0.9620337482497135f,-0.07599126483808272f,3.298796957544788f,-0.7739043865708405f,0.162526698281957f,-0.6120923727608248f,0.03598538942515539f,0f,0f,0f,1f],start_interpolation:0}
execute if entity @s[tag=aj.stage.bone.right_bend] run data modify entity @s {} merge value {transformation:[-0.576502910269754f,0.7871265812284144f,-0.219262718158314f,-28.737599895760678f,0.2621381217925294f,-0.07599126483808251f,-0.9620337482497135f,3.148768059018862f,-0.7739043865708405f,-0.6120923727608248f,-0.16252669828195715f,-0.2416279051305948f,0f,0f,0f,1f],start_interpolation:0}
execute if entity @s[tag=aj.stage.bone.head] run data modify entity @s {} merge value {transformation:[2.220446049250313e-16f,0f,1f,-28.75f,0f,1f,0f,3.4375f,-1f,0f,2.220446049250313e-16f,0.06249999999999649f,0f,0f,0f,1f],start_interpolation:0}
execute if entity @s[tag=aj.stage.bone.outfit] run data modify entity @s {} merge value {transformation:[2.220446049250313e-16f,0f,1f,-28.75f,0f,1f,0f,2f,-1f,0f,2.220446049250313e-16f,0.06249999999999649f,0f,0f,0f,1f],start_interpolation:0}
execute if entity @s[tag=aj.stage.bone.chest] run data modify entity @s {} merge value {transformation:[2.220446049250313e-16f,0f,1f,-28.74203125f,0f,1f,0f,2.6875f,-1f,0f,2.220446049250313e-16f,0.05156249999999578f,0f,0f,0f,1f],start_interpolation:0}
execute if entity @s[tag=aj.stage.bone.waist] run data modify entity @s {} merge value {transformation:[2.220446049250313e-16f,0f,1f,-28.75f,0f,1f,0f,3.5f,-1f,0f,2.220446049250313e-16f,0.06249999999999649f,0f,0f,0f,1f],start_interpolation:0}
execute if entity @s[tag=aj.stage.bone.right_leg] run data modify entity @s {} merge value {transformation:[2.220446049250313e-16f,0f,1f,-28.6875f,0f,1f,0f,2.6875f,-1f,0f,2.220446049250313e-16f,0.1687499999999958f,0f,0f,0f,1f],start_interpolation:0}
execute if entity @s[tag=aj.stage.bone.left_leg] run data modify entity @s {} merge value {transformation:[2.220446049250313e-16f,0f,1f,-28.6875f,0f,1f,0f,2.6875f,-1f,0f,2.220446049250313e-16f,-0.04375000000000279f,0f,0f,0f,1f],start_interpolation:0}
execute if entity @s[tag=aj.stage.bone.platform] run data modify entity @s {} merge value {transformation:[2f,0f,0f,-28.6875f,0f,2f,0f,3f,0f,0f,2f,-3.5132055050539697e-15f,0f,0f,0f,1f],start_interpolation:0}