execute if entity @s[tag=aj.stage.bone.left_straight] run data modify entity @s {} merge value {transformation:[2.203299569694044e-16f,2.7541180769415995e-17f,1f,-28.77328125f,-0.12403445145048535f,0.992277912105967f,0f,2.9902488395600937f,-0.992277912105967f,-0.12403445145048535f,2.220446049250313e-16f,0.10236477798697369f,0f,0f,0f,1f],start_interpolation:0}
execute if entity @s[tag=aj.stage.bone.left_bend] run data modify entity @s {} merge value {transformation:[2.203299569694044e-16f,2.7541180769415995e-17f,1f,-28.71875f,-0.12403445145048535f,0.992277912105967f,0f,3.0466457829602627f,-0.992277912105967f,-0.12403445145048535f,2.220446049250313e-16f,0.45276291929392853f,0f,0f,0f,1f],start_interpolation:0}
execute if entity @s[tag=aj.stage.bone.right_straight] run data modify entity @s {} merge value {transformation:[-0.576502910269754f,0.2669066772034391f,0.7722727627689087f,-28.672421961686922f,0.2621381217925294f,0.9556002056484896f,-0.13458028112487153f,2.968550907607225f,-0.7739043865708405f,0.12485620781035925f,-0.620872714666724f,0.05554023835075936f,0f,0f,0f,1f],start_interpolation:0}
execute if entity @s[tag=aj.stage.bone.microphone] run data modify entity @s {} merge value {transformation:[-0.576502910269754f,0.2226951076554123f,0.7861623772967313f,-29.06824747302313f,0.2621381217925294f,0.9616930169903736f,-0.08018819224198857f,3.300507642239856f,-0.7739043865708405f,0.15985440281173804f,-0.6127957003342251f,0.03594876673516886f,0f,0f,0f,1f],start_interpolation:0}
execute if entity @s[tag=aj.stage.bone.right_bend] run data modify entity @s {} merge value {transformation:[-0.576502910269754f,0.7861623772967313f,-0.22269510765541214f,-28.768849895760678f,0.2621381217925294f,-0.08018819224198837f,-0.9616930169903736f,3.148768059018862f,-0.7739043865708405f,-0.6127957003342251f,-0.15985440281173818f,-0.24162790513059482f,0f,0f,0f,1f],start_interpolation:0}
execute if entity @s[tag=aj.stage.bone.head] run data modify entity @s {} merge value {transformation:[2.220446049250313e-16f,0f,1f,-28.78125f,0f,1f,0f,3.4375f,-1f,0f,2.220446049250313e-16f,0.06249999999999648f,0f,0f,0f,1f],start_interpolation:0}
execute if entity @s[tag=aj.stage.bone.outfit] run data modify entity @s {} merge value {transformation:[2.220446049250313e-16f,0f,1f,-28.78125f,0f,1f,0f,2f,-1f,0f,2.220446049250313e-16f,0.06249999999999648f,0f,0f,0f,1f],start_interpolation:0}
execute if entity @s[tag=aj.stage.bone.chest] run data modify entity @s {} merge value {transformation:[2.220446049250313e-16f,0f,1f,-28.77328125f,0f,1f,0f,2.6875f,-1f,0f,2.220446049250313e-16f,0.05156249999999577f,0f,0f,0f,1f],start_interpolation:0}
execute if entity @s[tag=aj.stage.bone.waist] run data modify entity @s {} merge value {transformation:[2.220446049250313e-16f,0f,1f,-28.78125f,0f,1f,0f,3.5f,-1f,0f,2.220446049250313e-16f,0.06249999999999648f,0f,0f,0f,1f],start_interpolation:0}
execute if entity @s[tag=aj.stage.bone.right_leg] run data modify entity @s {} merge value {transformation:[2.220446049250313e-16f,0f,1f,-28.71875f,0f,1f,0f,2.6875f,-1f,0f,2.220446049250313e-16f,0.1687499999999958f,0f,0f,0f,1f],start_interpolation:0}
execute if entity @s[tag=aj.stage.bone.left_leg] run data modify entity @s {} merge value {transformation:[2.220446049250313e-16f,0f,1f,-28.71875f,0f,1f,0f,2.6875f,-1f,0f,2.220446049250313e-16f,-0.043750000000002794f,0f,0f,0f,1f],start_interpolation:0}
execute if entity @s[tag=aj.stage.bone.platform] run data modify entity @s {} merge value {transformation:[2f,0f,0f,-28.71875f,0f,2f,0f,3f,0f,0f,2f,-3.517032526301305e-15f,0f,0f,0f,1f],start_interpolation:0}