execute if entity @s[tag=aj.stage.bone.left_straight] run data modify entity @s {} merge value {transformation:[2.2102235561031832e-16f,2.1282032252095458e-17f,1f,-28.17953125f,-0.09584575252022398f,0.9953961983671789f,0f,2.9990386827857014f,-0.9953961983671789f,-0.09584575252022398f,2.220446049250313e-16f,0.09033563999322392f,0f,0f,0f,1f],start_interpolation:0}
execute if entity @s[tag=aj.stage.bone.left_bend] run data modify entity @s {} merge value {transformation:[2.2102235561031832e-16f,2.1282032252095458e-17f,1f,-28.125f,-0.09584575252022398f,0.9953961983671789f,0f,3.045476425612308f,-0.9953961983671789f,-0.09584575252022398f,2.220446049250313e-16f,0.44219215719508054f,0f,0f,0f,1f],start_interpolation:0}
execute if entity @s[tag=aj.stage.bone.right_straight] run data modify entity @s {} merge value {transformation:[-0.576502910269754f,0.2669066772034391f,0.7722727627689087f,-28.078671961686922f,0.2621381217925294f,0.9556002056484896f,-0.13458028112487153f,2.968550907607225f,-0.7739043865708405f,0.12485620781035925f,-0.620872714666724f,0.05554023835075944f,0f,0f,0f,1f],start_interpolation:0}
execute if entity @s[tag=aj.stage.bone.microphone] run data modify entity @s {} merge value {transformation:[-0.576502910269754f,0.2669066772034391f,0.7722727627689087f,-28.463230978077576f,0.2621381217925294f,0.9556002056484896f,-0.13458028112487153f,3.3224707682418257f,-0.7739043865708405f,0.12485620781035925f,-0.620872714666724f,0.03499542606595418f,0f,0f,0f,1f],start_interpolation:0}
execute if entity @s[tag=aj.stage.bone.right_bend] run data modify entity @s {} merge value {transformation:[-0.576502910269754f,0.7722727627689088f,-0.2669066772034389f,-28.175099895760678f,0.2621381217925294f,-0.1345802811248713f,-0.9556002056484896f,3.148768059018862f,-0.7739043865708405f,-0.620872714666724f,-0.12485620781035939f,-0.24162790513059473f,0f,0f,0f,1f],start_interpolation:0}
execute if entity @s[tag=aj.stage.bone.head] run data modify entity @s {} merge value {transformation:[2.220446049250313e-16f,0f,1f,-28.1875f,0f,1f,0f,3.4375f,-1f,0f,2.220446049250313e-16f,0.06249999999999656f,0f,0f,0f,1f],start_interpolation:0}
execute if entity @s[tag=aj.stage.bone.outfit] run data modify entity @s {} merge value {transformation:[2.220446049250313e-16f,0f,1f,-28.1875f,0f,1f,0f,2f,-1f,0f,2.220446049250313e-16f,0.06249999999999656f,0f,0f,0f,1f],start_interpolation:0}
execute if entity @s[tag=aj.stage.bone.chest] run data modify entity @s {} merge value {transformation:[2.220446049250313e-16f,0f,1f,-28.17953125f,0f,1f,0f,2.6875f,-1f,0f,2.220446049250313e-16f,0.05156249999999585f,0f,0f,0f,1f],start_interpolation:0}
execute if entity @s[tag=aj.stage.bone.waist] run data modify entity @s {} merge value {transformation:[2.220446049250313e-16f,0f,1f,-28.1875f,0f,1f,0f,3.5f,-1f,0f,2.220446049250313e-16f,0.06249999999999656f,0f,0f,0f,1f],start_interpolation:0}
execute if entity @s[tag=aj.stage.bone.right_leg] run data modify entity @s {} merge value {transformation:[2.220446049250313e-16f,0f,1f,-28.125f,0f,1f,0f,2.6875f,-1f,0f,2.220446049250313e-16f,0.16874999999999585f,0f,0f,0f,1f],start_interpolation:0}
execute if entity @s[tag=aj.stage.bone.left_leg] run data modify entity @s {} merge value {transformation:[2.220446049250313e-16f,0f,1f,-28.125f,0f,1f,0f,2.6875f,-1f,0f,2.220446049250313e-16f,-0.04375000000000272f,0f,0f,0f,1f],start_interpolation:0}
execute if entity @s[tag=aj.stage.bone.platform] run data modify entity @s {} merge value {transformation:[2f,0f,0f,-28.125f,0f,2f,0f,3f,0f,0f,2f,-3.4443191226019308e-15f,0f,0f,0f,1f],start_interpolation:0}