execute if entity @s[tag=aj.stage.bone.left_straight] run data modify entity @s {} merge value {transformation:[2.2119965816619248e-16f,1.9352462465351423e-17f,1f,-32.80453125f,-0.08715574274765818f,0.9961946980917455f,0f,3.0018115019836387f,-0.9961946980917455f,-0.08715574274765818f,2.220446049250313e-16f,0.08668504333529686f,0f,0f,0f,1f],start_interpolation:0}
execute if entity @s[tag=aj.stage.bone.left_bend] run data modify entity @s {} merge value {transformation:[2.2119965816619248e-16f,1.9352462465351423e-17f,1f,-32.75f,-0.08715574274765818f,0.9961946980917455f,0f,3.0451769882155957f,-0.9961946980917455f,-0.08715574274765818f,2.220446049250313e-16f,0.4389334035303678f,0f,0f,0f,1f],start_interpolation:0}
execute if entity @s[tag=aj.stage.bone.right_straight] run data modify entity @s {} merge value {transformation:[-0.576502910269754f,0.2669066772034391f,0.7722727627689087f,-32.70367196168692f,0.2621381217925294f,0.9556002056484896f,-0.13458028112487153f,2.968550907607225f,-0.7739043865708405f,0.12485620781035925f,-0.620872714666724f,0.055540238350758886f,0f,0f,0f,1f],start_interpolation:0}
execute if entity @s[tag=aj.stage.bone.microphone] run data modify entity @s {} merge value {transformation:[-0.576502910269754f,0.28034404415999636f,0.7674969780751726f,-33.08457523028157f,0.2621381217925294f,0.9531059133439806f,-0.15123730707673125f,3.3291190636437893f,-0.7739043865708405f,0.11400146864297181f,-0.6229571940299401f,0.034524078984650486f,0f,0f,0f,1f],start_interpolation:0}
execute if entity @s[tag=aj.stage.bone.right_bend] run data modify entity @s {} merge value {transformation:[-0.576502910269754f,0.7674969780751727f,-0.2803440441599962f,-32.80009989576068f,0.2621381217925294f,-0.15123730707673103f,-0.9531059133439806f,3.148768059018862f,-0.7739043865708405f,-0.6229571940299401f,-0.11400146864297195f,-0.2416279051305953f,0f,0f,0f,1f],start_interpolation:0}
execute if entity @s[tag=aj.stage.bone.head] run data modify entity @s {} merge value {transformation:[2.220446049250313e-16f,0f,1f,-32.8125f,0f,1f,0f,3.4375f,-1f,0f,2.220446049250313e-16f,0.06249999999999599f,0f,0f,0f,1f],start_interpolation:0}
execute if entity @s[tag=aj.stage.bone.outfit] run data modify entity @s {} merge value {transformation:[2.220446049250313e-16f,0f,1f,-32.8125f,0f,1f,0f,2f,-1f,0f,2.220446049250313e-16f,0.06249999999999599f,0f,0f,0f,1f],start_interpolation:0}
execute if entity @s[tag=aj.stage.bone.chest] run data modify entity @s {} merge value {transformation:[2.220446049250313e-16f,0f,1f,-32.80453125f,0f,1f,0f,2.6875f,-1f,0f,2.220446049250313e-16f,0.05156249999999528f,0f,0f,0f,1f],start_interpolation:0}
execute if entity @s[tag=aj.stage.bone.waist] run data modify entity @s {} merge value {transformation:[2.220446049250313e-16f,0f,1f,-32.8125f,0f,1f,0f,3.5f,-1f,0f,2.220446049250313e-16f,0.06249999999999599f,0f,0f,0f,1f],start_interpolation:0}
execute if entity @s[tag=aj.stage.bone.right_leg] run data modify entity @s {} merge value {transformation:[2.220446049250313e-16f,0f,1f,-32.75f,0f,1f,0f,2.6875f,-1f,0f,2.220446049250313e-16f,0.1687499999999953f,0f,0f,0f,1f],start_interpolation:0}
execute if entity @s[tag=aj.stage.bone.left_leg] run data modify entity @s {} merge value {transformation:[2.220446049250313e-16f,0f,1f,-32.75f,0f,1f,0f,2.6875f,-1f,0f,2.220446049250313e-16f,-0.043750000000003286f,0f,0f,0f,1f],start_interpolation:0}
execute if entity @s[tag=aj.stage.bone.platform] run data modify entity @s {} merge value {transformation:[2f,0f,0f,-32.75f,0f,2f,0f,3f,0f,0f,2f,-4.010718267207582e-15f,0f,0f,0f,1f],start_interpolation:0}