execute if entity @s[tag=aj.stage.bone.left_straight] run data modify entity @s {} merge value {transformation:[-3.427758926607039e-16f,-3.451571745545888e-17f,-1f,-27.94546875f,-0.10018806161207629f,0.9949685182509117f,0f,2.8476642460747383f,0.9949685182509117f,0.10018806161207629f,-3.4450928483976665e-16f,-0.09216997755756207f,0f,0f,0f,1f],start_interpolation:0}
execute if entity @s[tag=aj.stage.bone.left_bend] run data modify entity @s {} merge value {transformation:[-3.427758926607039e-16f,-3.451571745545888e-17f,-1f,-28f,-0.10018806161207629f,0.9949685182509117f,0f,2.895636805655908f,0.9949685182509117f,0.10018806161207629f,-3.4450928483976665e-16f,-0.44382052310453207f,0f,0f,0f,1f],start_interpolation:0}
execute if entity @s[tag=aj.stage.bone.right_straight] run data modify entity @s {} merge value {transformation:[0.576502910269754f,-0.266906677203439f,-0.7722727627689088f,-28.046328038313078f,0.2621381217925294f,0.9556002056484896f,-0.13458028112487153f,2.8185509076072246f,0.7739043865708406f,-0.12485620781035929f,0.620872714666724f,-0.05554023835076638f,0f,0f,0f,1f],start_interpolation:0}
execute if entity @s[tag=aj.stage.bone.microphone] run data modify entity @s {} merge value {transformation:[0.576502910269754f,-0.26015724853628863f,-0.7745725275818472f,-27.65997415280801f,0.2621381217925294f,0.9567382389213985f,-0.1262360776032983f,3.169126578520041f,0.7739043865708406f,-0.13026952145305765f,0.6197595116065603f,-0.03519972475991989f,0f,0f,0f,1f],start_interpolation:0}
execute if entity @s[tag=aj.stage.bone.right_bend] run data modify entity @s {} merge value {transformation:[0.576502910269754f,-0.7745725275818474f,0.26015724853628847f,-27.949900104239322f,0.2621381217925294f,-0.12623607760329808f,-0.9567382389213985f,2.9987680590188615f,0.7739043865708406f,0.6197595116065603f,0.13026952145305778f,0.24162790513058785f,0f,0f,0f,1f],start_interpolation:0}
execute if entity @s[tag=aj.stage.bone.head] run data modify entity @s {} merge value {transformation:[-3.4450928483976665e-16f,0f,-1f,-27.9375f,0f,1f,0f,3.2875f,1f,0f,-3.4450928483976665e-16f,-0.06250000000000343f,0f,0f,0f,1f],start_interpolation:0}
execute if entity @s[tag=aj.stage.bone.outfit] run data modify entity @s {} merge value {transformation:[-3.4450928483976665e-16f,0f,-1f,-27.9375f,0f,1f,0f,1.85f,1f,0f,-3.4450928483976665e-16f,-0.06250000000000343f,0f,0f,0f,1f],start_interpolation:0}
execute if entity @s[tag=aj.stage.bone.chest] run data modify entity @s {} merge value {transformation:[-3.4450928483976665e-16f,0f,-1f,-27.94546875f,0f,1f,0f,2.5375f,1f,0f,-3.4450928483976665e-16f,-0.05156250000000272f,0f,0f,0f,1f],start_interpolation:0}
execute if entity @s[tag=aj.stage.bone.waist] run data modify entity @s {} merge value {transformation:[-3.4450928483976665e-16f,0f,-1f,-27.9375f,0f,1f,0f,3.35f,1f,0f,-3.4450928483976665e-16f,-0.06250000000000343f,0f,0f,0f,1f],start_interpolation:0}
execute if entity @s[tag=aj.stage.bone.right_leg] run data modify entity @s {} merge value {transformation:[-3.4450928483976665e-16f,0f,-1f,-28f,0f,1f,0f,2.5375f,1f,0f,-3.4450928483976665e-16f,-0.16875000000000273f,0f,0f,0f,1f],start_interpolation:0}
execute if entity @s[tag=aj.stage.bone.left_leg] run data modify entity @s {} merge value {transformation:[-3.4450928483976665e-16f,0f,-1f,-28f,0f,1f,0f,2.5375f,1f,0f,-3.4450928483976665e-16f,0.043749999999995834f,0f,0f,0f,1f],start_interpolation:0}
execute if entity @s[tag=aj.stage.bone.platform] run data modify entity @s {} merge value {transformation:[-2f,0f,2.4492935982947064e-16f,-28f,0f,2f,0f,2.85f,-2.4492935982947064e-16f,0f,-2f,-3.429011037612589e-15f,0f,0f,0f,1f],start_interpolation:0}