execute if entity @s[tag=aj.stage.bone.left_straight] run data modify entity @s {} merge value {transformation:[-3.41561960149953e-16f,-4.496748513458788e-17f,-1f,-27.94546875f,-0.13052619222005157f,0.9914448613738104f,0f,2.488269107414599f,0.9914448613738104f,0.13052619222005157f,-3.4450928483976665e-16f,-0.10517580021674938f,0f,0f,0f,1f],start_interpolation:0}
execute if entity @s[tag=aj.stage.bone.left_bend] run data modify entity @s {} merge value {transformation:[-3.41561960149953e-16f,-4.496748513458788e-17f,-1f,-28f,-0.13052619222005157f,0.9914448613738104f,0f,2.5469581769848215f,0.9914448613738104f,0.13052619222005157f,-3.4450928483976665e-16f,-0.4551973220825228f,0f,0f,0f,1f],start_interpolation:0}
execute if entity @s[tag=aj.stage.bone.right_straight] run data modify entity @s {} merge value {transformation:[0.576502910269754f,-0.266906677203439f,-0.7722727627689088f,-28.046328038313078f,0.2621381217925294f,0.9556002056484896f,-0.13458028112487153f,2.468550907607225f,0.7739043865708406f,-0.12485620781035929f,0.620872714666724f,-0.05554023835076638f,0f,0f,0f,1f],start_interpolation:0}
execute if entity @s[tag=aj.stage.bone.microphone] run data modify entity @s {} merge value {transformation:[0.576502910269754f,-0.21238548125306173f,-0.7890100137535705f,-27.64803871718679f,0.2621381217925294f,0.9626602574225924f,-0.06759314966883313f,2.79536701528161f,0.7739043865708406f,-0.16786195558247738f,0.610650771156835f,-0.03604288587951204f,0f,0f,0f,1f],start_interpolation:0}
execute if entity @s[tag=aj.stage.bone.right_bend] run data modify entity @s {} merge value {transformation:[0.576502910269754f,-0.7890100137535705f,0.21238548125306156f,-27.949900104239322f,0.2621381217925294f,-0.06759314966883292f,-0.9626602574225924f,2.648768059018862f,0.7739043865708406f,0.610650771156835f,0.16786195558247752f,0.24162790513058785f,0f,0f,0f,1f],start_interpolation:0}
execute if entity @s[tag=aj.stage.bone.head] run data modify entity @s {} merge value {transformation:[-3.4450928483976665e-16f,0f,-1f,-27.9375f,0f,1f,0f,2.9375f,1f,0f,-3.4450928483976665e-16f,-0.06250000000000343f,0f,0f,0f,1f],start_interpolation:0}
execute if entity @s[tag=aj.stage.bone.outfit] run data modify entity @s {} merge value {transformation:[-3.4450928483976665e-16f,0f,-1f,-27.9375f,0f,1f,0f,1.5f,1f,0f,-3.4450928483976665e-16f,-0.06250000000000343f,0f,0f,0f,1f],start_interpolation:0}
execute if entity @s[tag=aj.stage.bone.chest] run data modify entity @s {} merge value {transformation:[-3.4450928483976665e-16f,0f,-1f,-27.94546875f,0f,1f,0f,2.1875f,1f,0f,-3.4450928483976665e-16f,-0.05156250000000272f,0f,0f,0f,1f],start_interpolation:0}
execute if entity @s[tag=aj.stage.bone.waist] run data modify entity @s {} merge value {transformation:[-3.4450928483976665e-16f,0f,-1f,-27.9375f,0f,1f,0f,3f,1f,0f,-3.4450928483976665e-16f,-0.06250000000000343f,0f,0f,0f,1f],start_interpolation:0}
execute if entity @s[tag=aj.stage.bone.right_leg] run data modify entity @s {} merge value {transformation:[-3.4450928483976665e-16f,0f,-1f,-28f,0f,1f,0f,2.1875f,1f,0f,-3.4450928483976665e-16f,-0.16875000000000273f,0f,0f,0f,1f],start_interpolation:0}
execute if entity @s[tag=aj.stage.bone.left_leg] run data modify entity @s {} merge value {transformation:[-3.4450928483976665e-16f,0f,-1f,-28f,0f,1f,0f,2.1875f,1f,0f,-3.4450928483976665e-16f,0.043749999999995834f,0f,0f,0f,1f],start_interpolation:0}
execute if entity @s[tag=aj.stage.bone.platform] run data modify entity @s {} merge value {transformation:[-2f,0f,2.4492935982947064e-16f,-28f,0f,2f,0f,2.5f,-2.4492935982947064e-16f,0f,-2f,-3.429011037612589e-15f,0f,0f,0f,1f],start_interpolation:0}