execute if entity @s[tag=aj.stage.bone.t] run data modify entity @s {} merge value {transformation:[-8.666666666666666f,0f,1.0613605592610393e-15f,0.9999999999999992f,0f,8.666666666666666f,0f,0f,-1.0613605592610393e-15f,0f,-8.666666666666666f,6f,0f,0f,0f,1f],start_interpolation:0}
execute if entity @s[tag=aj.stage.bone.straight] run data modify entity @s {} merge value {transformation:[-32.33333333333333f,0f,3.959691317243108e-15f,0.9999999999999992f,0f,32.33333333333333f,0f,0f,-3.959691317243108e-15f,0f,-32.33333333333333f,6f,0f,0f,0f,1f],start_interpolation:0}
execute if entity @s[tag=aj.stage.bone.upper] run data modify entity @s {} merge value {transformation:[-39f,0f,4.776122516674678e-15f,0.9999999999999992f,0f,39f,0f,0f,-4.776122516674678e-15f,0f,-39f,6f,0f,0f,0f,1f],start_interpolation:0}
execute if entity @s[tag=aj.stage.bone.lower] run data modify entity @s {} merge value {transformation:[-34.333333333333336f,0f,4.20462067707258e-15f,0.9999999999999992f,0f,34.333333333333336f,0f,0f,-4.20462067707258e-15f,0f,-34.333333333333336f,6f,0f,0f,0f,1f],start_interpolation:0}
execute if entity @s[tag=aj.stage.bone.diamond] run data modify entity @s {} merge value {transformation:[-24.333333333333336f,0f,2.9799738779252263e-15f,0f,0f,24.333333333333336f,0f,0f,-2.9799738779252263e-15f,0f,-24.333333333333336f,0f,0f,0f,0f,1f],start_interpolation:0}
execute if entity @s[tag=aj.stage.bone.left_straight] run data modify entity @s {} merge value {transformation:[-3.431983230007545e-16f,-3.0025962603674397e-17f,-1f,-27.94546875f,-0.08715574274765818f,0.9961946980917455f,0f,3.0018115019836387f,0.9961946980917455f,0.08715574274765818f,-3.4450928483976665e-16f,-0.0866850433353043f,0f,0f,0f,1f],start_interpolation:0}
execute if entity @s[tag=aj.stage.bone.left_bend] run data modify entity @s {} merge value {transformation:[-3.431983230007545e-16f,-3.0025962603674397e-17f,-1f,-28f,-0.08715574274765818f,0.9961946980917455f,0f,3.0451769882155957f,0.9961946980917455f,0.08715574274765818f,-3.4450928483976665e-16f,-0.43893340353037524f,0f,0f,0f,1f],start_interpolation:0}
execute if entity @s[tag=aj.stage.bone.right_straight] run data modify entity @s {} merge value {transformation:[0.576502910269754f,-0.266906677203439f,-0.7722727627689088f,-28.046328038313078f,0.2621381217925294f,0.9556002056484896f,-0.13458028112487153f,2.968550907607225f,0.7739043865708406f,-0.12485620781035929f,0.620872714666724f,-0.05554023835076638f,0f,0f,0f,1f],start_interpolation:0}
execute if entity @s[tag=aj.stage.bone.microphone] run data modify entity @s {} merge value {transformation:[0.576502910269754f,-0.2803440441599963f,-0.7674969780751727f,-27.66542476971843f,0.2621381217925294f,0.9531059133439806f,-0.15123730707673125f,3.3291190636437893f,0.7739043865708406f,-0.11400146864297185f,0.6229571940299401f,-0.034524078984657924f,0f,0f,0f,1f],start_interpolation:0}
execute if entity @s[tag=aj.stage.bone.right_bend] run data modify entity @s {} merge value {transformation:[0.576502910269754f,-0.7674969780751728f,0.28034404415999614f,-27.949900104239322f,0.2621381217925294f,-0.15123730707673103f,-0.9531059133439806f,3.148768059018862f,0.7739043865708406f,0.6229571940299401f,0.11400146864297199f,0.24162790513058785f,0f,0f,0f,1f],start_interpolation:0}
execute if entity @s[tag=aj.stage.bone.head] run data modify entity @s {} merge value {transformation:[-3.4450928483976665e-16f,0f,-1f,-27.9375f,0f,1f,0f,3.4375f,1f,0f,-3.4450928483976665e-16f,-0.06250000000000343f,0f,0f,0f,1f],start_interpolation:0}
execute if entity @s[tag=aj.stage.bone.outfit] run data modify entity @s {} merge value {transformation:[-3.4450928483976665e-16f,0f,-1f,-27.9375f,0f,1f,0f,2f,1f,0f,-3.4450928483976665e-16f,-0.06250000000000343f,0f,0f,0f,1f],start_interpolation:0}
execute if entity @s[tag=aj.stage.bone.chest] run data modify entity @s {} merge value {transformation:[-3.4450928483976665e-16f,0f,-1f,-27.94546875f,0f,1f,0f,2.6875f,1f,0f,-3.4450928483976665e-16f,-0.05156250000000272f,0f,0f,0f,1f],start_interpolation:0}
execute if entity @s[tag=aj.stage.bone.waist] run data modify entity @s {} merge value {transformation:[-3.4450928483976665e-16f,0f,-1f,-27.9375f,0f,1f,0f,3.5f,1f,0f,-3.4450928483976665e-16f,-0.06250000000000343f,0f,0f,0f,1f],start_interpolation:0}
execute if entity @s[tag=aj.stage.bone.right_leg] run data modify entity @s {} merge value {transformation:[-3.4450928483976665e-16f,0f,-1f,-28f,0f,1f,0f,2.6875f,1f,0f,-3.4450928483976665e-16f,-0.16875000000000273f,0f,0f,0f,1f],start_interpolation:0}
execute if entity @s[tag=aj.stage.bone.left_leg] run data modify entity @s {} merge value {transformation:[-3.4450928483976665e-16f,0f,-1f,-28f,0f,1f,0f,2.6875f,1f,0f,-3.4450928483976665e-16f,0.043749999999995834f,0f,0f,0f,1f],start_interpolation:0}
execute if entity @s[tag=aj.stage.bone.platform] run data modify entity @s {} merge value {transformation:[-2f,0f,2.4492935982947064e-16f,-28f,0f,2f,0f,3f,-2.4492935982947064e-16f,0f,-2f,-3.429011037612589e-15f,0f,0f,0f,1f],start_interpolation:0}