execute if entity @s[tag=aj.tolerate.bone.left_straight] run data modify entity @s {} merge value {transformation:[-0.5397426351459799f,-0.7594323197608195f,-0.3632360658144698f,-2.5648522252820767f,-0.1881365059408846f,0.5293882658080274f,-0.8272561387847929f,0.6569839257415901f,0.8205379594741666f,-0.37816744403434516f,-0.4286103607409663f,0.11719710079845758f,0f,0f,0f,1f],start_interpolation:0}
execute if entity @s[tag=aj.tolerate.bone.left_bend] run data modify entity @s {} merge value {transformation:[-0.5397426351459799f,-0.8398105822440114f,0.0582758419643013f,-2.429363720155487f,-0.1881365059408846f,0.052860788007149606f,-0.9807193238759082f,0.6884979996345417f,0.8205379594741666f,-0.5402998454952933f,-0.18653024961044f,-0.21871621835796076f,0f,0f,0f,1f],start_interpolation:0}
execute if entity @s[tag=aj.tolerate.bone.right_straight] run data modify entity @s {} merge value {transformation:[0.05158065204574428f,-0.0279058301619156f,-0.9982788693433865f,-2.6394157819773505f,0.10701727260832902f,0.9940080148244291f,-0.022256905181808367f,0.46415913945126974f,0.9929182945731287f,-0.10568505621785769f,0.054257987377139355f,-0.04246141650235971f,0f,0f,0f,1f],start_interpolation:0}
execute if entity @s[tag=aj.tolerate.bone.microphone] run data modify entity @s {} merge value {transformation:[0.05158065204574428f,0.9856998624618268f,-0.1604219981089615f,-2.522205360504155f,0.10701727260832902f,0.15425525906578821f,0.9822182132367641f,0.21518085389292702f,0.9929182945731287f,-0.06783138059395777f,-0.09753032404697118f,0.3110159934832193f,0f,0f,0f,1f],start_interpolation:0}
execute if entity @s[tag=aj.tolerate.bone.right_bend] run data modify entity @s {} merge value {transformation:[0.05158065204574428f,-0.16042199810896127f,-0.9856998624618268f,-2.710934905653198f,0.10701727260832902f,0.9822182132367641f,-0.154255259065788f,0.6065862269650242f,0.9929182945731287f,-0.09753032404697119f,0.06783138059395774f,0.28108921836612694f,0f,0f,0f,1f],start_interpolation:0}
execute if entity @s[tag=aj.tolerate.bone.head] run data modify entity @s {} merge value {transformation:[-3.4450928483976665e-16f,0.5770739224199872f,-0.8166919174712154f,-2.625f,0f,0.8166919174712154f,0.5770739224199872f,0.9024902343750001f,1f,1.9880732431258879e-16f,-2.8135794842242613e-16f,-3.214697847761802e-16f,0f,0f,0f,1f],start_interpolation:0}
execute if entity @s[tag=aj.tolerate.bone.hair] run data modify entity @s {} merge value {transformation:[-3.4450928483976665e-16f,0f,-1f,-2.63296875f,0f,1f,0f,0.4962402343750001f,1f,0f,-3.4450928483976665e-16f,0.010937499999999498f,0f,0f,0f,1f],start_interpolation:0}
execute if entity @s[tag=aj.tolerate.bone.outfit] run data modify entity @s {} merge value {transformation:[-3.4450928483976665e-16f,0f,-1f,-2.625f,0f,1f,0f,-0.535009765625f,1f,0f,-3.4450928483976665e-16f,-3.209238430557093e-16f,0f,0f,0f,1f],start_interpolation:0}
execute if entity @s[tag=aj.tolerate.bone.chest] run data modify entity @s {} merge value {transformation:[-3.4450928483976665e-16f,0f,-1f,-2.63296875f,0f,1f,0f,0.152490234375f,1f,0f,-3.4450928483976665e-16f,0.010937499999999498f,0f,0f,0f,1f],start_interpolation:0}
execute if entity @s[tag=aj.tolerate.bone.right_leg] run data modify entity @s {} merge value {transformation:[-3.4450928483976665e-16f,0.8997185289215944f,-0.4364705817293556f,-2.6875f,0f,0.4364705817293556f,0.8997185289215944f,0.2669921875f,1f,3.099613869558654e-16f,-1.5036816796517722e-16f,-0.10625000000000052f,0f,0f,0f,1f],start_interpolation:0}
execute if entity @s[tag=aj.tolerate.bone.left_leg] run data modify entity @s {} merge value {transformation:[-3.4450928483976665e-16f,0.8997185289215944f,-0.4364705817293556f,-2.6875f,0f,0.4364705817293556f,0.8997185289215944f,0.2669921875f,1f,3.099613869558654e-16f,-1.5036816796517722e-16f,0.10624999999999983f,0f,0f,0f,1f],start_interpolation:0}