execute if entity @s[tag=aj.tolerate.bone.left_straight] run data modify entity @s {} merge value {transformation:[0.03660350001333101f,-0.848172746584606f,-0.5284535700871933f,-2.3170330230436695f,-0.07826401992067367f,0.5247506804482531f,-0.8476505568658302f,1.1607189893147778f,0.996260471449425f,0.07238587790599367f,-0.047173697196086994f,-0.015865951046131033f,0f,0f,0f,1f],start_interpolation:0}
execute if entity @s[tag=aj.tolerate.bone.left_bend] run data modify entity @s {} merge value {transformation:[0.03660350001333101f,-0.993807854066655f,-0.10491011858826782f,-2.438030294274065f,-0.07826401992067367f,0.10180720896945394f,-0.9917207446593554f,1.1550376682546166f,0.996260471449425f,0.044511137901431796f,-0.07405289751312402f,-0.3678855578215632f,0f,0f,0f,1f],start_interpolation:0}
execute if entity @s[tag=aj.tolerate.bone.right_straight] run data modify entity @s {} merge value {transformation:[0.48438250317735226f,-0.23659284729832736f,-0.8422573331369178f,-2.7110994783129883f,0.24531765585425624f,0.9608454838585838f,-0.12882237334693347f,0.8986481408373792f,0.8397576068972612f,-0.144221290924171f,0.5234571433291847f,-0.0021408506595486376f,0f,0f,0f,1f],start_interpolation:0}
execute if entity @s[tag=aj.tolerate.bone.microphone] run data modify entity @s {} merge value {transformation:[0.48438250317735226f,-0.008840078744814572f,-0.874811661801229f,-2.2849347983750006f,0.24531765585425624f,0.9612040469993564f,0.12611910148043373f,1.1398926811646344f,0.8397576068972612f,-0.2756966322606149f,0.46775904974499455f,0.0749846673627805f,0f,0f,0f,1f],start_interpolation:0}
execute if entity @s[tag=aj.tolerate.bone.right_bend] run data modify entity @s {} merge value {transformation:[0.48438250317735226f,-0.874811661801229f,0.008840078744814378f,-2.6480181560056812f,0.24531765585425624f,0.12611910148043395f,-0.9612040469993564f,1.07433485375974f,0.8397576068972612f,0.4677590497449945f,0.275696632260615f,0.3064695822673217f,0f,0f,0f,1f],start_interpolation:0}
execute if entity @s[tag=aj.tolerate.bone.head] run data modify entity @s {} merge value {transformation:[-3.4450928483976665e-16f,0.10984672472468149f,-0.9939485384401247f,-2.625f,0f,0.9939485384401247f,0.10984672472468149f,1.3643457031250001f,1f,3.7843216576890736e-17f,-3.4242450014553865e-16f,-3.214697847761802e-16f,0f,0f,0f,1f],start_interpolation:0}
execute if entity @s[tag=aj.tolerate.bone.hair] run data modify entity @s {} merge value {transformation:[-3.4450928483976665e-16f,0f,-1f,-2.63296875f,0f,1f,0f,0.9580957031250001f,1f,0f,-3.4450928483976665e-16f,0.010937499999999498f,0f,0f,0f,1f],start_interpolation:0}
execute if entity @s[tag=aj.tolerate.bone.outfit] run data modify entity @s {} merge value {transformation:[-3.4450928483976665e-16f,0f,-1f,-2.625f,0f,1f,0f,-0.07315429687499997f,1f,0f,-3.4450928483976665e-16f,-3.209238430557093e-16f,0f,0f,0f,1f],start_interpolation:0}
execute if entity @s[tag=aj.tolerate.bone.chest] run data modify entity @s {} merge value {transformation:[-3.4450928483976665e-16f,0f,-1f,-2.63296875f,0f,1f,0f,0.614345703125f,1f,0f,-3.4450928483976665e-16f,0.010937499999999498f,0f,0f,0f,1f],start_interpolation:0}
execute if entity @s[tag=aj.tolerate.bone.right_leg] run data modify entity @s {} merge value {transformation:[-3.4450928483976665e-16f,0.2146207968909678f,-0.9766974524088234f,-2.6875f,0f,0.9766974524088234f,0.2146207968909678f,0.6364765625f,1f,7.393885724864813e-17f,-3.364813408341858e-16f,-0.10625000000000052f,0f,0f,0f,1f],start_interpolation:0}
execute if entity @s[tag=aj.tolerate.bone.left_leg] run data modify entity @s {} merge value {transformation:[-3.4450928483976665e-16f,0.2146207968909678f,-0.9766974524088234f,-2.6875f,0f,0.9766974524088234f,0.2146207968909678f,0.6364765625f,1f,7.393885724864813e-17f,-3.364813408341858e-16f,0.10624999999999983f,0f,0f,0f,1f],start_interpolation:0}