execute if entity @s[tag=aj.tolerate.bone.left_straight] run data modify entity @s {} merge value {transformation:[-0.6110994101784548f,-0.5327527294490075f,-0.5854332072441544f,-2.665883234803647f,-0.19318061300474632f,0.8176143501309268f,-0.5423910261233059f,0.47548295129243157f,0.7676188908818327f,-0.21836049030127877f,-0.6025611459733611f,0.045987927842754905f,0f,0f,0f,1f],start_interpolation:0}
execute if entity @s[tag=aj.tolerate.bone.left_bend] run data modify entity @s {} merge value {transformation:[-0.6110994101784548f,-0.6841384692736069f,-0.398135737832602f,-2.4877177264566224f,-0.19318061300474632f,0.6166725377405087f,-0.7631488923898084f,0.5246446187009025f,0.7676188908818327f,-0.38944773212415407f,-0.50901051296088f,-0.2618648161370208f,0f,0f,0f,1f],start_interpolation:0}
execute if entity @s[tag=aj.tolerate.bone.right_straight] run data modify entity @s {} merge value {transformation:[-3.431983230007545e-16f,3.0025962603674397e-17f,-1f,-2.63296875f,0.08715574274765818f,0.9961946980917455f,0f,0.4162180338562437f,0.9961946980917455f,-0.08715574274765818f,-3.4450928483976665e-16f,-0.04777319764394203f,0f,0f,0f,1f],start_interpolation:0}
execute if entity @s[tag=aj.tolerate.bone.microphone] run data modify entity @s {} merge value {transformation:[-3.431983230007545e-16f,1f,-1.920186423213569e-16f,-2.595125625f,0.08715574274765818f,2.2119965816619248e-16f,0.9961946980917455f,0.13791953113756295f,0.9961946980917455f,3.2515682237441524e-16f,-0.08715574274765818f,0.30821174524856454f,0f,0f,0f,1f],start_interpolation:0}
execute if entity @s[tag=aj.tolerate.bone.right_bend] run data modify entity @s {} merge value {transformation:[-3.431983230007545e-16f,3.0025962603674397e-17f,-1f,-2.71875f,0.08715574274765818f,0.9961946980917455f,0f,0.5541833495932333f,0.9961946980917455f,-0.08715574274765818f,-3.4450928483976665e-16f,0.27424019095169205f,0f,0f,0f,1f],start_interpolation:0}
execute if entity @s[tag=aj.tolerate.bone.head] run data modify entity @s {} merge value {transformation:[-3.4450928483976665e-16f,0.646523518642102f,-0.7628940554511062f,-2.625f,0f,0.7628940554511062f,0.646523518642102f,0.8500000000000001f,1f,2.227333550394801e-16f,-2.6282408545196987e-16f,-3.214697847761802e-16f,0f,0f,0f,1f],start_interpolation:0}
execute if entity @s[tag=aj.tolerate.bone.hair] run data modify entity @s {} merge value {transformation:[-3.4450928483976665e-16f,0f,-1f,-2.63296875f,0f,1f,0f,0.4437500000000001f,1f,0f,-3.4450928483976665e-16f,0.010937499999999498f,0f,0f,0f,1f],start_interpolation:0}
execute if entity @s[tag=aj.tolerate.bone.outfit] run data modify entity @s {} merge value {transformation:[-3.4450928483976665e-16f,0f,-1f,-2.625f,0f,1f,0f,-0.5875f,1f,0f,-3.4450928483976665e-16f,-3.209238430557093e-16f,0f,0f,0f,1f],start_interpolation:0}
execute if entity @s[tag=aj.tolerate.bone.chest] run data modify entity @s {} merge value {transformation:[-3.4450928483976665e-16f,0f,-1f,-2.63296875f,0f,1f,0f,0.1f,1f,0f,-3.4450928483976665e-16f,0.010937499999999498f,0f,0f,0f,1f],start_interpolation:0}
execute if entity @s[tag=aj.tolerate.bone.right_leg] run data modify entity @s {} merge value {transformation:[-3.4450928483976665e-16f,0.9396926207859083f,-0.3420201433256689f,-2.6875f,0f,0.3420201433256689f,0.9396926207859083f,0.225f,1f,3.2373283275615933e-16f,-1.1782911497792067e-16f,-0.10625000000000052f,0f,0f,0f,1f],start_interpolation:0}
execute if entity @s[tag=aj.tolerate.bone.left_leg] run data modify entity @s {} merge value {transformation:[-3.4450928483976665e-16f,0.9396926207859083f,-0.3420201433256689f,-2.6875f,0f,0.3420201433256689f,0.9396926207859083f,0.225f,1f,3.2373283275615933e-16f,-1.1782911497792067e-16f,0.10624999999999983f,0f,0f,0f,1f],start_interpolation:0}