execute if entity @s[tag=aj.tolerate.bone.left_straight] run data modify entity @s {} merge value {transformation:[0.047318635759215855f,-0.9896716392621699f,-0.13531811833607518f,-2.279839845024548f,-0.075641207322117f,0.13153066544084635f,-0.9884220211041136f,1.2711027647579423f,0.9960117240598823f,0.05700640743651134f,-0.06863610599708649f,-0.008824261849005532f,0f,0f,0f,1f],start_interpolation:0}
execute if entity @s[tag=aj.tolerate.bone.left_bend] run data modify entity @s {} merge value {transformation:[0.047318635759215855f,-0.8757093883771044f,0.4805143221778977f,-2.408360906040114f,-0.075641207322117f,-0.4828133161777863f,-0.8724504051671141f,1.2141228104350072f,0.9960117240598823f,0.004936479474978085f,-0.08908578284807261f,-0.3631535159525889f,0f,0f,0f,1f],start_interpolation:0}
execute if entity @s[tag=aj.tolerate.bone.right_straight] run data modify entity @s {} merge value {transformation:[0.4402850976371667f,-0.2194428156045921f,-0.870628441689197f,-2.7015218357997264f,0.23502397782456258f,0.9640307061196652f,-0.12413109000544219f,0.8499882072607516f,0.8665522273043617f,-0.14996549049014127f,0.47602267699753686f,-0.006245897189825572f,0f,0f,0f,1f],start_interpolation:0}
execute if entity @s[tag=aj.tolerate.bone.microphone] run data modify entity @s {} merge value {transformation:[0.4402850976371667f,0.13009524952182666f,-0.8883829460601347f,-2.2676400478937495f,0.23502397782456258f,0.9382487002944232f,0.2538761632043178f,1.0323884020470577f,0.8665522273043617f,-0.320569185118719f,0.38252141757837615f,0.10508599057680879f,0f,0f,0f,1f],start_interpolation:0}
execute if entity @s[tag=aj.tolerate.bone.right_bend] run data modify entity @s {} merge value {transformation:[0.4402850976371667f,-0.8883829460601347f,-0.13009524952182686f,-2.65367460571276f,0.23502397782456258f,0.253876163204318f,-0.9382487002944231f,1.0229998632977981f,0.8665522273043617f,0.3825214175783761f,0.3205691851187191f,0.3065848606987432f,0f,0f,0f,1f],start_interpolation:0}
execute if entity @s[tag=aj.tolerate.bone.head] run data modify entity @s {} merge value {transformation:[-3.4450928483976665e-16f,0.15897419746925612f,-0.9872827378917378f,-2.625f,0f,0.9872827378917378f,0.15897419746925612f,1.3137500000000002f,1f,5.476808707810927e-17f,-3.401280699657294e-16f,-3.214697847761802e-16f,0f,0f,0f,1f],start_interpolation:0}
execute if entity @s[tag=aj.tolerate.bone.hair] run data modify entity @s {} merge value {transformation:[-3.4450928483976665e-16f,0f,-1f,-2.63296875f,0f,1f,0f,0.9075000000000001f,1f,0f,-3.4450928483976665e-16f,0.010937499999999498f,0f,0f,0f,1f],start_interpolation:0}
execute if entity @s[tag=aj.tolerate.bone.outfit] run data modify entity @s {} merge value {transformation:[-3.4450928483976665e-16f,0f,-1f,-2.625f,0f,1f,0f,-0.12375000000000003f,1f,0f,-3.4450928483976665e-16f,-3.209238430557093e-16f,0f,0f,0f,1f],start_interpolation:0}
execute if entity @s[tag=aj.tolerate.bone.chest] run data modify entity @s {} merge value {transformation:[-3.4450928483976665e-16f,0f,-1f,-2.63296875f,0f,1f,0f,0.56375f,1f,0f,-3.4450928483976665e-16f,0.010937499999999498f,0f,0f,0f,1f],start_interpolation:0}
execute if entity @s[tag=aj.tolerate.bone.right_leg] run data modify entity @s {} merge value {transformation:[-3.4450928483976665e-16f,0.3100127688103205f,-0.9507323930394708f,-2.6875f,0f,0.9507323930394708f,0.3100127688103205f,0.596f,1f,1.0680227727403945e-16f,-3.2753613680002804e-16f,-0.10625000000000052f,0f,0f,0f,1f],start_interpolation:0}
execute if entity @s[tag=aj.tolerate.bone.left_leg] run data modify entity @s {} merge value {transformation:[-3.4450928483976665e-16f,0.3100127688103205f,-0.9507323930394708f,-2.6875f,0f,0.9507323930394708f,0.3100127688103205f,0.596f,1f,1.0680227727403945e-16f,-3.2753613680002804e-16f,0.10624999999999983f,0f,0f,0f,1f],start_interpolation:0}