execute if entity @s[tag=aj.tolerate.bone.left_straight] run data modify entity @s {} merge value {transformation:[-0.5841201369592226f,-0.6584558050852314f,-0.47459416173010266f,-2.613648273725352f,-0.19166543941846492f,0.6800757186997988f,-0.7076449506408414f,0.5667753527997247f,0.7887128913180421f,-0.3223863669333925f,-0.523449143168868f,0.08946565691448449f,0f,0f,0f,1f],start_interpolation:0}
execute if entity @s[tag=aj.tolerate.bone.left_bend] run data modify entity @s {} merge value {transformation:[-0.5841201369592226f,-0.7964854736512678f,-0.1562515787480392f,-2.4534485227591523f,-0.19166543941846492f,0.3224157494279599f,-0.9269910699965419f,0.6093562126326901f,0.7887128913180421f,-0.5115261232657845f,-0.34098827001146464f,-0.2312471437744647f,0f,0f,0f,1f],start_interpolation:0}
execute if entity @s[tag=aj.tolerate.bone.right_straight] run data modify entity @s {} merge value {transformation:[0.027963079382790332f,-0.015139290920367369f,-0.9994943061678041f,-2.6364363132422293f,0.09796363971117902f,0.9951135827131363f,-0.012332185303678021f,0.44215971796212417f,0.9947970604530203f,-0.09756925422618759f,0.02930954014950592f,-0.04487109653065144f,0f,0f,0f,1f],start_interpolation:0}
execute if entity @s[tag=aj.tolerate.bone.microphone] run data modify entity @s {} merge value {transformation:[0.027963079382790332f,0.9957903610021626f,-0.08729045266588152f,-2.5550317415686843f,0.09796363971117902f,0.08417427113004573f,0.9916238285631623f,0.1785707294038934f,0.9947970604530203f,-0.03628014629116432f,-0.09519747632748275f,0.3109007772281547f,0f,0f,0f,1f],start_interpolation:0}
execute if entity @s[tag=aj.tolerate.bone.right_bend] run data modify entity @s {} merge value {transformation:[0.027963079382790332f,-0.0872904526658813f,-0.9957903610021626f,-2.714523581780517f,0.09796363971117902f,0.9916238285631623f,-0.08417427113004551f,0.5825459196421691f,0.9947970604530203f,-0.09519747632748277f,0.0362801462911643f,0.27805237196133015f,0f,0f,0f,1f],start_interpolation:0}
execute if entity @s[tag=aj.tolerate.bone.head] run data modify entity @s {} merge value {transformation:[-3.4450928483976665e-16f,0.6065902209365184f,-0.7950146563832554f,-2.625f,0f,0.7950146563832554f,0.6065902209365184f,0.8784472656250001f,1f,2.08975963205636e-16f,-2.7388993070772815e-16f,-3.214697847761802e-16f,0f,0f,0f,1f],start_interpolation:0}
execute if entity @s[tag=aj.tolerate.bone.hair] run data modify entity @s {} merge value {transformation:[-3.4450928483976665e-16f,0f,-1f,-2.63296875f,0f,1f,0f,0.4721972656250001f,1f,0f,-3.4450928483976665e-16f,0.010937499999999498f,0f,0f,0f,1f],start_interpolation:0}
execute if entity @s[tag=aj.tolerate.bone.outfit] run data modify entity @s {} merge value {transformation:[-3.4450928483976665e-16f,0f,-1f,-2.625f,0f,1f,0f,-0.559052734375f,1f,0f,-3.4450928483976665e-16f,-3.209238430557093e-16f,0f,0f,0f,1f],start_interpolation:0}
execute if entity @s[tag=aj.tolerate.bone.chest] run data modify entity @s {} merge value {transformation:[-3.4450928483976665e-16f,0f,-1f,-2.63296875f,0f,1f,0f,0.128447265625f,1f,0f,-3.4450928483976665e-16f,0.010937499999999498f,0f,0f,0f,1f],start_interpolation:0}
execute if entity @s[tag=aj.tolerate.bone.right_leg] run data modify entity @s {} merge value {transformation:[-3.4450928483976665e-16f,0.919230925763484f,-0.39371881479046444f,-2.6875f,0f,0.39371881479046444f,0.919230925763484f,0.24775781249999992f,1f,3.166835888373745e-16f,-1.3563978731142345e-16f,-0.10625000000000052f,0f,0f,0f,1f],start_interpolation:0}
execute if entity @s[tag=aj.tolerate.bone.left_leg] run data modify entity @s {} merge value {transformation:[-3.4450928483976665e-16f,0.919230925763484f,-0.39371881479046444f,-2.6875f,0f,0.39371881479046444f,0.919230925763484f,0.24775781249999992f,1f,3.166835888373745e-16f,-1.3563978731142345e-16f,0.10624999999999983f,0f,0f,0f,1f],start_interpolation:0}