execute if entity @s[tag=aj.tolerate.bone.left_straight] run data modify entity @s {} merge value {transformation:[-0.18918434053237468f,-0.14323929496726745f,-0.9714380009422169f,-2.64612236549388f,-0.13058031537801099f,0.9841866302745f,-0.11968900544621333f,0.41008926623623193f,0.973220461423366f,0.10420739496890152f,-0.2048969309206111f,-0.02776794737508509f,0f,0f,0f,1f],start_interpolation:0}
execute if entity @s[tag=aj.tolerate.bone.left_bend] run data modify entity @s {} merge value {transformation:[-0.18918434053237468f,-0.20389087492497862f,-0.9605403668871272f,-2.633785264387275f,-0.13058031537801099f,0.9747410886660763f,-0.18118662009610784f,0.4621800136470625f,0.973220461423366f,0.09114999280525937f,-0.2110298847995029f,-0.3828277731133384f,0f,0f,0f,1f],start_interpolation:0}
execute if entity @s[tag=aj.tolerate.bone.head] run data modify entity @s {} merge value {transformation:[-3.4450928483976665e-16f,0.7172604640086198f,-0.6968051569629343f,-2.625f,0f,0.6968051569629343f,0.7172604640086198f,0.8500000000000001f,1f,2.4710288949944876e-16f,-2.4005584629796186e-16f,-3.214697847761802e-16f,0f,0f,0f,1f],start_interpolation:0}