execute if entity @s[tag=aj.tolerate.bone.left_straight] run data modify entity @s {} merge value {transformation:[0.002958515167389318f,-0.14264365078379485f,-0.9897696884018399f,-2.5772028586521833f,-0.08644132773857635f,0.9860327274736082f,-0.14236346866295896f,1.0333752925722277f,0.9962525503338981f,0.08597819050217353f,-0.009413113787456115f,-0.023194913511816073f,0f,0f,0f,1f],start_interpolation:0}
execute if entity @s[tag=aj.tolerate.bone.left_bend] run data modify entity @s {} merge value {transformation:[0.002958515167389318f,-0.20444626240101507f,-0.9788733181460508f,-2.6394674686943835f,-0.08644132773857635f,0.9751612903862463f,-0.2039322303879963f,1.0764305138261765f,0.9962525503338981f,0.0852184459051329f,-0.01478757690487447f,-0.3752959330755431f,0f,0f,0f,1f],start_interpolation:0}
execute if entity @s[tag=aj.tolerate.bone.right_straight] run data modify entity @s {} merge value {transformation:[0.5620430783062154f,-0.2627190224477068f,-0.7842743737826673f,-2.729983878854965f,0.2599774823786117f,0.9562684515338503f,-0.13402371900947568f,0.9885900751037369f,0.785187421437807f,-0.12856657359194715f,0.6057650942161279f,0.005466230775635655f,0f,0f,0f,1f],start_interpolation:0}
execute if entity @s[tag=aj.tolerate.bone.microphone] run data modify entity @s {} merge value {transformation:[0.5620430783062154f,-0.24065103770054525f,-0.7913246212406919f,-2.339570850801792f,0.2599774823786117f,0.959646902357895f,-0.10718923197306526f,1.3309776019439856f,0.785187421437807f,-0.1454816168749429f,0.6019267500014435f,0.03339970509978324f,0f,0f,0f,1f],start_interpolation:0}
execute if entity @s[tag=aj.tolerate.bone.right_bend] run data modify entity @s {} merge value {transformation:[0.5620430783062154f,-0.7913246212406919f,0.24065103770054508f,-2.63893984606244f,0.2599774823786117f,-0.10718923197306506f,-0.959646902357895f,1.1682089706981018f,0.785187421437807f,0.6019267500014435f,0.14548161687494304f,0.30468773747451394f,0f,0f,0f,1f],start_interpolation:0}
execute if entity @s[tag=aj.tolerate.bone.head] run data modify entity @s {} merge value {transformation:[-3.4450928483976665e-16f,0.018516187025426102f,-0.9998285607133052f,-2.625f,0f,0.9998285607133052f,0.018516187025426102f,1.457109375f,1f,6.378998350088912e-18f,-3.4445022241371397e-16f,-3.214697847761802e-16f,0f,0f,0f,1f],start_interpolation:0}
execute if entity @s[tag=aj.tolerate.bone.hair] run data modify entity @s {} merge value {transformation:[-3.4450928483976665e-16f,0f,-1f,-2.63296875f,0f,1f,0f,1.050859375f,1f,0f,-3.4450928483976665e-16f,0.010937499999999498f,0f,0f,0f,1f],start_interpolation:0}
execute if entity @s[tag=aj.tolerate.bone.outfit] run data modify entity @s {} merge value {transformation:[-3.4450928483976665e-16f,0f,-1f,-2.625f,0f,1f,0f,0.01960937499999993f,1f,0f,-3.4450928483976665e-16f,-3.209238430557093e-16f,0f,0f,0f,1f],start_interpolation:0}
execute if entity @s[tag=aj.tolerate.bone.chest] run data modify entity @s {} merge value {transformation:[-3.4450928483976665e-16f,0f,-1f,-2.63296875f,0f,1f,0f,0.7071093749999999f,1f,0f,-3.4450928483976665e-16f,0.010937499999999498f,0f,0f,0f,1f],start_interpolation:0}
execute if entity @s[tag=aj.tolerate.bone.right_leg] run data modify entity @s {} merge value {transformation:[-3.4450928483976665e-16f,0.03496490660437652f,-0.9993885407118431f,-2.6875f,0f,0.9993885407118431f,0.03496490660437652f,0.7106875f,1f,1.2045734968762988e-17f,-3.442986314376951e-16f,-0.10625000000000052f,0f,0f,0f,1f],start_interpolation:0}
execute if entity @s[tag=aj.tolerate.bone.left_leg] run data modify entity @s {} merge value {transformation:[-3.4450928483976665e-16f,0.03496490660437652f,-0.9993885407118431f,-2.6875f,0f,0.9993885407118431f,0.03496490660437652f,0.7106875f,1f,1.2045734968762988e-17f,-3.442986314376951e-16f,0.10624999999999983f,0f,0f,0f,1f],start_interpolation:0}