execute if entity @s[tag=aj.tolerate.bone.left_straight] run data modify entity @s {} merge value {transformation:[-0.2751620742557907f,-0.9360107521900978f,0.21947597744577466f,-2.4343606811340277f,-0.14823021289576233f,-0.184253898322565f,-0.9716369203245702f,1.0643075577749774f,0.9499019090812102f,-0.2998906012823098f,-0.08804538821770828f,0.11417716645038323f,0f,0f,0f,1f],start_interpolation:0}
execute if entity @s[tag=aj.tolerate.bone.left_bend] run data modify entity @s {} merge value {transformation:[-0.2751620742557907f,-0.5115061360767571f,0.8140315139152028f,-2.4083816983503605f,-0.14823021289576233f,-0.8140199614884726f,-0.5616042256635745f,1.00329891668278f,0.9499019090812102f,-0.2751962482559165f,0.1481667576406404f,-0.2612114812181654f,0f,0f,0f,1f],start_interpolation:0}
execute if entity @s[tag=aj.tolerate.bone.right_straight] run data modify entity @s {} merge value {transformation:[0.15786297060990484f,-0.08467155340508334f,-0.9838241766465117f,-2.653579380828884f,0.1466000741253782f,0.9872855615497248f,-0.06144622219370534f,0.5644872470336297f,0.9765181517906617f,-0.1345286140544632f,0.16826868759200375f,-0.03204351131697711f,0f,0f,0f,1f],start_interpolation:0}
execute if entity @s[tag=aj.tolerate.bone.microphone] run data modify entity @s {} merge value {transformation:[0.15786297060990484f,0.8686435525375887f,-0.4696143749344709f,-2.3915644633834208f,0.1466000741253782f,0.44969080159994546f,0.8810712804437745f,0.40325525512670274f,0.9765181517906617f,-0.20793403182566336f,-0.056353683394025626f,0.2881237771042128f,0f,0f,0f,1f],start_interpolation:0}
execute if entity @s[tag=aj.tolerate.bone.right_bend] run data modify entity @s {} merge value {transformation:[0.15786297060990484f,-0.4696143749344707f,-0.8686435525375888f,-2.694695229729415f,0.1466000741253782f,0.8810712804437746f,-0.44969080159994523f,0.7159910087504295f,0.9765181517906617f,-0.056353683394025675f,0.20793403182566336f,0.2926741672711473f,0f,0f,0f,1f],start_interpolation:0}
execute if entity @s[tag=aj.tolerate.bone.head] run data modify entity @s {} merge value {transformation:[-3.4450928483976665e-16f,0.45868429495795443f,-0.8885993008994123f,-2.625f,0f,0.8885993008994123f,0.45868429495795443f,1.01125f,1f,1.5802099842319748e-16f,-3.0613070966197313e-16f,-3.214697847761802e-16f,0f,0f,0f,1f],start_interpolation:0}
execute if entity @s[tag=aj.tolerate.bone.hair] run data modify entity @s {} merge value {transformation:[-3.4450928483976665e-16f,0f,-1f,-2.63296875f,0f,1f,0f,0.6050000000000001f,1f,0f,-3.4450928483976665e-16f,0.010937499999999498f,0f,0f,0f,1f],start_interpolation:0}
execute if entity @s[tag=aj.tolerate.bone.outfit] run data modify entity @s {} merge value {transformation:[-3.4450928483976665e-16f,0f,-1f,-2.625f,0f,1f,0f,-0.42625f,1f,0f,-3.4450928483976665e-16f,-3.209238430557093e-16f,0f,0f,0f,1f],start_interpolation:0}
execute if entity @s[tag=aj.tolerate.bone.chest] run data modify entity @s {} merge value {transformation:[-3.4450928483976665e-16f,0f,-1f,-2.63296875f,0f,1f,0f,0.26125f,1f,0f,-3.4450928483976665e-16f,0.010937499999999498f,0f,0f,0f,1f],start_interpolation:0}
execute if entity @s[tag=aj.tolerate.bone.right_leg] run data modify entity @s {} merge value {transformation:[-3.4450928483976665e-16f,0.7873656024600254f,-0.6164863405321819f,-2.6875f,0f,0.6164863405321819f,0.7873656024600254f,0.354f,1f,2.7125476061093535e-16f,-2.1238526829022682e-16f,-0.10625000000000052f,0f,0f,0f,1f],start_interpolation:0}
execute if entity @s[tag=aj.tolerate.bone.left_leg] run data modify entity @s {} merge value {transformation:[-3.4450928483976665e-16f,0.7873656024600254f,-0.6164863405321819f,-2.6875f,0f,0.6164863405321819f,0.7873656024600254f,0.354f,1f,2.7125476061093535e-16f,-2.1238526829022682e-16f,0.10624999999999983f,0f,0f,0f,1f],start_interpolation:0}