execute if entity @s[tag=aj.tolerate.bone.left_straight] run data modify entity @s {} merge value {transformation:[-0.5643067478090305f,-0.7088322302087577f,-0.42321952199121676f,-2.5899013708490384f,-0.19024027597623516f,0.6104955352362574f,-0.7688327769112614f,0.6091325445765716f,0.8033470805160625f,-0.3533441252856404f,-0.4793551891368701f,0.10424785382634605f,0f,0f,0f,1f],start_interpolation:0}
execute if entity @s[tag=aj.tolerate.bone.left_bend] run data modify entity @s {} merge value {transformation:[-0.5643067478090305f,-0.8238195348175998f,-0.05365881502706499f,-2.4410171954870075f,-0.19024027597623516f,0.19300908977869963f,-0.9625778558949316f,0.6470618363687968f,0.8033470805160625f,-0.5329811115937518f,-0.2656399874089129f,-0.22369940913482078f,0f,0f,0f,1f],start_interpolation:0}
execute if entity @s[tag=aj.tolerate.bone.right_straight] run data modify entity @s {} merge value {transformation:[0.03931417218386702f,-0.02127858530282366f,-0.9990003091456017f,-2.637862060517003f,0.1023243112486568f,0.994603104151424f,-0.017158104202964503f,0.4527221401736976f,0.9939739087083651f,-0.10154746190753483f,0.04127931427667492f,-0.04370831260948352f,0f,0f,0f,1f],start_interpolation:0}
execute if entity @s[tag=aj.tolerate.bone.microphone] run data modify entity @s {} merge value {transformation:[0.03931417218386702f,0.9916845580702128f,-0.12254033275042193f,-2.539122276571975f,0.1023243112486568f,0.11799492269082913f,0.9877281678410682f,0.1959120446164524f,0.9939739087083651f,-0.05137057041022739f,-0.09683456667297378f,0.3112014492982492f,0f,0f,0f,1f],start_interpolation:0}
execute if entity @s[tag=aj.tolerate.bone.right_bend] run data modify entity @s {} merge value {transformation:[0.03931417218386702f,-0.12254033275042171f,-0.9916845580702128f,-2.7128006531234523f,0.1023243112486568f,0.9877281678410682f,-0.11799492269082891f,0.5940898209015427f,0.9939739087083651f,-0.0968345666729738f,0.05137057041022737f,0.27953286641417885f,0f,0f,0f,1f],start_interpolation:0}
execute if entity @s[tag=aj.tolerate.bone.head] run data modify entity @s {} merge value {transformation:[-3.4450928483976665e-16f,0.5921076989329701f,-0.8058588417733612f,-2.625f,0f,0.8058588417733612f,0.5921076989329701f,0.8900000000000001f,1f,2.039865999075174e-16f,-2.7762585326114333e-16f,-3.214697847761802e-16f,0f,0f,0f,1f],start_interpolation:0}
execute if entity @s[tag=aj.tolerate.bone.hair] run data modify entity @s {} merge value {transformation:[-3.4450928483976665e-16f,0f,-1f,-2.63296875f,0f,1f,0f,0.4837500000000001f,1f,0f,-3.4450928483976665e-16f,0.010937499999999498f,0f,0f,0f,1f],start_interpolation:0}
execute if entity @s[tag=aj.tolerate.bone.outfit] run data modify entity @s {} merge value {transformation:[-3.4450928483976665e-16f,0f,-1f,-2.625f,0f,1f,0f,-0.5475f,1f,0f,-3.4450928483976665e-16f,-3.209238430557093e-16f,0f,0f,0f,1f],start_interpolation:0}
execute if entity @s[tag=aj.tolerate.bone.chest] run data modify entity @s {} merge value {transformation:[-3.4450928483976665e-16f,0f,-1f,-2.63296875f,0f,1f,0f,0.14000000000000004f,1f,0f,-3.4450928483976665e-16f,0.010937499999999498f,0f,0f,0f,1f],start_interpolation:0}
execute if entity @s[tag=aj.tolerate.bone.right_leg] run data modify entity @s {} merge value {transformation:[-3.4450928483976665e-16f,0.9101059706849958f,-0.414375580993284f,-2.6875f,0f,0.414375580993284f,0.9101059706849958f,0.257f,1f,3.135399570890895e-16f,-1.4275623506305906e-16f,-0.10625000000000052f,0f,0f,0f,1f],start_interpolation:0}
execute if entity @s[tag=aj.tolerate.bone.left_leg] run data modify entity @s {} merge value {transformation:[-3.4450928483976665e-16f,0.9101059706849958f,-0.414375580993284f,-2.6875f,0f,0.414375580993284f,0.9101059706849958f,0.257f,1f,3.135399570890895e-16f,-1.4275623506305906e-16f,0.10624999999999983f,0f,0f,0f,1f],start_interpolation:0}