execute if entity @s[tag=aj.tolerate.bone.left_straight] run data modify entity @s {} merge value {transformation:[-0.36144288499721117f,-0.2591761509042979f,-0.8956487948338486f,-2.6664276664537496f,-0.16404416421179474f,0.9632826023355238f,-0.21254679537869992f,0.41138401953660847f,0.9178499621795202f,0.07010243105723073f,-0.39068797791449855f,-0.024060079778478793f,0f,0f,0f,1f],start_interpolation:0}
execute if entity @s[tag=aj.tolerate.bone.left_bend] run data modify entity @s {} merge value {transformation:[-0.36144288499721117f,-0.3653049836495739f,-0.8578527320033884f,-2.5903089434108884f,-0.16404416421179474f,0.93061662717202f,-0.3271730511809112f,0.4700190241241786f,0.9178499621795202f,0.022471362926131826f,-0.3962909092766267f,-0.37003841164646184f,0f,0f,0f,1f],start_interpolation:0}
execute if entity @s[tag=aj.tolerate.bone.head] run data modify entity @s {} merge value {transformation:[-3.4450928483976665e-16f,0.7004111507838063f,-0.7137396022764213f,-2.625f,0f,0.7137396022764213f,0.7004111507838063f,0.8500000000000001f,1f,2.412981446503271e-16f,-2.458899199420694e-16f,-3.214697847761802e-16f,0f,0f,0f,1f],start_interpolation:0}