execute if entity @s[tag=aj.tolerate.bone.left_straight] run data modify entity @s {} merge value {transformation:[0.044732675296956466f,-0.9619606609763627f,-0.2695007875585833f,-2.284177908280716f,-0.07627493726279172f,0.26569458871421225f,-0.9610351291568602f,1.2348081363246814f,0.9960828889737712f,0.06354582804484635f,-0.06148825930013447f,-0.01172282704453348f,0f,0f,0f,1f],start_interpolation:0}
execute if entity @s[tag=aj.tolerate.bone.left_bend] run data modify entity @s {} merge value {transformation:[0.044732675296956466f,-0.9530379784329615f,0.2995289625815697f,-2.413190724081679f,-0.07627493726279172f,-0.3022121530261276f,-0.9501841655746899f,1.1958475811263707f,0.9960828889737712f,0.019657726921663815f,-0.08621167012614386f,-0.3649947579253479f,0f,0f,0f,1f],start_interpolation:0}
execute if entity @s[tag=aj.tolerate.bone.right_straight] run data modify entity @s {} merge value {transformation:[0.4555893553892801f,-0.22556147226082468f,-0.861138990806658f,-2.7047617762469995f,0.2387399451520122f,0.9628867315128137f,-0.12590623838946496f,0.8667036874800562f,0.857578904734016f,-0.1482267334460953f,0.49253147883876996f,-0.004833477226854982f,0f,0f,0f,1f],start_interpolation:0}
execute if entity @s[tag=aj.tolerate.bone.microphone] run data modify entity @s {} merge value {transformation:[0.4555893553892801f,0.08168346985991529f,-0.8864345153521633f,-2.272477675121414f,0.2387399451520122f,0.9480902257707605f,0.2100670426001244f,1.0695672692481215f,0.857578904734016f,-0.3073316361027491f,0.4124387076955956f,0.09428197928600651f,0f,0f,0f,1f],start_interpolation:0}
execute if entity @s[tag=aj.tolerate.bone.right_bend] run data modify entity @s {} merge value {transformation:[0.4555893553892801f,-0.8864345153521633f,-0.08168346985991548f,-2.651676308990166f,0.2387399451520122f,0.21006704260012463f,-0.9480902257707605f,1.040674667223328f,0.857578904734016f,0.41243870769559554f,0.3073316361027492f,0.30661716895340646f,0f,0f,0f,1f],start_interpolation:0}
execute if entity @s[tag=aj.tolerate.bone.head] run data modify entity @s {} merge value {transformation:[-3.4450928483976665e-16f,0.1420712788090868f,-0.9898564298611949f,-2.625f,0f,0.9898564298611949f,0.1420712788090868f,1.3311621093750001f,1f,4.8944874658789584e-17f,-3.410147307455249e-16f,-3.214697847761802e-16f,0f,0f,0f,1f],start_interpolation:0}
execute if entity @s[tag=aj.tolerate.bone.hair] run data modify entity @s {} merge value {transformation:[-3.4450928483976665e-16f,0f,-1f,-2.63296875f,0f,1f,0f,0.9249121093750001f,1f,0f,-3.4450928483976665e-16f,0.010937499999999498f,0f,0f,0f,1f],start_interpolation:0}
execute if entity @s[tag=aj.tolerate.bone.outfit] run data modify entity @s {} merge value {transformation:[-3.4450928483976665e-16f,0f,-1f,-2.625f,0f,1f,0f,-0.10633789062499999f,1f,0f,-3.4450928483976665e-16f,-3.209238430557093e-16f,0f,0f,0f,1f],start_interpolation:0}
execute if entity @s[tag=aj.tolerate.bone.chest] run data modify entity @s {} merge value {transformation:[-3.4450928483976665e-16f,0f,-1f,-2.63296875f,0f,1f,0f,0.581162109375f,1f,0f,-3.4450928483976665e-16f,0.010937499999999498f,0f,0f,0f,1f],start_interpolation:0}
execute if entity @s[tag=aj.tolerate.bone.right_leg] run data modify entity @s {} merge value {transformation:[-3.4450928483976665e-16f,0.2774797166863373f,-0.9607314956988087f,-2.6875f,0f,0.9607314956988087f,0.2774797166863373f,0.6099296875f,1f,9.559433875315113e-17f,-3.3098092050623594e-16f,-0.10625000000000052f,0f,0f,0f,1f],start_interpolation:0}
execute if entity @s[tag=aj.tolerate.bone.left_leg] run data modify entity @s {} merge value {transformation:[-3.4450928483976665e-16f,0.2774797166863373f,-0.9607314956988087f,-2.6875f,0f,0.9607314956988087f,0.2774797166863373f,0.6099296875f,1f,9.559433875315113e-17f,-3.3098092050623594e-16f,0.10624999999999983f,0f,0f,0f,1f],start_interpolation:0}