execute if entity @s[tag=aj.tolerate.bone.left_straight] run data modify entity @s {} merge value {transformation:[0.03155230350366565f,-0.7646469786599775f,-0.6436765105002513f,-2.3449076034070853f,-0.07949751510291331f,0.6400370131447828f,-0.764220365403309f,1.1267127743192313f,0.9963355846481017f,0.07528359602777172f,-0.040592892642094786f,-0.017321034603999252f,0f,0f,0f,1f],start_interpolation:0}
execute if entity @s[tag=aj.tolerate.bone.left_bend] run data modify entity @s {} merge value {transformation:[0.03155230350366565f,-0.9514924010583823f,-0.30605009863054594f,-2.458341100399744f,-0.07949751510291331f,0.302843442418561f,-0.9497189028741808f,1.1349062420841922f,0.9963355846481017f,0.054296041404784424f,-0.06608587331416069f,-0.3690670295759583f,0f,0f,0f,1f],start_interpolation:0}
execute if entity @s[tag=aj.tolerate.bone.right_straight] run data modify entity @s {} merge value {transformation:[0.497788526087479f,-0.241499931640745f,-0.8329972186707294f,-2.7141646407470623f,0.24818427889175376f,0.959951073649859f,-0.12999423029297552f,0.9137588765126817f,0.8310301721397579f,-0.14202717773721493f,0.5377891164549223f,-0.0008680105487754164f,0f,0f,0f,1f],start_interpolation:0}
execute if entity @s[tag=aj.tolerate.bone.microphone] run data modify entity @s {} merge value {transformation:[0.497788526087479f,-0.050465657862936136f,-0.8658289673325307f,-2.292210788480623f,0.24818427889175376f,0.9648475632960251f,0.0864508144131859f,1.1727696435841408f,0.8310301721397579f,-0.257919361386818f,0.4928148293377346f,0.06657696946706376f,0f,0f,0f,1f],start_interpolation:0}
execute if entity @s[tag=aj.tolerate.bone.right_bend] run data modify entity @s {} merge value {transformation:[0.497788526087479f,-0.8658289673325307f,0.05046565786293594f,-2.646363994595878f,0.24818427889175376f,0.08645081441318611f,-0.9648475632960251f,1.0902012879444776f,0.8310301721397579f,0.4928148293377345f,0.2579193613868181f,0.30630721869737887f,0f,0f,0f,1f],start_interpolation:0}
execute if entity @s[tag=aj.tolerate.bone.head] run data modify entity @s {} merge value {transformation:[-3.4450928483976665e-16f,0.09461984543150422f,-0.9955134779853653f,-2.625f,0f,0.9955134779853653f,0.09461984543150422f,1.3800000000000001f,1f,3.259741528125678e-17f,-3.42963636349087e-16f,-3.214697847761802e-16f,0f,0f,0f,1f],start_interpolation:0}
execute if entity @s[tag=aj.tolerate.bone.hair] run data modify entity @s {} merge value {transformation:[-3.4450928483976665e-16f,0f,-1f,-2.63296875f,0f,1f,0f,0.9737500000000001f,1f,0f,-3.4450928483976665e-16f,0.010937499999999498f,0f,0f,0f,1f],start_interpolation:0}
execute if entity @s[tag=aj.tolerate.bone.outfit] run data modify entity @s {} merge value {transformation:[-3.4450928483976665e-16f,0f,-1f,-2.625f,0f,1f,0f,-0.057499999999999996f,1f,0f,-3.4450928483976665e-16f,-3.209238430557093e-16f,0f,0f,0f,1f],start_interpolation:0}
execute if entity @s[tag=aj.tolerate.bone.chest] run data modify entity @s {} merge value {transformation:[-3.4450928483976665e-16f,0f,-1f,-2.63296875f,0f,1f,0f,0.63f,1f,0f,-3.4450928483976665e-16f,0.010937499999999498f,0f,0f,0f,1f],start_interpolation:0}
execute if entity @s[tag=aj.tolerate.bone.right_leg] run data modify entity @s {} merge value {transformation:[-3.4450928483976665e-16f,0.1846375240562269f,-0.9828066873553447f,-2.6875f,0f,0.9828066873553447f,0.1846375240562269f,0.6489999999999999f,1f,6.360934136719594e-17f,-3.3858602899652995e-16f,-0.10625000000000052f,0f,0f,0f,1f],start_interpolation:0}
execute if entity @s[tag=aj.tolerate.bone.left_leg] run data modify entity @s {} merge value {transformation:[-3.4450928483976665e-16f,0.1846375240562269f,-0.9828066873553447f,-2.6875f,0f,0.9828066873553447f,0.1846375240562269f,0.6489999999999999f,1f,6.360934136719594e-17f,-3.3858602899652995e-16f,0.10624999999999983f,0f,0f,0f,1f],start_interpolation:0}