execute if entity @s[tag=aj.tolerate.bone.left_straight] run data modify entity @s {} merge value {transformation:[-0.5643067478090302f,-0.4219821485065364f,-0.709569560169405f,-2.6854407519892445f,-0.1902402759762352f,0.9028316698870226f,-0.38562107469055185f,0.43495527926267713f,0.8033470805160627f,-0.08261986559428502f,-0.5897520038418698f,0.005362279497827971f,0f,0f,0f,1f],start_interpolation:0}
execute if entity @s[tag=aj.tolerate.bone.left_bend] run data modify entity @s {} merge value {transformation:[-0.5643067478090302f,-0.5705075280952357f,-0.5967235999722645f,-2.5292566943100487f,-0.1902402759762352f,0.7932155994357177f,-0.5784614509267846f,0.4926881237923666f,0.8033470805160627f,-0.21290883776513056f,-0.5561504248203176f,-0.31276755040214343f,0f,0f,0f,1f],start_interpolation:0}
execute if entity @s[tag=aj.tolerate.bone.head] run data modify entity @s {} merge value {transformation:[-3.4450928483976665e-16f,0.6700452847880025f,-0.7423202249254459f,-2.625f,0f,0.7423202249254459f,0.6700452847880025f,0.8500000000000001f,1f,2.3083682187257253e-16f,-2.557362098111601e-16f,-3.214697847761802e-16f,0f,0f,0f,1f],start_interpolation:0}