execute if entity @s[tag=aj.tolerate.bone.left_straight] run data modify entity @s {} merge value {transformation:[0.02662352916517568f,-0.8833871016278038f,0.467887183381228f,-2.3612589380872104f,-0.08069922906783322f,-0.46842475515760973f,-0.8798101404185964f,1.3836031065332783f,0.9963828692438708f,-0.014334484056333216f,-0.08375977820046031f,0.019776686911757824f,0f,0f,0f,1f],start_interpolation:0}
execute if entity @s[tag=aj.tolerate.bone.left_bend] run data modify entity @s {} merge value {transformation:[0.02662352916517568f,-0.18775630561032441f,0.9818547537178566f,-2.435502535321282f,-0.08069922906783322f,-0.97940086217239f,-0.18509885359946449f,1.2475206488752555f,0.9963828692438708f,-0.07430693695437238f,-0.041226896533822485f,-0.3452362354022984f,0f,0f,0f,1f],start_interpolation:0}
execute if entity @s[tag=aj.tolerate.bone.right_straight] run data modify entity @s {} merge value {transformation:[0.3387113790166533f,-0.17504862627132384f,-0.9244634012037249f,-2.6819838933019513f,0.20703511575854633f,0.9723255662405297f,-0.10825642742063252f,0.742957701926185f,0.9178295389490808f,-0.154728703463694f,0.3655789459979361f,-0.01544324773826003f,0f,0f,0f,1f],start_interpolation:0}
execute if entity @s[tag=aj.tolerate.bone.microphone] run data modify entity @s {} merge value {transformation:[0.3387113790166533f,0.44319613567155935f,-0.8299709555462972f,-2.267110257211243f,0.20703511575854633f,0.8253853242223204f,0.5252385433317517f,0.7910954567677908f,0.9178295389490808f,-0.34973740418235477f,0.18781023813494788f,0.1805477999698421f,0f,0f,0f,1f],start_interpolation:0}
execute if entity @s[tag=aj.tolerate.bone.right_bend] run data modify entity @s {} merge value {transformation:[0.3387113790166533f,-0.8299709555462971f,-0.4431961356715595f,-2.6677040821059044f,0.20703511575854633f,0.5252385433317519f,-0.8253853242223202f,0.908923313532458f,0.9178295389490808f,0.1878102381349478f,0.3497374041823548f,0.30445826271327503f,0f,0f,0f,1f],start_interpolation:0}
execute if entity @s[tag=aj.tolerate.bone.head] run data modify entity @s {} merge value {transformation:[-3.4450928483976665e-16f,0.26837915716733834f,-0.9633133591921941f,-2.625f,0f,0.9633133591921941f,0.26837915716733834f,1.2014843750000002f,1f,9.245911150161907e-17f,-3.31870396451896e-16f,-3.214697847761802e-16f,0f,0f,0f,1f],start_interpolation:0}
execute if entity @s[tag=aj.tolerate.bone.hair] run data modify entity @s {} merge value {transformation:[-3.4450928483976665e-16f,0f,-1f,-2.63296875f,0f,1f,0f,0.7952343750000002f,1f,0f,-3.4450928483976665e-16f,0.010937499999999498f,0f,0f,0f,1f],start_interpolation:0}
execute if entity @s[tag=aj.tolerate.bone.outfit] run data modify entity @s {} merge value {transformation:[-3.4450928483976665e-16f,0f,-1f,-2.625f,0f,1f,0f,-0.236015625f,1f,0f,-3.4450928483976665e-16f,-3.209238430557093e-16f,0f,0f,0f,1f],start_interpolation:0}
execute if entity @s[tag=aj.tolerate.bone.chest] run data modify entity @s {} merge value {transformation:[-3.4450928483976665e-16f,0f,-1f,-2.63296875f,0f,1f,0f,0.451484375f,1f,0f,-3.4450928483976665e-16f,0.010937499999999498f,0f,0f,0f,1f],start_interpolation:0}
execute if entity @s[tag=aj.tolerate.bone.right_leg] run data modify entity @s {} merge value {transformation:[-3.4450928483976665e-16f,0.5095483463132717f,-0.8604420275471265f,-2.6875f,0f,0.8604420275471265f,0.5095483463132717f,0.5061875f,1f,1.75544136379671e-16f,-2.9643026755633933e-16f,-0.10625000000000052f,0f,0f,0f,1f],start_interpolation:0}
execute if entity @s[tag=aj.tolerate.bone.left_leg] run data modify entity @s {} merge value {transformation:[-3.4450928483976665e-16f,0.5095483463132717f,-0.8604420275471265f,-2.6875f,0f,0.8604420275471265f,0.5095483463132717f,0.5061875f,1f,1.75544136379671e-16f,-2.9643026755633933e-16f,0.10624999999999983f,0f,0f,0f,1f],start_interpolation:0}