execute if entity @s[tag=aj.tolerate.bone.left_straight] run data modify entity @s {} merge value {transformation:[0.02070815605879813f,-0.560969745999676f,-0.8275772570254112f,-2.4176504770258536f,-0.08213894872099976f,0.8240018908705724f,-0.5606015313435472f,1.0725265361692515f,0.9964057232752397f,0.07958534987533926f,-0.029013905451807095f,-0.019594503570839028f,0f,0f,0f,1f],start_interpolation:0}
execute if entity @s[tag=aj.tolerate.bone.left_bend] run data modify entity @s {} merge value {transformation:[0.02070815605879813f,-0.7583126443726209f,-0.6515620505042077f,-2.512410413927788f,-0.08213894872099976f,0.6482082768865116f,-0.7570199620081549f,1.1010651003916667f,0.9964057232752397f,0.06919510936780486f,-0.048863805254237926f,-0.37123948170640736f,0f,0f,0f,1f],start_interpolation:0}
execute if entity @s[tag=aj.tolerate.bone.right_straight] run data modify entity @s {} merge value {transformation:[0.5224275548268698f,-0.2501074827296978f,-0.8151783222339956f,-2.720001078148737f,0.2531036079951299f,0.9584128645417824f,-0.13184591271883508f,0.941959317882129f,0.8142530402629551f,-0.13744463672122292f,0.5640043956026455f,0.001510342069251852f,0f,0f,0f,1f],start_interpolation:0}
execute if entity @s[tag=aj.tolerate.bone.microphone] run data modify entity @s {} merge value {transformation:[0.5224275548268698f,-0.12555748042238285f,-0.8433888599380485f,-2.307975110561733f,0.2531036079951299f,0.9673549004676344f,0.012769501208000612f,1.2333505047404159f,0.8142530402629551f,-0.2201359026856738f,0.5371519066067791f,0.05231656378525723f,0f,0f,0f,1f],start_interpolation:0}
execute if entity @s[tag=aj.tolerate.bone.right_bend] run data modify entity @s {} merge value {transformation:[0.5224275548268698f,-0.8433888599380485f,0.12555748042238266f,-2.643413178935615f,0.2531036079951299f,0.012769501208000827f,-0.9673549004676344f,1.1197118622768532f,0.8142530402629551f,0.5371519066067791f,0.2201359026856739f,0.3058519269506724f,0f,0f,0f,1f],start_interpolation:0}
execute if entity @s[tag=aj.tolerate.bone.head] run data modify entity @s {} merge value {transformation:[-3.4450928483976665e-16f,0.06616801730796679f,-0.9978084953965528f,-2.625f,0f,0.9978084953965528f,0.06616801730796679f,1.409140625f,1f,2.279549632203294e-17f,-3.4375429115611e-16f,-3.214697847761802e-16f,0f,0f,0f,1f],start_interpolation:0}
execute if entity @s[tag=aj.tolerate.bone.hair] run data modify entity @s {} merge value {transformation:[-3.4450928483976665e-16f,0f,-1f,-2.63296875f,0f,1f,0f,1.002890625f,1f,0f,-3.4450928483976665e-16f,0.010937499999999498f,0f,0f,0f,1f],start_interpolation:0}
execute if entity @s[tag=aj.tolerate.bone.outfit] run data modify entity @s {} merge value {transformation:[-3.4450928483976665e-16f,0f,-1f,-2.625f,0f,1f,0f,-0.028359375000000075f,1f,0f,-3.4450928483976665e-16f,-3.209238430557093e-16f,0f,0f,0f,1f],start_interpolation:0}
execute if entity @s[tag=aj.tolerate.bone.chest] run data modify entity @s {} merge value {transformation:[-3.4450928483976665e-16f,0f,-1f,-2.63296875f,0f,1f,0f,0.6591406249999999f,1f,0f,-3.4450928483976665e-16f,0.010937499999999498f,0f,0f,0f,1f],start_interpolation:0}
execute if entity @s[tag=aj.tolerate.bone.right_leg] run data modify entity @s {} merge value {transformation:[-3.4450928483976665e-16f,0.12838452226087899f,-0.991724464982006f,-2.6875f,0f,0.991724464982006f,0.12838452226087899f,0.6723125f,1f,4.422965994859052e-17f,-3.4165828618905106e-16f,-0.10625000000000052f,0f,0f,0f,1f],start_interpolation:0}
execute if entity @s[tag=aj.tolerate.bone.left_leg] run data modify entity @s {} merge value {transformation:[-3.4450928483976665e-16f,0.12838452226087899f,-0.991724464982006f,-2.6875f,0f,0.991724464982006f,0.12838452226087899f,0.6723125f,1f,4.422965994859052e-17f,-3.4165828618905106e-16f,0.10624999999999983f,0f,0f,0f,1f],start_interpolation:0}