execute if entity @s[tag=aj.tolerate.bone.left_straight] run data modify entity @s {} merge value {transformation:[-0.11022695549952925f,-0.08916198857423832f,-0.9898990645893107f,-2.638065419340336f,-0.11308458622225302f,0.9906255162371842f,-0.07663525910933057f,0.41145193975569155f,0.9874522239785815f,0.10349505482533845f,-0.11927648127964528f,-0.027113077432635357f,0f,0f,0f,1f],start_interpolation:0}
execute if entity @s[tag=aj.tolerate.bone.left_bend] run data modify entity @s {} merge value {transformation:[-0.11022695549952925f,-0.12698162734707036f,-0.9857614744945121f,-2.6540642542846604f,-0.11308458622225302f,0.9869668111457875f,-0.11449187768421568f,0.45976543141105597f,0.9874522239785815f,0.09885433735049434f,-0.12315001155805079f,-0.38256064555950225f,0f,0f,0f,1f],start_interpolation:0}
execute if entity @s[tag=aj.tolerate.bone.head] run data modify entity @s {} merge value {transformation:[-3.4450928483976665e-16f,0.7246415838726472f,-0.6891259499703528f,-2.625f,0f,0.6891259499703528f,0.7246415838726472f,0.8500000000000001f,1f,2.496457538251215e-16f,-2.3741028818881105e-16f,-3.214697847761802e-16f,0f,0f,0f,1f],start_interpolation:0}