execute if entity @s[tag=aj.tolerate.bone.left_straight] run data modify entity @s {} merge value {transformation:[-0.07549362395487638f,-0.853898216839272f,0.5149354794737615f,-2.411471161086331f,-0.10507652050570254f,-0.5067214975695264f,-0.8556823293368353f,1.2911666008379745f,0.9915944925122236f,-0.11870618846382612f,-0.051470411304128966f,0.056761565459089725f,0f,0f,0f,1f],start_interpolation:0}
execute if entity @s[tag=aj.tolerate.bone.left_bend] run data modify entity @s {} merge value {transformation:[-0.07549362395487638f,-0.13260445706787183f,0.9882898212103046f,-2.438025755192237f,-0.10507652050570254f,-0.9845420324910764f,-0.14012819522407366f,1.1645998914679925f,0.9915944925122236f,-0.11442484093970336f,0.060393031016411164f,-0.31636615435788845f,0f,0f,0f,1f],start_interpolation:0}
execute if entity @s[tag=aj.tolerate.bone.right_straight] run data modify entity @s {} merge value {transformation:[0.24728419819766356f,-0.13072165278716125f,-0.9600845664910626f,-2.6667900202411694f,0.17784651273797758f,0.9801473087940752f,-0.08764628326787252f,0.6512027585811389f,0.9524815710703693f,-0.1490741512010873f,0.265623331458282f,-0.023716311575020937f,0f,0f,0f,1f],start_interpolation:0}
execute if entity @s[tag=aj.tolerate.bone.microphone] run data modify entity @s {} merge value {transformation:[0.24728419819766356f,0.6880023477457082f,-0.6822780187124103f,-2.311747559857115f,0.17784651273797758f,0.6599557865522735f,0.729951352970258f,0.5863732867557919f,0.9524815710703693f,-0.3018462013883288f,0.04083781922137179f,0.24306922324538224f,0f,0f,0f,1f],start_interpolation:0}
execute if entity @s[tag=aj.tolerate.bone.right_bend] run data modify entity @s {} merge value {transformation:[0.24728419819766356f,-0.6822780187124102f,-0.6880023477457083f,-2.6811456830214166f,0.17784651273797758f,0.7299513529702581f,-0.6599557865522734f,0.8100775052645268f,0.9524815710703693f,0.040837819221371724f,0.3018462013883288f,0.29976197741087335f,0f,0f,0f,1f],start_interpolation:0}
execute if entity @s[tag=aj.tolerate.bone.head] run data modify entity @s {} merge value {transformation:[-3.4450928483976665e-16f,0.36451990777673854f,-0.9311955953688988f,-2.625f,0f,0.9311955953688988f,0.36451990777673854f,1.104169921875f,1f,1.255804927380219e-16f,-3.2080552860648007e-16f,-3.214697847761802e-16f,0f,0f,0f,1f],start_interpolation:0}
execute if entity @s[tag=aj.tolerate.bone.hair] run data modify entity @s {} merge value {transformation:[-3.4450928483976665e-16f,0f,-1f,-2.63296875f,0f,1f,0f,0.6979199218750001f,1f,0f,-3.4450928483976665e-16f,0.010937499999999498f,0f,0f,0f,1f],start_interpolation:0}
execute if entity @s[tag=aj.tolerate.bone.outfit] run data modify entity @s {} merge value {transformation:[-3.4450928483976665e-16f,0f,-1f,-2.625f,0f,1f,0f,-0.33333007812500004f,1f,0f,-3.4450928483976665e-16f,-3.209238430557093e-16f,0f,0f,0f,1f],start_interpolation:0}
execute if entity @s[tag=aj.tolerate.bone.chest] run data modify entity @s {} merge value {transformation:[-3.4450928483976665e-16f,0f,-1f,-2.63296875f,0f,1f,0f,0.35416992187499996f,1f,0f,-3.4450928483976665e-16f,0.010937499999999498f,0f,0f,0f,1f],start_interpolation:0}
execute if entity @s[tag=aj.tolerate.bone.right_leg] run data modify entity @s {} merge value {transformation:[-3.4450928483976665e-16f,0.6630508975313224f,-0.7485743164729257f,-2.6875f,0f,0.7485743164729257f,0.6630508975313224f,0.4283359375f,1f,2.2842719052088127e-16f,-2.578908024175048e-16f,-0.10625000000000052f,0f,0f,0f,1f],start_interpolation:0}
execute if entity @s[tag=aj.tolerate.bone.left_leg] run data modify entity @s {} merge value {transformation:[-3.4450928483976665e-16f,0.6630508975313224f,-0.7485743164729257f,-2.6875f,0f,0.7485743164729257f,0.6630508975313224f,0.4283359375f,1f,2.2842719052088127e-16f,-2.578908024175048e-16f,0.10624999999999983f,0f,0f,0f,1f],start_interpolation:0}