execute if entity @s[tag=aj.tolerate.bone.left_straight] run data modify entity @s {} merge value {transformation:[0.015408345876153182f,-0.45023882349176914f,-0.8927752151007041f,-2.458883159770531f,-0.08342641402359978f,0.8891889336518561f,-0.4498700631451686f,1.0541407244917953f,0.9963948094608501f,0.08141278825726733f,-0.02386087985916717f,-0.020587507864226084f,0f,0f,0f,1f],start_interpolation:0}
execute if entity @s[tag=aj.tolerate.bone.left_bend] run data modify entity @s {} merge value {transformation:[0.015408345876153182f,-0.6245821968128988f,-0.78080705830681f,-2.5440531819134593f,-0.08342641402359978f,0.7773737846034607f,-0.6234821829486831f,1.0891257935917835f,0.9963948094608501f,0.07474676204134527f,-0.040128608794858064f,-0.3723120337786017f,0f,0f,0f,1f],start_interpolation:0}
execute if entity @s[tag=aj.tolerate.bone.right_straight] run data modify entity @s {} merge value {transformation:[0.5335891903487949f,-0.25382073357865076f,-0.8067574673645811f,-2.7227361250090065f,0.25517482497410526f,0.9577652066200504f,-0.13255797858856727f,0.9549289288929439f,0.8063301957897597f,-0.13513269106196288f,0.57582182241037f,0.0026068657469151824f,0f,0f,0f,1f],start_interpolation:0}
execute if entity @s[tag=aj.tolerate.bone.microphone] run data modify entity @s {} merge value {transformation:[0.5335891903487949f,-0.15879492482230878f,-0.8307025627705713f,-2.316113688809783f,0.25517482497410526f,0.9666694906255495f,-0.020878328313723278f,1.2608404417630819f,0.8063301957897597f,-0.20083393075976524f,0.5563248579860777f,0.04644095123838343f,0f,0f,0f,1f],start_interpolation:0}
execute if entity @s[tag=aj.tolerate.bone.right_bend] run data modify entity @s {} merge value {transformation:[0.5335891903487949f,-0.8307025627705713f,0.1587949248223086f,-2.642117279328581f,0.25517482497410526f,-0.020878328313723063f,-0.9666694906255495f,1.133238880702906f,0.8063301957897597f,0.5563248579860777f,0.20083393075976536f,0.3055782116519321f,0f,0f,0f,1f],start_interpolation:0}
execute if entity @s[tag=aj.tolerate.bone.head] run data modify entity @s {} merge value {transformation:[-3.4450928483976665e-16f,0.053033118367921815f,-0.9985927540074452f,-2.625f,0f,0.9985927540074452f,0.053033118367921815f,1.422509765625f,1f,1.8270401681755438e-17f,-3.4402447552927794e-16f,-3.214697847761802e-16f,0f,0f,0f,1f],start_interpolation:0}
execute if entity @s[tag=aj.tolerate.bone.hair] run data modify entity @s {} merge value {transformation:[-3.4450928483976665e-16f,0f,-1f,-2.63296875f,0f,1f,0f,1.016259765625f,1f,0f,-3.4450928483976665e-16f,0.010937499999999498f,0f,0f,0f,1f],start_interpolation:0}
execute if entity @s[tag=aj.tolerate.bone.outfit] run data modify entity @s {} merge value {transformation:[-3.4450928483976665e-16f,0f,-1f,-2.625f,0f,1f,0f,-0.014990234375000022f,1f,0f,-3.4450928483976665e-16f,-3.209238430557093e-16f,0f,0f,0f,1f],start_interpolation:0}
execute if entity @s[tag=aj.tolerate.bone.chest] run data modify entity @s {} merge value {transformation:[-3.4450928483976665e-16f,0f,-1f,-2.63296875f,0f,1f,0f,0.672509765625f,1f,0f,-3.4450928483976665e-16f,0.010937499999999498f,0f,0f,0f,1f],start_interpolation:0}
execute if entity @s[tag=aj.tolerate.bone.right_leg] run data modify entity @s {} merge value {transformation:[-3.4450928483976665e-16f,0.10242632462668462f,-0.9947405933324873f,-2.6875f,0f,0.9947405933324873f,0.10242632462668462f,0.6830078125f,1f,3.52868198459049e-17f,-3.4269737041006036e-16f,-0.10625000000000052f,0f,0f,0f,1f],start_interpolation:0}
execute if entity @s[tag=aj.tolerate.bone.left_leg] run data modify entity @s {} merge value {transformation:[-3.4450928483976665e-16f,0.10242632462668462f,-0.9947405933324873f,-2.6875f,0f,0.9947405933324873f,0.10242632462668462f,0.6830078125f,1f,3.52868198459049e-17f,-3.4269737041006036e-16f,0.10624999999999983f,0f,0f,0f,1f],start_interpolation:0}