execute if entity @s[tag=aj.tolerate.bone.left_straight] run data modify entity @s {} merge value {transformation:[0.03561797007966663f,-0.9134103736692318f,0.40547854379835907f,-2.3430314832820454f,-0.07850483563713365f,-0.40703949590333965f,-0.9100306805577167f,1.3815883094466614f,0.9962772460459942f,0.0005814191164089215f,-0.08620505184048363f,0.014092655032506007f,0f,0f,0f,1f],start_interpolation:0}
execute if entity @s[tag=aj.tolerate.bone.left_bend] run data modify entity @s {} merge value {transformation:[0.03561797007966663f,-0.27965291924578795f,0.9594402560684601f,-2.429257812967563f,-0.07850483563713365f,-0.957865643239571f,-0.2762795690651568f,1.2524788385568622f,0.9962772460459942f,-0.06548018218171796f,-0.056071336282082856f,-0.34901110187481765f,0f,0f,0f,1f],start_interpolation:0}
execute if entity @s[tag=aj.tolerate.bone.right_straight] run data modify entity @s {} merge value {transformation:[0.35654375039208774f,-0.18326419581877174f,-0.9161281507448854f,-2.685189727827286f,0.21232595437680338f,0.9708090229775909f,-0.11156849915309897f,0.7613108197495961f,0.9098319862229093f,-0.15473873282470138f,0.38504763524722685f,-0.013839327804816087f,0f,0f,0f,1f],start_interpolation:0}
execute if entity @s[tag=aj.tolerate.bone.microphone] run data modify entity @s {} merge value {transformation:[0.35654375039208774f,0.39032855843400444f,-0.8488345955056124f,-2.263265790570622f,0.21232595437680338f,0.8509194428700363f,0.48047246627015655f,0.8325993216888266f,0.9098319862229093f,-0.35153907068287443f,0.22051312575240675f,0.16729769564073715f,0f,0f,0f,1f],start_interpolation:0}
execute if entity @s[tag=aj.tolerate.bone.right_bend] run data modify entity @s {} merge value {transformation:[0.35654375039208774f,-0.8488345955056122f,-0.3903285584340046f,-2.665158650248682f,0.21232595437680338f,0.4804724662701567f,-0.8509194428700362f,0.9285873030108234f,0.9098319862229093f,0.22051312575240667f,0.3515390706828745f,0.3050694486683455f,0f,0f,0f,1f],start_interpolation:0}
execute if entity @s[tag=aj.tolerate.bone.head] run data modify entity @s {} merge value {transformation:[-3.4450928483976665e-16f,0.24944309713047222f,-0.9683894574467227f,-2.625f,0f,0.9683894574467227f,0.24944309713047222f,1.220830078125f,1f,8.593546300063544e-17f,-3.336191594313401e-16f,-3.214697847761802e-16f,0f,0f,0f,1f],start_interpolation:0}
execute if entity @s[tag=aj.tolerate.bone.hair] run data modify entity @s {} merge value {transformation:[-3.4450928483976665e-16f,0f,-1f,-2.63296875f,0f,1f,0f,0.8145800781250001f,1f,0f,-3.4450928483976665e-16f,0.010937499999999498f,0f,0f,0f,1f],start_interpolation:0}
execute if entity @s[tag=aj.tolerate.bone.outfit] run data modify entity @s {} merge value {transformation:[-3.4450928483976665e-16f,0f,-1f,-2.625f,0f,1f,0f,-0.216669921875f,1f,0f,-3.4450928483976665e-16f,-3.209238430557093e-16f,0f,0f,0f,1f],start_interpolation:0}
execute if entity @s[tag=aj.tolerate.bone.chest] run data modify entity @s {} merge value {transformation:[-3.4450928483976665e-16f,0f,-1f,-2.63296875f,0f,1f,0f,0.470830078125f,1f,0f,-3.4450928483976665e-16f,0.010937499999999498f,0f,0f,0f,1f],start_interpolation:0}
execute if entity @s[tag=aj.tolerate.bone.right_leg] run data modify entity @s {} merge value {transformation:[-3.4450928483976665e-16f,0.4766529982935873f,-0.8790915306256417f,-2.6875f,0f,0.8790915306256417f,0.4766529982935873f,0.5216640625000001f,1f,1.6421138355885428e-16f,-3.0285519452453567e-16f,-0.10625000000000052f,0f,0f,0f,1f],start_interpolation:0}
execute if entity @s[tag=aj.tolerate.bone.left_leg] run data modify entity @s {} merge value {transformation:[-3.4450928483976665e-16f,0.4766529982935873f,-0.8790915306256417f,-2.6875f,0f,0.8790915306256417f,0.4766529982935873f,0.5216640625000001f,1f,1.6421138355885428e-16f,-3.0285519452453567e-16f,0.10624999999999983f,0f,0f,0f,1f],start_interpolation:0}