execute if entity @s[tag=aj.tolerate.bone.left_straight] run data modify entity @s {} merge value {transformation:[0.0007807203398910214f,-0.06282179947214672f,-0.9980244546036096f,-2.608456119918885f,-0.0869672942244531f,0.9942391421312653f,-0.06265156015106899f,1.0351639162683872f,0.9962108613195443f,0.08684439973404728f,-0.004687219197426099f,-0.02380306510080832f,0f,0f,0f,1f],start_interpolation:0}
execute if entity @s[tag=aj.tolerate.bone.left_bend] run data modify entity @s {} merge value {transformation:[0.0007807203398910214f,-0.0900581343346859f,-0.9959362042399638f,-2.6660355348133447f,-0.0869672942244531f,0.9921569538995837f,-0.08978456751567471f,1.0786100066515614f,0.9962108613195443f,0.08668397354098974f,-0.007057515151716229f,-0.3760017524245294f,0f,0f,0f,1f],start_interpolation:0}
execute if entity @s[tag=aj.tolerate.bone.right_straight] run data modify entity @s {} merge value {transformation:[0.5697448252800469f,-0.26497882877997664f,-0.777931265835871f,-2.7320173391711626f,0.26115281259755757f,0.9559043491276369f,-0.13433571301502012f,0.9978589667457665f,0.7792240002329202f,-0.12662186074000278f,0.61382152279286f,0.006258028544433691f,0f,0f,0f,1f],start_interpolation:0}
execute if entity @s[tag=aj.tolerate.bone.microphone] run data modify entity @s {} merge value {transformation:[0.5697448252800469f,-0.26197093534901705f,-0.7789493328188746f,-2.3465669752634395f,0.26115281259755757f,0.9564162843680268f,-0.13064110941063953f,1.3499632799912225f,0.7792240002329202f,-0.12899271308108373f,0.6133276754174618f,0.0304020718796727f,0f,0f,0f,1f],start_interpolation:0}
execute if entity @s[tag=aj.tolerate.bone.right_bend] run data modify entity @s {} merge value {transformation:[0.5697448252800469f,-0.7789493328188747f,0.2619709353490169f,-2.63811311530294f,0.26115281259755757f,-0.1306411094106393f,-0.9564162843680268f,1.1778024399921567f,0.7792240002329202f,0.6133276754174618f,0.12899271308108387f,0.3043986276055898f,0f,0f,0f,1f],start_interpolation:0}
execute if entity @s[tag=aj.tolerate.bone.head] run data modify entity @s {} merge value {transformation:[-3.4450928483976665e-16f,0.008780987684619143f,-0.9999614463844506f,-2.625f,0f,0.9999614463844506f,0.008780987684619143f,1.466611328125f,1f,3.0251317874149394e-18f,-3.4449600276124574e-16f,-3.214697847761802e-16f,0f,0f,0f,1f],start_interpolation:0}
execute if entity @s[tag=aj.tolerate.bone.hair] run data modify entity @s {} merge value {transformation:[-3.4450928483976665e-16f,0f,-1f,-2.63296875f,0f,1f,0f,1.060361328125f,1f,0f,-3.4450928483976665e-16f,0.010937499999999498f,0f,0f,0f,1f],start_interpolation:0}
execute if entity @s[tag=aj.tolerate.bone.outfit] run data modify entity @s {} merge value {transformation:[-3.4450928483976665e-16f,0f,-1f,-2.625f,0f,1f,0f,0.029111328124999947f,1f,0f,-3.4450928483976665e-16f,-3.209238430557093e-16f,0f,0f,0f,1f],start_interpolation:0}
execute if entity @s[tag=aj.tolerate.bone.chest] run data modify entity @s {} merge value {transformation:[-3.4450928483976665e-16f,0f,-1f,-2.63296875f,0f,1f,0f,0.716611328125f,1f,0f,-3.4450928483976665e-16f,0.010937499999999498f,0f,0f,0f,1f],start_interpolation:0}
execute if entity @s[tag=aj.tolerate.bone.right_leg] run data modify entity @s {} merge value {transformation:[-3.4450928483976665e-16f,0.01639717887094953f,-0.9998655572251072f,-2.6875f,0f,0.9998655572251072f,0.01639717887094953f,0.7182890625f,1f,5.648980366220555e-18f,-3.4446296805553645e-16f,-0.10625000000000052f,0f,0f,0f,1f],start_interpolation:0}
execute if entity @s[tag=aj.tolerate.bone.left_leg] run data modify entity @s {} merge value {transformation:[-3.4450928483976665e-16f,0.01639717887094953f,-0.9998655572251072f,-2.6875f,0f,0.9998655572251072f,0.01639717887094953f,0.7182890625f,1f,5.648980366220555e-18f,-3.4446296805553645e-16f,0.10624999999999983f,0f,0f,0f,1f],start_interpolation:0}