execute if entity @s[tag=aj.tolerate.bone.left_straight] run data modify entity @s {} merge value {transformation:[0.010518986389368778f,-0.3404125347313968f,-0.9402173456829468f,-2.5005879626748313f,-0.08461206318031883f,0.9365941467630332f,-0.340047354075275f,1.0418521342469726f,0.9963584443811926f,0.08313068294541584f,-0.018950985813902612f,-0.021533832954730492f,0f,0f,0f,1f],start_interpolation:0}
execute if entity @s[tag=aj.tolerate.bone.left_bend] run data modify entity @s {} merge value {transformation:[0.010518986389368778f,-0.4805513914689747f,-0.8769034787720782f,-2.5768662448347563f,-0.08461206318031883f,0.873379117908681f,-0.4796349811736256f,1.081125174828096f,0.9963584443811926f,0.07924188638773497f,-0.03147338164232268f,-0.3733772471137235f,0f,0f,0f,1f],start_interpolation:0}
execute if entity @s[tag=aj.tolerate.bone.right_straight] run data modify entity @s {} merge value {transformation:[0.5439337980856529f,-0.2571526383347514f,-0.7987543701899807f,-2.725324245571243f,0.2570021869954978f,0.9571945261433952f,-0.13314846976459146f,0.9670643332518456f,0.7988027911691642f,-0.13285766714268957f,0.5867392445556672f,0.0036351676521280407f,0f,0f,0f,1f],start_interpolation:0}
execute if entity @s[tag=aj.tolerate.bone.microphone] run data modify entity @s {} merge value {transformation:[0.5439337980856529f,-0.18907028672728007f,-0.8175502736694427f,-2.3241978239279217f,0.2570021869954978f,0.9650010293229386f,-0.05218131164699114f,1.2863336246393973f,0.7988027911691642f,-0.1817290292785755f,0.5734881522209674f,0.04136147027536918f,0f,0f,0f,1f],start_interpolation:0}
execute if entity @s[tag=aj.tolerate.bone.right_bend] run data modify entity @s {} merge value {transformation:[0.5439337980856529f,-0.8175502736694427f,0.18907028672727988f,-2.6409404965315844f,0.2570021869954978f,-0.05218131164699093f,-0.9650010293229386f,1.1458693827362247f,0.7988027911691642f,0.5734881522209674f,0.18172902927857565f,0.30528664006642475f,0f,0f,0f,1f],start_interpolation:0}
execute if entity @s[tag=aj.tolerate.bone.head] run data modify entity @s {} merge value {transformation:[-3.4450928483976665e-16f,0.04068426124157733f,-0.9991720526952438f,-2.625f,0f,0.9991720526952438f,0.04068426124157733f,1.435f,1f,1.401610574457004e-17f,-3.4422404930592005e-16f,-3.214697847761802e-16f,0f,0f,0f,1f],start_interpolation:0}
execute if entity @s[tag=aj.tolerate.bone.hair] run data modify entity @s {} merge value {transformation:[-3.4450928483976665e-16f,0f,-1f,-2.63296875f,0f,1f,0f,1.02875f,1f,0f,-3.4450928483976665e-16f,0.010937499999999498f,0f,0f,0f,1f],start_interpolation:0}
execute if entity @s[tag=aj.tolerate.bone.outfit] run data modify entity @s {} merge value {transformation:[-3.4450928483976665e-16f,0f,-1f,-2.625f,0f,1f,0f,-0.0025000000000000577f,1f,0f,-3.4450928483976665e-16f,-3.209238430557093e-16f,0f,0f,0f,1f],start_interpolation:0}
execute if entity @s[tag=aj.tolerate.bone.chest] run data modify entity @s {} merge value {transformation:[-3.4450928483976665e-16f,0f,-1f,-2.63296875f,0f,1f,0f,0.6849999999999999f,1f,0f,-3.4450928483976665e-16f,0.010937499999999498f,0f,0f,0f,1f],start_interpolation:0}
execute if entity @s[tag=aj.tolerate.bone.right_leg] run data modify entity @s {} merge value {transformation:[-3.4450928483976665e-16f,0.07811110115803353f,-0.996944660387867f,-2.6875f,0f,0.996944660387867f,0.07811110115803353f,0.693f,1f,2.6909999598000802e-17f,-3.434566919750481e-16f,-0.10625000000000052f,0f,0f,0f,1f],start_interpolation:0}
execute if entity @s[tag=aj.tolerate.bone.left_leg] run data modify entity @s {} merge value {transformation:[-3.4450928483976665e-16f,0.07811110115803353f,-0.996944660387867f,-2.6875f,0f,0.996944660387867f,0.07811110115803353f,0.693f,1f,2.6909999598000802e-17f,-3.434566919750481e-16f,0.10624999999999983f,0f,0f,0f,1f],start_interpolation:0}