execute if entity @s[tag=aj.tolerate.bone.left_straight] run data modify entity @s {} merge value {transformation:[-3.431983230007545e-16f,-0.8433914458128858f,0.5372996083468238f,-2.38998543401517f,-0.08715574274765818f,-0.5352550211218774f,-0.8401820867347286f,1.3660644475961707f,0.9961946980917455f,-0.04682874644349355f,-0.07350640788684319f,0.031742342531348666f,0f,0f,0f,1f],start_interpolation:0}
execute if entity @s[tag=aj.tolerate.bone.left_bend] run data modify entity @s {} merge value {transformation:[-3.431983230007545e-16f,-0.08715574274765836f,0.9961946980917455f,-2.4430709130251023f,-0.08715574274765818f,-0.9924038765061042f,-0.08682408883346526f,1.2250523748595488f,0.9961946980917455f,-0.08682408883346522f,-0.00759612349389565f,-0.33663696388205466f,0f,0f,0f,1f],start_interpolation:0}
execute if entity @s[tag=aj.tolerate.bone.right_straight] run data modify entity @s {} merge value {transformation:[0.3024110653493163f,-0.15785914866564438f,-0.9400149130396015f,-2.6757155743519414f,0.19583574630278255f,0.9754416618632762f,-0.10080637267277391f,0.706086869221398f,0.9328429171218077f,-0.1536035594768818f,0.3258988163398393f,-0.018712073885842312f,0f,0f,0f,1f],start_interpolation:0}
execute if entity @s[tag=aj.tolerate.bone.microphone] run data modify entity @s {} merge value {transformation:[0.3024110653493163f,0.5462720524406075f,-0.7811109986913625f,-2.279951790530872f,0.19583574630278255f,0.7663903239544937f,0.6117959069975528f,0.708061438850661f,0.9328429171218077f,-0.33798330738551596f,0.12478531926642697f,0.2067331295144205f,0f,0f,0f,1f],start_interpolation:0}
execute if entity @s[tag=aj.tolerate.bone.right_bend] run data modify entity @s {} merge value {transformation:[0.3024110653493163f,-0.7811109986913624f,-0.5462720524406077f,-2.672970890309855f,0.19583574630278255f,0.611795906997553f,-0.7663903239544936f,0.8693050886482523f,0.9328429171218077f,0.1247853192664269f,0.33798330738551596f,0.30290532799012737f,0f,0f,0f,1f],start_interpolation:0}
execute if entity @s[tag=aj.tolerate.bone.head] run data modify entity @s {} merge value {transformation:[-3.4450928483976665e-16f,0.30669220473318126f,-0.9518087473625678f,-2.625f,0f,0.9518087473625678f,0.30669220473318126f,1.1625f,1f,1.0565831211855957e-16f,-3.279069508581124e-16f,-3.214697847761802e-16f,0f,0f,0f,1f],start_interpolation:0}
execute if entity @s[tag=aj.tolerate.bone.hair] run data modify entity @s {} merge value {transformation:[-3.4450928483976665e-16f,0f,-1f,-2.63296875f,0f,1f,0f,0.7562500000000001f,1f,0f,-3.4450928483976665e-16f,0.010937499999999498f,0f,0f,0f,1f],start_interpolation:0}
execute if entity @s[tag=aj.tolerate.bone.outfit] run data modify entity @s {} merge value {transformation:[-3.4450928483976665e-16f,0f,-1f,-2.625f,0f,1f,0f,-0.275f,1f,0f,-3.4450928483976665e-16f,-3.209238430557093e-16f,0f,0f,0f,1f],start_interpolation:0}
execute if entity @s[tag=aj.tolerate.bone.chest] run data modify entity @s {} merge value {transformation:[-3.4450928483976665e-16f,0f,-1f,-2.63296875f,0f,1f,0f,0.4125f,1f,0f,-3.4450928483976665e-16f,0.010937499999999498f,0f,0f,0f,1f],start_interpolation:0}
execute if entity @s[tag=aj.tolerate.bone.right_leg] run data modify entity @s {} merge value {transformation:[-3.4450928483976665e-16f,0.573576436351046f,-0.8191520442889918f,-2.6875f,0f,0.8191520442889918f,0.573576436351046f,0.475f,1f,1.976024078882408e-16f,-2.822054849530334e-16f,-0.10625000000000052f,0f,0f,0f,1f],start_interpolation:0}
execute if entity @s[tag=aj.tolerate.bone.left_leg] run data modify entity @s {} merge value {transformation:[-3.4450928483976665e-16f,0.573576436351046f,-0.8191520442889918f,-2.6875f,0f,0.8191520442889918f,0.573576436351046f,0.475f,1f,1.976024078882408e-16f,-2.822054849530334e-16f,0.10624999999999983f,0f,0f,0f,1f],start_interpolation:0}