execute if entity @s[tag=aj.tolerate.bone.left_straight] run data modify entity @s {} merge value {transformation:[0.04830368108524423f,-0.9918280613036521f,0.11808408531319439f,-2.2924731871371473f,-0.07539968483147166f,-0.12150553394599428f,-0.9897228363273294f,1.3331390171088848f,0.995982751818991f,0.03890375343251121f,-0.08065268779112454f,-0.0011644802881904948f,0f,0f,0f,1f],start_interpolation:0}
execute if entity @s[tag=aj.tolerate.bone.left_bend] run data modify entity @s {} merge value {transformation:[0.04830368108524423f,-0.6473201311662592f,0.7606861390747908f,-2.410650351786965f,-0.07539968483147166f,-0.7617652527068406f,-0.6434505321279935f,1.2415617940490695f,0.995982751818991f,-0.02627446584386696f,-0.08560379970357453f,-0.3584839228525193f,0f,0f,0f,1f],start_interpolation:0}
execute if entity @s[tag=aj.tolerate.bone.right_straight] run data modify entity @s {} merge value {transformation:[0.4080848770193112f,-0.2060408876930381f,-0.8893896141437668f,-2.69497537675566f,0.22674609842156276f,0.9665484215875477f,-0.11987641793621942f,0.8153636866694833f,0.8843375712920563f,-0.15274587171274068f,0.44115276115647545f,-0.009186184163765071f,0f,0f,0f,1f],start_interpolation:0}
execute if entity @s[tag=aj.tolerate.bone.microphone] run data modify entity @s {} merge value {transformation:[0.4080848770193112f,0.23168624039264382f,-0.883056181203017f,-2.261540808347719f,0.22674609842156276f,0.9112318673719854f,0.3438643493245026f,0.9547467618873947f,0.8843375712920563f,-0.3405553844802438f,0.31932599346558155f,0.12864844247725477f,0f,0f,0f,1f],start_interpolation:0}
execute if entity @s[tag=aj.tolerate.bone.right_bend] run data modify entity @s {} merge value {transformation:[0.4080848770193112f,-0.883056181203017f,-0.23168624039264402f,-2.6579883035523664f,0.22674609842156276f,0.3438643493245028f,-0.9112318673719852f,0.9862607071854564f,0.8843375712920563f,0.3193259934655815f,0.34055538448024386f,0.30626846935624547f,0f,0f,0f,1f],start_interpolation:0}
execute if entity @s[tag=aj.tolerate.bone.head] run data modify entity @s {} merge value {transformation:[-3.4450928483976665e-16f,0.1941192974545987f,-0.9809779295966515f,-2.625f,0f,0.9809779295966515f,0.1941192974545987f,1.2775781250000002f,1f,6.687590033968173e-17f,-3.3795600496893737e-16f,-3.214697847761802e-16f,0f,0f,0f,1f],start_interpolation:0}
execute if entity @s[tag=aj.tolerate.bone.hair] run data modify entity @s {} merge value {transformation:[-3.4450928483976665e-16f,0f,-1f,-2.63296875f,0f,1f,0f,0.8713281250000001f,1f,0f,-3.4450928483976665e-16f,0.010937499999999498f,0f,0f,0f,1f],start_interpolation:0}
execute if entity @s[tag=aj.tolerate.bone.outfit] run data modify entity @s {} merge value {transformation:[-3.4450928483976665e-16f,0f,-1f,-2.625f,0f,1f,0f,-0.159921875f,1f,0f,-3.4450928483976665e-16f,-3.209238430557093e-16f,0f,0f,0f,1f],start_interpolation:0}
execute if entity @s[tag=aj.tolerate.bone.chest] run data modify entity @s {} merge value {transformation:[-3.4450928483976665e-16f,0f,-1f,-2.63296875f,0f,1f,0f,0.527578125f,1f,0f,-3.4450928483976665e-16f,0.010937499999999498f,0f,0f,0f,1f],start_interpolation:0}
execute if entity @s[tag=aj.tolerate.bone.right_leg] run data modify entity @s {} merge value {transformation:[-3.4450928483976665e-16f,0.37640617935713827f,-0.9264547415506933f,-2.6875f,0f,0.9264547415506933f,0.37640617935713827f,0.5670625f,1f,1.2967542365959664e-16f,-3.191722604480402e-16f,-0.10625000000000052f,0f,0f,0f,1f],start_interpolation:0}
execute if entity @s[tag=aj.tolerate.bone.left_leg] run data modify entity @s {} merge value {transformation:[-3.4450928483976665e-16f,0.37640617935713827f,-0.9264547415506933f,-2.6875f,0f,0.9264547415506933f,0.37640617935713827f,0.5670625f,1f,1.2967542365959664e-16f,-3.191722604480402e-16f,0.10624999999999983f,0f,0f,0f,1f],start_interpolation:0}