execute if entity @s[tag=aj.tolerate.bone.left_straight] run data modify entity @s {} merge value {transformation:[0.01483314397425919f,-0.8588395690541608f,0.5120298550540807f,-2.3773601642715607f,-0.08356600420780907f,-0.5113594519711486f,-0.8552942381546291f,1.3784237188207324f,0.9963918409845492f,-0.030101586447071206f,-0.07935485941509922f,0.025649415524926555f,0f,0f,0f,1f],start_interpolation:0}
execute if entity @s[tag=aj.tolerate.bone.left_bend] run data modify entity @s {} merge value {transformation:[0.01483314397425919f,-0.12212252400597057f,0.9924041852845296f,-2.4403314137469225f,-0.08356600420780907f,-0.9891924539929339f,-0.12047826320203331f,1.2383670484002456f,0.9963918409845492f,-0.08114418089948983f,-0.024878125443279147f,-0.34113140269099657f,0f,0f,0f,1f],start_interpolation:0}
execute if entity @s[tag=aj.tolerate.bone.right_straight] run data modify entity @s {} merge value {transformation:[0.3206473703607627f,-0.166569119574312f,-0.9324376613398702f,-2.6788229278932056f,0.20153126737500998f,0.973873537918535f,-0.10466843082925234f,0.7245310638769799f,0.9255108925079976f,-0.15435368653282722f,0.34583887477086145f,-0.017068566521196454f,0f,0f,0f,1f],start_interpolation:0}
execute if entity @s[tag=aj.tolerate.bone.microphone] run data modify entity @s {} merge value {transformation:[0.3206473703607627f,0.49532265244093737f,-0.807366542445005f,-2.272670197778346f,0.20153126737500998f,0.79718044311502f,0.5691120183102466f,0.7495174207339812f,0.9255108925079976f,-0.34519387464700846f,0.1557908108818851f,0.19374220247001123f,0f,0f,0f,1f],start_interpolation:0}
execute if entity @s[tag=aj.tolerate.bone.right_bend] run data modify entity @s {} merge value {transformation:[0.3206473703607627f,-0.8073665424450049f,-0.49532265244093754f,-2.6703116405352656f,0.20153126737500998f,0.5691120183102468f,-0.7971804431150199f,0.8891420181779934f,0.9255108925079976f,0.155790810881885f,0.3451938746470085f,0.3037370839035316f,0f,0f,0f,1f],start_interpolation:0}
execute if entity @s[tag=aj.tolerate.bone.head] run data modify entity @s {} merge value {transformation:[-3.4450928483976665e-16f,0.28747887512129094f,-0.9577869785912717f,-2.625f,0f,0.9577869785912717f,0.28747887512129094f,1.182021484375f,1f,9.903914167457654e-17f,-3.299665070233199e-16f,-3.214697847761802e-16f,0f,0f,0f,1f],start_interpolation:0}
execute if entity @s[tag=aj.tolerate.bone.hair] run data modify entity @s {} merge value {transformation:[-3.4450928483976665e-16f,0f,-1f,-2.63296875f,0f,1f,0f,0.7757714843750001f,1f,0f,-3.4450928483976665e-16f,0.010937499999999498f,0f,0f,0f,1f],start_interpolation:0}
execute if entity @s[tag=aj.tolerate.bone.outfit] run data modify entity @s {} merge value {transformation:[-3.4450928483976665e-16f,0f,-1f,-2.625f,0f,1f,0f,-0.255478515625f,1f,0f,-3.4450928483976665e-16f,-3.209238430557093e-16f,0f,0f,0f,1f],start_interpolation:0}
execute if entity @s[tag=aj.tolerate.bone.chest] run data modify entity @s {} merge value {transformation:[-3.4450928483976665e-16f,0f,-1f,-2.63296875f,0f,1f,0f,0.432021484375f,1f,0f,-3.4450928483976665e-16f,0.010937499999999498f,0f,0f,0f,1f],start_interpolation:0}
execute if entity @s[tag=aj.tolerate.bone.right_leg] run data modify entity @s {} merge value {transformation:[-3.4450928483976665e-16f,0.5419076242482881f,-0.8404380564810093f,-2.6875f,0f,0.8404380564810093f,0.5419076242482881f,0.49061718749999994f,1f,1.8669220807899472e-16f,-2.8953871379039594e-16f,-0.10625000000000052f,0f,0f,0f,1f],start_interpolation:0}
execute if entity @s[tag=aj.tolerate.bone.left_leg] run data modify entity @s {} merge value {transformation:[-3.4450928483976665e-16f,0.5419076242482881f,-0.8404380564810093f,-2.6875f,0f,0.8404380564810093f,0.5419076242482881f,0.49061718749999994f,1f,1.8669220807899472e-16f,-2.8953871379039594e-16f,0.10624999999999983f,0f,0f,0f,1f],start_interpolation:0}