execute if entity @s[tag=aj.tolerate.bone.left_straight] run data modify entity @s {} merge value {transformation:[0.04621040480789005f,-0.9723151892299429f,0.22905844511877674f,-2.306828454553482f,-0.07591285357190573f,-0.2320584658498308f,-0.9697350705682422f,1.3560637277074485f,0.996043090006683f,0.027423369963656193f,-0.08453473623177106f,0.0035172624609668413f,0f,0f,0f,1f],start_interpolation:0}
execute if entity @s[tag=aj.tolerate.bone.left_bend] run data modify entity @s {} merge value {transformation:[0.04621040480789005f,-0.5177210389483075f,0.8543006053595985f,-2.4158644625352865f,-0.07591285357190573f,-0.8545611926283092f,-0.5137727189295404f,1.249493813242643f,0.996043090006683f,-0.04111075144006923f,-0.07879130006524523f,-0.35564282994232593f,0f,0f,0f,1f],start_interpolation:0}
execute if entity @s[tag=aj.tolerate.bone.right_straight] run data modify entity @s {} merge value {transformation:[0.391285148737468f,-0.19878550949187954f,-0.8985434066273879f,-2.6916965084934357f,0.22219612868432037f,0.9679113930447183f,-0.11737297649771741f,0.7975707281170625f,0.893042447353539f,-0.153726563840758f,0.4228987240398283f,-0.010707842066853351f,0f,0f,0f,1f],start_interpolation:0}
execute if entity @s[tag=aj.tolerate.bone.microphone] run data modify entity @s {} merge value {transformation:[0.391285148737468f,0.28413933624185117f,-0.87530610073136f,-2.2605560843481523f,0.22219612868432037f,0.8938310108817367f,0.389480428755841f,0.9146121324902314f,0.893042447353539f,-0.34688753449233806f,0.28660813951914993f,0.1412110375632595f,0f,0f,0f,1f],start_interpolation:0}
execute if entity @s[tag=aj.tolerate.bone.right_bend] run data modify entity @s {} merge value {transformation:[0.391285148737468f,-0.8753061007313598f,-0.2841393362418514f,-2.6602922616296767f,0.22219612868432037f,0.3894804287558412f,-0.8938310108817366f,0.9673172851688842f,0.893042447353539f,0.2866081395191499f,0.3468875344923381f,0.30597078569445507f,0f,0f,0f,1f],start_interpolation:0}
execute if entity @s[tag=aj.tolerate.bone.head] run data modify entity @s {} merge value {transformation:[-3.4450928483976665e-16f,0.21226295085022875f,-0.9772125867467905f,-2.625f,0f,0.9772125867467905f,0.21226295085022875f,1.258935546875f,1f,7.312655739539085e-17f,-3.3665880939655523e-16f,-3.214697847761802e-16f,0f,0f,0f,1f],start_interpolation:0}
execute if entity @s[tag=aj.tolerate.bone.hair] run data modify entity @s {} merge value {transformation:[-3.4450928483976665e-16f,0f,-1f,-2.63296875f,0f,1f,0f,0.8526855468750001f,1f,0f,-3.4450928483976665e-16f,0.010937499999999498f,0f,0f,0f,1f],start_interpolation:0}
execute if entity @s[tag=aj.tolerate.bone.outfit] run data modify entity @s {} merge value {transformation:[-3.4450928483976665e-16f,0f,-1f,-2.625f,0f,1f,0f,-0.17856445312500002f,1f,0f,-3.4450928483976665e-16f,-3.209238430557093e-16f,0f,0f,0f,1f],start_interpolation:0}
execute if entity @s[tag=aj.tolerate.bone.chest] run data modify entity @s {} merge value {transformation:[-3.4450928483976665e-16f,0f,-1f,-2.63296875f,0f,1f,0f,0.508935546875f,1f,0f,-3.4450928483976665e-16f,0.010937499999999498f,0f,0f,0f,1f],start_interpolation:0}
execute if entity @s[tag=aj.tolerate.bone.right_leg] run data modify entity @s {} merge value {transformation:[-3.4450928483976665e-16f,0.4099105966947152f,-0.9121257055457775f,-2.6875f,0f,0.9121257055457775f,0.4099105966947152f,0.5521484375f,1f,1.4121800651553834e-16f,-3.142357745015434e-16f,-0.10625000000000052f,0f,0f,0f,1f],start_interpolation:0}
execute if entity @s[tag=aj.tolerate.bone.left_leg] run data modify entity @s {} merge value {transformation:[-3.4450928483976665e-16f,0.4099105966947152f,-0.9121257055457775f,-2.6875f,0f,0.9121257055457775f,0.4099105966947152f,0.5521484375f,1f,1.4121800651553834e-16f,-3.142357745015434e-16f,0.10624999999999983f,0f,0f,0f,1f],start_interpolation:0}