execute if entity @s[tag=aj.tolerate.bone.left_straight] run data modify entity @s {} merge value {transformation:[-0.04502001935768689f,-0.842358450706053f,0.5370339266574609f,-2.4063392697803736f,-0.09791984216310536f,-0.5312693307478824f,-0.8415251646370708f,1.3217909657816933f,0.9941754887180563f,-0.09047175653647288f,-0.05856585098347965f,0.04712309337401116f,0f,0f,0f,1f],start_interpolation:0}
execute if entity @s[tag=aj.tolerate.bone.left_bend] run data modify entity @s {} merge value {transformation:[-0.04502001935768689f,-0.09646043748800809f,0.9943181492141513f,-2.4416601075382247f,-0.09791984216310536f,-0.9901082537894828f,-0.10048557254000873f,1.1877842286417863f,0.9941754887180563f,-0.10188733865188018f,0.035129301937998264f,-0.3244406471738917f,0f,0f,0f,1f],start_interpolation:0}
execute if entity @s[tag=aj.tolerate.bone.right_straight] run data modify entity @s {} merge value {transformation:[0.2656666035565643f,-0.1398955356637373f,-0.9538608362104376f,-2.6696924227018703f,0.18396659032651083f,0.9785907419496771f,-0.09228463259946446f,0.6693677280228978f,0.9463495915349449f,-0.15096158078046354f,0.2857149833836275f,-0.022039756067933153f,0f,0f,0f,1f],start_interpolation:0}
execute if entity @s[tag=aj.tolerate.bone.microphone] run data modify entity @s {} merge value {transformation:[0.2656666035565643f,0.6429878075026487f,-0.7183230019689305f,-2.2995574342919527f,0.18396659032651083f,0.6975948003599032f,0.6924722291575774f,0.6262979481798209f,0.9463495915349449f,-0.3161141786028641f,0.06703936670255381f,0.23153027498826173f,0f,0f,0f,1f],start_interpolation:0}
execute if entity @s[tag=aj.tolerate.bone.right_bend] run data modify entity @s {} merge value {transformation:[0.2656666035565643f,-0.7183230019689304f,-0.6429878075026488f,-2.6783997052750994f,0.18396659032651083f,0.6924722291575776f,-0.6975948003599031f,0.8297111801265129f,0.9463495915349449f,0.06703936670255374f,0.3161141786028641f,0.30091478288530443f,0f,0f,0f,1f],start_interpolation:0}
execute if entity @s[tag=aj.tolerate.bone.head] run data modify entity @s {} merge value {transformation:[-3.4450928483976665e-16f,0.34526150799776956f,-0.9385065216049946f,-2.625f,0f,0.9385065216049946f,0.34526150799776956f,1.123515625f,1f,1.1894579520301097e-16f,-3.233242105755937e-16f,-3.214697847761802e-16f,0f,0f,0f,1f],start_interpolation:0}
execute if entity @s[tag=aj.tolerate.bone.hair] run data modify entity @s {} merge value {transformation:[-3.4450928483976665e-16f,0f,-1f,-2.63296875f,0f,1f,0f,0.717265625f,1f,0f,-3.4450928483976665e-16f,0.010937499999999498f,0f,0f,0f,1f],start_interpolation:0}
execute if entity @s[tag=aj.tolerate.bone.outfit] run data modify entity @s {} merge value {transformation:[-3.4450928483976665e-16f,0f,-1f,-2.625f,0f,1f,0f,-0.31398437500000004f,1f,0f,-3.4450928483976665e-16f,-3.209238430557093e-16f,0f,0f,0f,1f],start_interpolation:0}
execute if entity @s[tag=aj.tolerate.bone.chest] run data modify entity @s {} merge value {transformation:[-3.4450928483976665e-16f,0f,-1f,-2.63296875f,0f,1f,0f,0.37351562499999996f,1f,0f,-3.4450928483976665e-16f,0.010937499999999498f,0f,0f,0f,1f],start_interpolation:0}
execute if entity @s[tag=aj.tolerate.bone.right_leg] run data modify entity @s {} merge value {transformation:[-3.4450928483976665e-16f,0.6342752254626776f,-0.7731073265493411f,-2.6875f,0f,0.7731073265493411f,0.6342752254626776f,0.44381249999999994f,1f,2.1851370431572879e-16f,-2.6634265217389745e-16f,-0.10625000000000052f,0f,0f,0f,1f],start_interpolation:0}
execute if entity @s[tag=aj.tolerate.bone.left_leg] run data modify entity @s {} merge value {transformation:[-3.4450928483976665e-16f,0.6342752254626776f,-0.7731073265493411f,-2.6875f,0f,0.7731073265493411f,0.6342752254626776f,0.44381249999999994f,1f,2.1851370431572879e-16f,-2.6634265217389745e-16f,0.10624999999999983f,0f,0f,0f,1f],start_interpolation:0}