execute if entity @s[tag=aj.tolerate.bone.left_straight] run data modify entity @s {} merge value {transformation:[-0.6079396023675844f,-0.5682308462017335f,-0.5545476943401759f,-2.652698945854593f,-0.1930299317474782f,0.7832584717361912f,-0.5909700600733088f,0.49988704624891495f,0.7701615968890602f,-0.25222979974290916f,-0.5858594053174745f,0.059103384493183864f,0f,0f,0f,1f],start_interpolation:0}
execute if entity @s[tag=aj.tolerate.bone.left_bend] run data modify entity @s {} merge value {transformation:[-0.6079396023675844f,-0.7228258460714058f,-0.32853041887213374f,-2.4775642587582434f,-0.1930299317474782f,0.5359144295501557f,-0.8219094656040258f,0.5477344631902618f,0.7701615968890602f,-0.43625510936960676f,-0.46533062893624927f,-0.251195396054578f,0f,0f,0f,1f],start_interpolation:0}
execute if entity @s[tag=aj.tolerate.bone.right_straight] run data modify entity @s {} merge value {transformation:[0.008246874135342464f,-0.004466100240896792f,-0.9999560205407206f,-2.63398519720971f,0.0903521906215281f,0.9959029925694528f,-0.0037028423001182133f,0.42385784443228813f,0.9958757305592334f,-0.09031768010664776f,0.008616608571031538f,-0.04691166497155844f,0f,0f,0f,1f],start_interpolation:0}
execute if entity @s[tag=aj.tolerate.bone.microphone] run data modify entity @s {} merge value {transformation:[0.008246874135342464f,0.9996336278224369f,-0.02577982144137707f,-2.583180810060407f,0.0903521906215281f,0.024930343896047043f,0.995597790075448f,0.1495971196670572f,0.9958757305592334f,-0.010539833005237587f,-0.090113490684441f,0.3092935010067723f,0f,0f,0f,1f],start_interpolation:0}
execute if entity @s[tag=aj.tolerate.bone.right_bend] run data modify entity @s {} merge value {transformation:[0.008246874135342464f,-0.02577982144137685f,-0.9996336278224369f,-2.717506491512398f,0.0903521906215281f,0.995597790075448f,-0.02493034389604682f,0.5625374382447423f,0.9958757305592334f,-0.090113490684441f,0.010539833005237566f,0.27538887379750576f,0f,0f,0f,1f],start_interpolation:0}
execute if entity @s[tag=aj.tolerate.bone.head] run data modify entity @s {} merge value {transformation:[-3.4450928483976665e-16f,0.6338167476855858f,-0.773483245037193f,-2.625f,0f,0.773483245037193f,0.6338167476855858f,0.8583886718750001f,1f,2.18355754464628e-16f,-2.6647215958330535e-16f,-3.214697847761802e-16f,0f,0f,0f,1f],start_interpolation:0}
execute if entity @s[tag=aj.tolerate.bone.hair] run data modify entity @s {} merge value {transformation:[-3.4450928483976665e-16f,0f,-1f,-2.63296875f,0f,1f,0f,0.4521386718750001f,1f,0f,-3.4450928483976665e-16f,0.010937499999999498f,0f,0f,0f,1f],start_interpolation:0}
execute if entity @s[tag=aj.tolerate.bone.outfit] run data modify entity @s {} merge value {transformation:[-3.4450928483976665e-16f,0f,-1f,-2.625f,0f,1f,0f,-0.579111328125f,1f,0f,-3.4450928483976665e-16f,-3.209238430557093e-16f,0f,0f,0f,1f],start_interpolation:0}
execute if entity @s[tag=aj.tolerate.bone.chest] run data modify entity @s {} merge value {transformation:[-3.4450928483976665e-16f,0f,-1f,-2.63296875f,0f,1f,0f,0.10838867187500004f,1f,0f,-3.4450928483976665e-16f,0.010937499999999498f,0f,0f,0f,1f],start_interpolation:0}
execute if entity @s[tag=aj.tolerate.bone.right_leg] run data modify entity @s {} merge value {transformation:[-3.4450928483976665e-16f,0.9339581204348449f,-0.3573824691752685f,-2.6875f,0f,0.3573824691752685f,0.9339581204348449f,0.23171093750000007f,1f,3.2175724414130107e-16f,-1.231215788698417e-16f,-0.10625000000000052f,0f,0f,0f,1f],start_interpolation:0}
execute if entity @s[tag=aj.tolerate.bone.left_leg] run data modify entity @s {} merge value {transformation:[-3.4450928483976665e-16f,0.9339581204348449f,-0.3573824691752685f,-2.6875f,0f,0.3573824691752685f,0.9339581204348449f,0.23171093750000007f,1f,3.2175724414130107e-16f,-1.231215788698417e-16f,0.10624999999999983f,0f,0f,0f,1f],start_interpolation:0}