execute if entity @s[tag=aj.tolerate.bone.left_straight] run data modify entity @s {} merge value {transformation:[-0.5108295598842051f,-0.807639400974489f,-0.29457046481627824f,-2.5396612959843017f,-0.18522132264618016f,0.4380002634476402f,-0.8796867799717112f,0.7096590047583049f,0.8394916452149532f,-0.39480927954313144f,-0.3733355198757875f,0.1273542413033682f,0f,0f,0f,1f],start_interpolation:0}
execute if entity @s[tag=aj.tolerate.bone.left_bend] run data modify entity @s {} merge value {transformation:[-0.5108295598842051f,-0.8412635779688724f,0.1769993026300405f,-2.4191915598051006f,-0.18522132264618016f,-0.09335187456108912f,-0.9782527736495975f,0.7327925780655333f,0.8394916452149532f,-0.5325044787595142f,-0.1081330556090459f,-0.21673872053754564f,0f,0f,0f,1f],start_interpolation:0}
execute if entity @s[tag=aj.tolerate.bone.right_straight] run data modify entity @s {} merge value {transformation:[0.06470162769540705f,-0.034983972707138725f,-0.9972912418281789f,-2.6410936830124188f,0.11201314220062568f,0.9933239789309682f,-0.027577687631341184f,0.4764208050542508f,0.9915980815571939f,-0.10992540440851511f,0.06818834297529941f,-0.041138537887826315f,0f,0f,0f,1f],start_interpolation:0}
execute if entity @s[tag=aj.tolerate.bone.microphone] run data modify entity @s {} merge value {transformation:[0.06470162769540705f,0.9775290762123409f,-0.2006255331033727f,-2.504457349988136f,0.11201314220062568f,0.1926618580763336f,0.9748509960075527f,0.23638663112378966f,0.9915980815571939f,-0.08554714257076185f,-0.09703056760665893f,0.31023506336130374f,0f,0f,0f,1f],start_interpolation:0}
execute if entity @s[tag=aj.tolerate.bone.right_bend] run data modify entity @s {} merge value {transformation:[0.06470162769540705f,-0.20062553310337247f,-0.9775290762123409f,-2.7089354338979574f,0.11201314220062568f,0.9748509960075527f,-0.19266185807633338f,0.6199793406213452f,0.9915980815571939f,-0.09703056760665894f,0.08554714257076182f,0.282703888819096f,0f,0f,0f,1f],start_interpolation:0}
execute if entity @s[tag=aj.tolerate.bone.head] run data modify entity @s {} merge value {transformation:[-3.4450928483976665e-16f,0.5615127619547687f,-0.827468076823467f,-2.625f,0f,0.827468076823467f,0.5615127619547687f,0.9158593750000001f,1f,1.9344636004943952e-16f,-2.850704353741897e-16f,-3.214697847761802e-16f,0f,0f,0f,1f],start_interpolation:0}
execute if entity @s[tag=aj.tolerate.bone.hair] run data modify entity @s {} merge value {transformation:[-3.4450928483976665e-16f,0f,-1f,-2.63296875f,0f,1f,0f,0.5096093750000001f,1f,0f,-3.4450928483976665e-16f,0.010937499999999498f,0f,0f,0f,1f],start_interpolation:0}
execute if entity @s[tag=aj.tolerate.bone.outfit] run data modify entity @s {} merge value {transformation:[-3.4450928483976665e-16f,0f,-1f,-2.625f,0f,1f,0f,-0.521640625f,1f,0f,-3.4450928483976665e-16f,-3.209238430557093e-16f,0f,0f,0f,1f],start_interpolation:0}
execute if entity @s[tag=aj.tolerate.bone.chest] run data modify entity @s {} merge value {transformation:[-3.4450928483976665e-16f,0f,-1f,-2.63296875f,0f,1f,0f,0.16585937500000006f,1f,0f,-3.4450928483976665e-16f,0.010937499999999498f,0f,0f,0f,1f],start_interpolation:0}
execute if entity @s[tag=aj.tolerate.bone.right_leg] run data modify entity @s {} merge value {transformation:[-3.4450928483976665e-16f,0.8880060688919807f,-0.45983173184438997f,-2.6875f,0f,0.45983173184438997f,0.8880060688919807f,0.2776875000000001f,1f,3.0592633572734883e-16f,-1.5841630108434214e-16f,-0.10625000000000052f,0f,0f,0f,1f],start_interpolation:0}
execute if entity @s[tag=aj.tolerate.bone.left_leg] run data modify entity @s {} merge value {transformation:[-3.4450928483976665e-16f,0.8880060688919807f,-0.45983173184438997f,-2.6875f,0f,0.45983173184438997f,0.8880060688919807f,0.2776875000000001f,1f,3.0592633572734883e-16f,-1.5841630108434214e-16f,0.10624999999999983f,0f,0f,0f,1f],start_interpolation:0}