execute if entity @s[tag=aj.tolerate.bone.left_straight] run data modify entity @s {} merge value {transformation:[-0.019598936641466853f,-0.838333692704806f,0.5448050122368995f,-2.3993060902404513f,-0.09186743859461356f,-0.5410944974138643f,-0.8359288956571025f,1.3469026488376468f,0.995578352219748f,-0.06643315847046594f,-0.0664106922644937f,0.03873350377279505f,0f,0f,0f,1f],start_interpolation:0}
execute if entity @s[tag=aj.tolerate.bone.left_bend] run data modify entity @s {} merge value {transformation:[-0.019598936641466853f,-0.08060835735542482f,0.9965531468050182f,-2.4434373938316574f,-0.09186743859461356f,-0.9923827965270469f,-0.08207776119767884f,1.2079833708568388f,0.995578352219748f,-0.09315942186176565f,0.01204436423365312f,-0.33121687134464545f,0f,0f,0f,1f],start_interpolation:0}
execute if entity @s[tag=aj.tolerate.bone.right_straight] run data modify entity @s {} merge value {transformation:[0.28406337906230744f,-0.148955018312909f,-0.9471643992439247f,-2.6726697151016516f,0.18997224415101688f,0.9770181133675154f,-0.09667550157101398f,0.6876806951336218f,0.9397970755050956f,-0.15247297685551242f,0.3058323857947161f,-0.020370357947897183f,0f,0f,0f,1f],start_interpolation:0}
execute if entity @s[tag=aj.tolerate.bone.microphone] run data modify entity @s {} merge value {transformation:[0.28406337906230744f,0.595624894625514f,-0.7513580914437862f,-2.288931759252649f,0.18997224415101688f,0.7331403009090922f,0.6530052416597834f,0.666923680307578f,0.9397970755050956f,-0.3282320582838777f,0.09510611329877176f,0.21937539371275236f,0f,0f,0f,1f],start_interpolation:0}
execute if entity @s[tag=aj.tolerate.bone.right_bend] run data modify entity @s {} merge value {transformation:[0.28406337906230744f,-0.7513580914437861f,-0.5956248946255143f,-2.6756707730080946f,0.18997224415101688f,0.6530052416597835f,-0.7331403009090921f,0.8494742434205657f,0.9397970755050956f,0.0951061132987717f,0.3282320582838777f,0.3019638087440239f,0f,0f,0f,1f],start_interpolation:0}
execute if entity @s[tag=aj.tolerate.bone.head] run data modify entity @s {} merge value {transformation:[-3.4450928483976665e-16f,0.3259694637830611f,-0.9453802984413118f,-2.625f,0f,0.9453802984413118f,0.3259694637830611f,1.142978515625f,1f,1.1229950684750458e-16f,-3.256922905176215e-16f,-3.214697847761802e-16f,0f,0f,0f,1f],start_interpolation:0}
execute if entity @s[tag=aj.tolerate.bone.hair] run data modify entity @s {} merge value {transformation:[-3.4450928483976665e-16f,0f,-1f,-2.63296875f,0f,1f,0f,0.7367285156250001f,1f,0f,-3.4450928483976665e-16f,0.010937499999999498f,0f,0f,0f,1f],start_interpolation:0}
execute if entity @s[tag=aj.tolerate.bone.outfit] run data modify entity @s {} merge value {transformation:[-3.4450928483976665e-16f,0f,-1f,-2.625f,0f,1f,0f,-0.29452148437500003f,1f,0f,-3.4450928483976665e-16f,-3.209238430557093e-16f,0f,0f,0f,1f],start_interpolation:0}
execute if entity @s[tag=aj.tolerate.bone.chest] run data modify entity @s {} merge value {transformation:[-3.4450928483976665e-16f,0f,-1f,-2.63296875f,0f,1f,0f,0.39297851562499997f,1f,0f,-3.4450928483976665e-16f,0.010937499999999498f,0f,0f,0f,1f],start_interpolation:0}
execute if entity @s[tag=aj.tolerate.bone.right_leg] run data modify entity @s {} merge value {transformation:[-3.4450928483976665e-16f,0.6044101165881829f,-0.7966733401877204f,-2.6875f,0f,0.7966733401877204f,0.6044101165881829f,0.4593828125f,1f,2.0822489701571488e-16f,-2.744613626789797e-16f,-0.10625000000000052f,0f,0f,0f,1f],start_interpolation:0}
execute if entity @s[tag=aj.tolerate.bone.left_leg] run data modify entity @s {} merge value {transformation:[-3.4450928483976665e-16f,0.6044101165881829f,-0.7966733401877204f,-2.6875f,0f,0.7966733401877204f,0.6044101165881829f,0.4593828125f,1f,2.0822489701571488e-16f,-2.744613626789797e-16f,0.10624999999999983f,0f,0f,0f,1f],start_interpolation:0}