execute if entity @s[tag=aj.tolerate.bone.left_straight] run data modify entity @s {} merge value {transformation:[-0.14840304267665216f,-0.8902393294854392f,0.4306396093738092f,-2.418652280222433f,-0.12167741623589634f,-0.41571541332062467f,-0.9013186459326236f,1.214396749626586f,0.9814128302108488f,-0.18615754447504232f,-0.0466285892190023f,0.07902362695533754f,0f,0f,0f,1f],start_interpolation:0}
execute if entity @s[tag=aj.tolerate.bone.left_bend] run data modify entity @s {} merge value {transformation:[-0.14840304267665216f,-0.25539603187532334f,0.9553791937375704f,-2.426820473369364f,-0.12167741623589634f,-0.9540204705997651f,-0.27393347377558375f,1.1092940654172558f,0.9814128302108488f,-0.15690063281880298f,0.11050361133732682f,-0.2966473408788754f,0f,0f,0f,1f],start_interpolation:0}
execute if entity @s[tag=aj.tolerate.bone.right_straight] run data modify entity @s {} merge value {transformation:[0.21082086281660417f,-0.11220294501511151f,-0.971063882003238f,-2.661231849897306f,0.16538194040458154f,0.9831643376104169f,-0.07769619706964907f,0.615533966006518f,0.9634331204548026f,-0.14421644975870876f,0.22582789471125092f,-0.027073388503337764f,0f,0f,0f,1f],start_interpolation:0}
execute if entity @s[tag=aj.tolerate.bone.microphone] run data modify entity @s {} merge value {transformation:[0.21082086281660417f,0.7697736897736889f,-0.6024973280716384f,-2.3403630261370036f,0.16538194040458154f,0.5793776729779224f,0.7981042073831608f,0.5093452098131572f,0.9634331204548026f,-0.2678991948231432f,-0.005161765573285122f,0.2638558460448744f,0f,0f,0f,1f],start_interpolation:0}
execute if entity @s[tag=aj.tolerate.bone.right_bend] run data modify entity @s {} merge value {transformation:[0.21082086281660417f,-0.6024973280716381f,-0.769773689773689f,-2.6866393022302733f,0.16538194040458154f,0.7981042073831609f,-0.5793776729779222f,0.7714438655686764f,0.9634331204548026f,-0.005161765573285182f,0.2678991948231432f,0.29716732179886707f,0f,0f,0f,1f],start_interpolation:0}
execute if entity @s[tag=aj.tolerate.bone.head] run data modify entity @s {} merge value {transformation:[-3.4450928483976665e-16f,0.40274668985873724f,-0.9153114791194471f,-2.625f,0f,0.9153114791194471f,0.40274668985873724f,1.066064453125f,1f,1.3874997409481686e-16f,-3.1533330307706973e-16f,-3.214697847761802e-16f,0f,0f,0f,1f],start_interpolation:0}
execute if entity @s[tag=aj.tolerate.bone.hair] run data modify entity @s {} merge value {transformation:[-3.4450928483976665e-16f,0f,-1f,-2.63296875f,0f,1f,0f,0.6598144531250001f,1f,0f,-3.4450928483976665e-16f,0.010937499999999498f,0f,0f,0f,1f],start_interpolation:0}
execute if entity @s[tag=aj.tolerate.bone.outfit] run data modify entity @s {} merge value {transformation:[-3.4450928483976665e-16f,0f,-1f,-2.625f,0f,1f,0f,-0.371435546875f,1f,0f,-3.4450928483976665e-16f,-3.209238430557093e-16f,0f,0f,0f,1f],start_interpolation:0}
execute if entity @s[tag=aj.tolerate.bone.chest] run data modify entity @s {} merge value {transformation:[-3.4450928483976665e-16f,0f,-1f,-2.63296875f,0f,1f,0f,0.316064453125f,1f,0f,-3.4450928483976665e-16f,0.010937499999999498f,0f,0f,0f,1f],start_interpolation:0}
execute if entity @s[tag=aj.tolerate.bone.right_leg] run data modify entity @s {} merge value {transformation:[-3.4450928483976665e-16f,0.7169201136982706f,-0.697155327437766f,-2.6875f,0f,0.697155327437766f,0.7169201136982706f,0.3978515625f,1f,2.469856356574354e-16f,-2.401764832778181e-16f,-0.10625000000000052f,0f,0f,0f,1f],start_interpolation:0}
execute if entity @s[tag=aj.tolerate.bone.left_leg] run data modify entity @s {} merge value {transformation:[-3.4450928483976665e-16f,0.7169201136982706f,-0.697155327437766f,-2.6875f,0f,0.697155327437766f,0.7169201136982706f,0.3978515625f,1f,2.469856356574354e-16f,-2.401764832778181e-16f,0.10624999999999983f,0f,0f,0f,1f],start_interpolation:0}