execute if entity @s[tag=aj.tolerate.bone.left_straight] run data modify entity @s {} merge value {transformation:[-0.44178226164000023f,-0.3159768559206072f,-0.8396350753885727f,-2.675967264051419f,-0.1765796268368468f,0.9482385335831136f,-0.2639380965573297f,0.4155698561707414f,0.8795726625392619f,0.03165927906118808f,-0.4747100392480862f,-0.018158010064069197f,0f,0f,0f,1f],start_interpolation:0}
execute if entity @s[tag=aj.tolerate.bone.left_bend] run data modify entity @s {} merge value {transformation:[-0.44178226164000023f,-0.44098230820243844f,-0.7812573437432099f,-2.569008679029772f,-0.1765796268368468f,0.8965557010175674f,-0.40621116473954555f,0.47566054990633244f,0.8795726625392619f,-0.04150275684033294f,-0.4739508967058148f,-0.3556222296479459f,0f,0f,0f,1f],start_interpolation:0}
execute if entity @s[tag=aj.tolerate.bone.head] run data modify entity @s {} merge value {transformation:[-3.4450928483976665e-16f,0.6909591255818814f,-0.7228938281484507f,-2.625f,0f,0.7228938281484507f,0.6909591255818814f,0.8500000000000001f,1f,2.380418342077245e-16f,-2.490436357505039e-16f,-3.214697847761802e-16f,0f,0f,0f,1f],start_interpolation:0}