execute if entity @s[tag=aj.tolerate.bone.left_straight] run data modify entity @s {} merge value {transformation:[-0.2751620742557909f,-0.20081018929381064f,-0.9401920552562836f,-2.656012751848055f,-0.14823021289576233f,0.9751104129786272f,-0.1648862834972275f,0.40981076648127457f,0.9499019090812101f,0.09399441673011773f,-0.29807954097427986f,-0.02699985313692571f,0f,0f,0f,1f],start_interpolation:0}
execute if entity @s[tag=aj.tolerate.bone.left_bend] run data modify entity @s {} merge value {transformation:[-0.2751620742557909f,-0.2848752638165751f,-0.9182221501122086f,-2.612196179014821f,-0.14823021289576233f,0.9562412882526736f,-0.2522506741829326f,0.46558359513301484f,0.9499019090812101f,0.06669844605613987f,-0.30534845736890276f,-0.3789979062737945f,0f,0f,0f,1f],start_interpolation:0}
execute if entity @s[tag=aj.tolerate.bone.head] run data modify entity @s {} merge value {transformation:[-3.4450928483976665e-16f,0.7091810215273673f,-0.7050264383024227f,-2.625f,0f,0.7050264383024227f,0.7091810215273673f,0.8500000000000001f,1f,2.4431944654832845e-16f,-2.428881540526955e-16f,-3.214697847761802e-16f,0f,0f,0f,1f],start_interpolation:0}