execute if entity @s[tag=aj.tolerate.bone.left_straight] run data modify entity @s {} merge value {transformation:[-0.5987974185730445f,-0.4746762265316454f,-0.6450768415281515f,-2.680772075104532f,-0.19255321447744012f,0.8671388113862182f,-0.45934033284929543f,0.45198589485356166f,0.7774091015061908f,-0.15084018613544148f,-0.6106409150572556f,0.0237368752171761f,0f,0f,0f,1f],start_interpolation:0}
execute if entity @s[tag=aj.tolerate.bone.left_bend] run data modify entity @s {} merge value {transformation:[-0.5987974185730445f,-0.6271916893575292f,-0.49806850564064614f,-2.509496415050633f,-0.19255321447744012f,0.7163838220047783f,-0.6706097815900324f,0.5060729457301683f,0.7774091015061908f,-0.30565471429486335f,-0.5497365592032811f,-0.28718493019920976f,0f,0f,0f,1f],start_interpolation:0}
execute if entity @s[tag=aj.tolerate.bone.head] run data modify entity @s {} merge value {transformation:[-3.4450928483976665e-16f,0.6586043597848023f,-0.752489400106374f,-2.625f,0f,0.752489400106374f,0.6586043597848023f,0.8500000000000001f,1f,2.268953169818146e-16f,-2.5923958508015194e-16f,-3.214697847761802e-16f,0f,0f,0f,1f],start_interpolation:0}