execute if entity @s[tag=aj.tolerate.bone.left_straight] run data modify entity @s {} merge value {transformation:[-0.5987974185730448f,-0.6108195467290861f,-0.5180165372301655f,-2.6349452957467734f,-0.19255321447744012f,0.7376173468570599f,-0.6471815117955368f,0.5303093016480227f,0.7774091015061907f,-0.2877848692152271f,-0.5592986303810442f,0.07400318094934333f,0f,0f,0f,1f],start_interpolation:0}
execute if entity @s[tag=aj.tolerate.bone.left_bend] run data modify entity @s {} merge value {transformation:[-0.5987974185730448f,-0.7615277771033389f,-0.2480264022444081f,-2.465890570645477f,-0.19255321447744012f,0.4374870490912871f,-0.8783668604130068f,0.5760792226136915f,0.7774091015061907f,-0.4782055275479832f,-0.40860073705010913f,-0.24068932924826442f,0f,0f,0f,1f],start_interpolation:0}
execute if entity @s[tag=aj.tolerate.bone.right_straight] run data modify entity @s {} merge value {transformation:[0.01758750374404454f,-0.009523645889604202f,-0.9997999699344977f,-2.6351425861971025f,0.0939637362815477f,0.9955448278748752f,-0.007830195118693633f,0.4325216885448495f,0.9954202609833019f,-0.09380722712325784f,0.01840402573842316f,-0.0459415996267917f,0f,0f,0f,1f],start_interpolation:0}
execute if entity @s[tag=aj.tolerate.bone.microphone] run data modify entity @s {} merge value {transformation:[0.01758750374404454f,0.9983340525809612f,-0.054952699381630395f,-2.569768951581063f,0.0939637362815477f,0.053067610809185886f,0.9941602712576159f,0.16313972272348348f,0.9954202609833019f,-0.022648358445578345f,-0.09287387083381216f,0.3102269362654265f,0f,0f,0f,1f],start_interpolation:0}
execute if entity @s[tag=aj.tolerate.bone.right_bend] run data modify entity @s {} merge value {transformation:[0.01758750374404454f,-0.05495269938163017f,-0.9983340525809612f,-2.7160949850474068f,0.0939637362815477f,0.9941602712576159f,-0.053067610809185664f,0.5720100261498412f,0.9954202609833019f,-0.09287387083381216f,0.022648358445578325f,0.27666526084798143f,0f,0f,0f,1f],start_interpolation:0}
execute if entity @s[tag=aj.tolerate.bone.head] run data modify entity @s {} merge value {transformation:[-3.4450928483976665e-16f,0.6204997765976406f,-0.7842066227992965f,-2.625f,0f,0.7842066227992965f,0.6204997765976406f,0.867890625f,1f,2.1376793427888812e-16f,-2.701664627871943e-16f,-3.214697847761802e-16f,0f,0f,0f,1f],start_interpolation:0}
execute if entity @s[tag=aj.tolerate.bone.hair] run data modify entity @s {} merge value {transformation:[-3.4450928483976665e-16f,0f,-1f,-2.63296875f,0f,1f,0f,0.461640625f,1f,0f,-3.4450928483976665e-16f,0.010937499999999498f,0f,0f,0f,1f],start_interpolation:0}
execute if entity @s[tag=aj.tolerate.bone.outfit] run data modify entity @s {} merge value {transformation:[-3.4450928483976665e-16f,0f,-1f,-2.625f,0f,1f,0f,-0.5696093750000001f,1f,0f,-3.4450928483976665e-16f,-3.209238430557093e-16f,0f,0f,0f,1f],start_interpolation:0}
execute if entity @s[tag=aj.tolerate.bone.chest] run data modify entity @s {} merge value {transformation:[-3.4450928483976665e-16f,0f,-1f,-2.63296875f,0f,1f,0f,0.11789062499999994f,1f,0f,-3.4450928483976665e-16f,0.010937499999999498f,0f,0f,0f,1f],start_interpolation:0}
execute if entity @s[tag=aj.tolerate.bone.right_leg] run data modify entity @s {} merge value {transformation:[-3.4450928483976665e-16f,0.927159334636719f,-0.3746672766548965f,-2.6875f,0f,0.3746672766548965f,0.927159334636719f,0.23931249999999996f,1f,3.1941499930820994e-16f,-1.290763555332414e-16f,-0.10625000000000052f,0f,0f,0f,1f],start_interpolation:0}
execute if entity @s[tag=aj.tolerate.bone.left_leg] run data modify entity @s {} merge value {transformation:[-3.4450928483976665e-16f,0.927159334636719f,-0.3746672766548965f,-2.6875f,0f,0.3746672766548965f,0.927159334636719f,0.23931249999999996f,1f,3.1941499930820994e-16f,-1.290763555332414e-16f,0.10624999999999983f,0f,0f,0f,1f],start_interpolation:0}