execute if entity @s[tag=aj.tolerate.bone.left_straight] run data modify entity @s {} merge value {transformation:[0.006286812487922627f,-0.2364150388281333f,-0.9716318260558543f,-2.54067502063518f,-0.08563666928696441f,0.9679541748580424f,-0.23607430238872132f,1.0352196622819236f,0.9963065978212614f,0.08469146822896954f,-0.01416045010035532f,-0.02241826047946255f,0f,0f,0f,1f],start_interpolation:0}
execute if entity @s[tag=aj.tolerate.bone.left_bend] run data modify entity @s {} merge value {transformation:[0.006286812487922627f,-0.33724540392334573f,-0.9413957794261248f,-2.6092207879430696f,-0.08563666928696441f,0.9377743240585025f,-0.33651995187515077f,1.0770308360416523f,0.9963065978212614f,0.08273363686674295f,-0.022984961792988094f,-0.37439424530300613f,0f,0f,0f,1f],start_interpolation:0}
execute if entity @s[tag=aj.tolerate.bone.right_straight] run data modify entity @s {} merge value {transformation:[0.5534289776258592f,-0.26011458723664693f,-0.7912374916740896f,-2.727746509594053f,0.258598548995026f,0.9566970196427608f,-0.1336323428827249f,0.9783049483738468f,0.7917342718246214f,-0.13065685635804877f,0.5967291083104367f,0.004590085309558067f,0f,0f,0f,1f],start_interpolation:0}
execute if entity @s[tag=aj.tolerate.bone.microphone] run data modify entity @s {} merge value {transformation:[0.5534289776258592f,-0.21635633791675f,-0.8043048562375148f,-2.332067319375262f,0.258598548995026f,0.9625832549846615f,-0.08099547938497219f,1.3097407870240556f,0.7917342718246214f,-0.16316682342433272f,0.588670901737082f,0.03703259063435338f,0f,0f,0f,1f],start_interpolation:0}
execute if entity @s[tag=aj.tolerate.bone.right_bend] run data modify entity @s {} merge value {transformation:[0.5534289776258592f,-0.8043048562375148f,0.21635633791674982f,-2.639881802039623f,0.258598548995026f,-0.08099547938497198f,-0.9625832549846615f,1.1575453650717722f,0.7917342718246214f,0.588670901737082f,0.16316682342433286f,0.3049867228092831f,0f,0f,0f,1f],start_interpolation:0}
execute if entity @s[tag=aj.tolerate.bone.head] run data modify entity @s {} merge value {transformation:[-3.4450928483976665e-16f,0.029164504607104576f,-0.9995746253637205f,-2.625f,0f,0.9995746253637205f,0.029164504607104576f,1.446552734375f,1f,1.0047442624899678e-17f,-3.4436273932803303e-16f,-3.214697847761802e-16f,0f,0f,0f,1f],start_interpolation:0}
execute if entity @s[tag=aj.tolerate.bone.hair] run data modify entity @s {} merge value {transformation:[-3.4450928483976665e-16f,0f,-1f,-2.63296875f,0f,1f,0f,1.040302734375f,1f,0f,-3.4450928483976665e-16f,0.010937499999999498f,0f,0f,0f,1f],start_interpolation:0}
execute if entity @s[tag=aj.tolerate.bone.outfit] run data modify entity @s {} merge value {transformation:[-3.4450928483976665e-16f,0f,-1f,-2.625f,0f,1f,0f,0.009052734374999982f,1f,0f,-3.4450928483976665e-16f,-3.209238430557093e-16f,0f,0f,0f,1f],start_interpolation:0}
execute if entity @s[tag=aj.tolerate.bone.chest] run data modify entity @s {} merge value {transformation:[-3.4450928483976665e-16f,0f,-1f,-2.63296875f,0f,1f,0f,0.696552734375f,1f,0f,-3.4450928483976665e-16f,0.010937499999999498f,0f,0f,0f,1f],start_interpolation:0}
execute if entity @s[tag=aj.tolerate.bone.right_leg] run data modify entity @s {} merge value {transformation:[-3.4450928483976665e-16f,0.05557917194415908f,-0.9984542832027922f,-2.6875f,0f,0.9984542832027922f,0.05557917194415908f,0.7022421875f,1f,1.9147540778468667e-17f,-3.4397677105139575e-16f,-0.10625000000000052f,0f,0f,0f,1f],start_interpolation:0}
execute if entity @s[tag=aj.tolerate.bone.left_leg] run data modify entity @s {} merge value {transformation:[-3.4450928483976665e-16f,0.05557917194415908f,-0.9984542832027922f,-2.6875f,0f,0.9984542832027922f,0.05557917194415908f,0.7022421875f,1f,1.9147540778468667e-17f,-3.4397677105139575e-16f,0.10624999999999983f,0f,0f,0f,1f],start_interpolation:0}