execute if entity @s[tag=aj.tolerate.bone.left_straight] run data modify entity @s {} merge value {transformation:[-0.36144288499721133f,-0.93135803464864f,0.0439460143848725f,-2.4571944659430254f,-0.1640441642117946f,0.017123866342483862f,-0.986304357381401f,0.9471676217868712f,0.9178499621795201f,-0.3637017796174601f,-0.1589731500290098f,0.13140335264983327f,0f,0f,0f,1f],start_interpolation:0}
execute if entity @s[tag=aj.tolerate.bone.left_bend] run data modify entity @s {} merge value {transformation:[-0.36144288499721133f,-0.6759446768489028f,0.6422288024719267f,-2.4021818717497743f,-0.1640441642117946f,-0.6319496796987812f,-0.7574490837783496f,0.9183109344095846f,0.9178499621795201f,-0.3791284692135901f,0.11752893583630131f,-0.23852351382851283f,0f,0f,0f,1f],start_interpolation:0}
execute if entity @s[tag=aj.tolerate.bone.right_straight] run data modify entity @s {} merge value {transformation:[0.12448481480280205f,-0.0670151146718806f,-0.9899558097657828f,-2.6489782177399137f,0.134408055691708f,0.9896590904963591f,-0.05009350420058482f,0.5327092077987026f,0.9830757882527098f,-0.12682215501809604f,0.1322048998633531f,-0.03524562415401675f,0f,0f,0f,1f],start_interpolation:0}
execute if entity @s[tag=aj.tolerate.bone.microphone] run data modify entity @s {} merge value {transformation:[0.12448481480280205f,0.9176372633633528f,-0.37741937386749075f,-2.4290329756740134f,0.134408055691708f,0.36127667305286076f,0.9227207812079617f,0.34035806795774115f,0.9830757882527098f,-0.1655929297852812f,-0.0783643806613702f,0.2992643942192996f,0f,0f,0f,1f],start_interpolation:0}
execute if entity @s[tag=aj.tolerate.bone.right_bend] run data modify entity @s {} merge value {transformation:[0.12448481480280205f,-0.3774193738674905f,-0.9176372633633529f,-2.6997975402870638f,0.134408055691708f,0.9227207812079619f,-0.36127667305286054f,0.681388768449432f,0.9830757882527098f,-0.07836438066137025f,0.16559292978528117f,0.2894038149851374f,0f,0f,0f,1f],start_interpolation:0}
execute if entity @s[tag=aj.tolerate.bone.head] run data modify entity @s {} merge value {transformation:[-3.4450928483976665e-16f,0.49454876813825954f,-0.869149881167184f,-2.625f,0f,0.869149881167184f,0.49454876813825954f,0.9769531250000001f,1f,1.7037664242969936e-16f,-2.9943020397947474e-16f,-3.214697847761802e-16f,0f,0f,0f,1f],start_interpolation:0}
execute if entity @s[tag=aj.tolerate.bone.hair] run data modify entity @s {} merge value {transformation:[-3.4450928483976665e-16f,0f,-1f,-2.63296875f,0f,1f,0f,0.5707031250000001f,1f,0f,-3.4450928483976665e-16f,0.010937499999999498f,0f,0f,0f,1f],start_interpolation:0}
execute if entity @s[tag=aj.tolerate.bone.outfit] run data modify entity @s {} merge value {transformation:[-3.4450928483976665e-16f,0f,-1f,-2.625f,0f,1f,0f,-0.460546875f,1f,0f,-3.4450928483976665e-16f,-3.209238430557093e-16f,0f,0f,0f,1f],start_interpolation:0}
execute if entity @s[tag=aj.tolerate.bone.chest] run data modify entity @s {} merge value {transformation:[-3.4450928483976665e-16f,0f,-1f,-2.63296875f,0f,1f,0f,0.226953125f,1f,0f,-3.4450928483976665e-16f,0.010937499999999498f,0f,0f,0f,1f],start_interpolation:0}
execute if entity @s[tag=aj.tolerate.bone.right_leg] run data modify entity @s {} merge value {transformation:[-3.4450928483976665e-16f,0.8268965886356962f,-0.5623540092349733f,-2.6875f,0f,0.5623540092349733f,0.8268965886356962f,0.3265625f,1f,2.848735523873264e-16f,-1.9373617754831617e-16f,-0.10625000000000052f,0f,0f,0f,1f],start_interpolation:0}
execute if entity @s[tag=aj.tolerate.bone.left_leg] run data modify entity @s {} merge value {transformation:[-3.4450928483976665e-16f,0.8268965886356962f,-0.5623540092349733f,-2.6875f,0f,0.5623540092349733f,0.8268965886356962f,0.3265625f,1f,2.848735523873264e-16f,-1.9373617754831617e-16f,0.10624999999999983f,0f,0f,0f,1f],start_interpolation:0}