execute if entity @s[tag=aj.tolerate.bone.left_straight] run data modify entity @s {} merge value {transformation:[-0.04502001935768668f,-0.04090086924065462f,-0.9981484442468427f,-2.63318866893484f,-0.09791984216310533f,0.9945307398844943f,-0.03633609686734458f,0.41311984705982957f,0.9941754887180563f,0.09610268633164934f,-0.0487787998217931f,-0.0257082033710469f,0f,0f,0f,1f],start_interpolation:0}
execute if entity @s[tag=aj.tolerate.bone.left_bend] run data modify entity @s {} merge value {transformation:[-0.04502001935768668f,-0.05811891506989075f,-0.9972940336571419f,-2.6721621740347543f,-0.09791984216310533f,0.9937556380681415f,-0.053492394959782835f,0.4583009725433147f,0.9941754887180563f,0.09524664570933553f,-0.05042989305297264f,-0.37978850737436887f,0f,0f,0f,1f],start_interpolation:0}
execute if entity @s[tag=aj.tolerate.bone.head] run data modify entity @s {} merge value {transformation:[-3.4450928483976665e-16f,0.7313165628102051f,-0.6820381843852054f,-2.625f,0f,0.6820381843852054f,0.7313165628102051f,0.8500000000000001f,1f,2.5194534604522e-16f,-2.3496848713596e-16f,-3.214697847761802e-16f,0f,0f,0f,1f],start_interpolation:0}