execute if entity @s[tag=aj.folklore_microphone.bone.left_straight] run data modify entity @s {} merge value {transformation:[-0.9938164620563781f,-0.11103530855427768f,1.2246467991473532e-16f,0.03428190567916101f,-0.11103530855427768f,0.9938164620563781f,0f,0.9942632849503081f,-1.2170741491972905e-16f,-1.3597903521333489e-17f,-1f,-0.00796874999999999f,0f,0f,0f,1f],start_interpolation:0}
execute if entity @s[tag=aj.folklore_microphone.bone.left_bend] run data modify entity @s {} merge value {transformation:[-0.9938164620563781f,-0.11103530855427768f,1.2246467991473532e-16f,0.38538824070785416f,-0.11103530855427768f,0.9938164620563781f,0f,1.0460688267288583f,-1.2170741491972905e-16f,-1.3597903521333489e-17f,-1f,-0.06249999999999995f,0f,0f,0f,1f],start_interpolation:0}
execute if entity @s[tag=aj.folklore_microphone.bone.microphone] run data modify entity @s {} merge value {transformation:[-0.7739043865708405f,0.14375850332941137f,-0.6167702109918237f,-0.026881161663283804f,0.2621381217925294f,0.9592643866490498f,-0.10533490214505158f,1.3107096919724126f,0.5765029102697541f,-0.2431981275160444f,-0.7800635007633634f,0.28191566140005336f,0f,0f,0f,1f],start_interpolation:0}
execute if entity @s[tag=aj.folklore_microphone.bone.right_bend] run data modify entity @s {} merge value {transformation:[-0.7739043865708405f,-0.6167702109918237f,-0.1437585033294115f,-0.3041279051305913f,0.2621381217925294f,-0.10533490214505137f,-0.9592643866490498f,1.1487680590188616f,0.5765029102697541f,-0.7800635007633634f,0.24319812751604422f,-0.012400104239321932f,0f,0f,0f,1f],start_interpolation:0}