execute if entity @s[tag=aj.folklore_microphone.bone.left_straight] run data modify entity @s {} merge value {transformation:[-0.9940563382223196f,-0.10886687485196457f,1.2246467991473532e-16f,0.03335655654190728f,-0.10886687485196457f,0.9940563382223196f,0f,0.9949394492647949f,-1.2173679127761025e-16f,-1.3332346982063389e-17f,-1f,-0.00796874999999999f,0f,0f,0f,1f],start_interpolation:0}
execute if entity @s[tag=aj.folklore_microphone.bone.left_bend] run data modify entity @s {} merge value {transformation:[-0.9940563382223196f,-0.10886687485196457f,1.2246467991473532e-16f,0.3845750780694867f,-0.10886687485196457f,0.9940563382223196f,0f,1.04597887316663f,-1.2173679127761025e-16f,-1.3332346982063389e-17f,-1f,-0.06249999999999995f,0f,0f,0f,1f],start_interpolation:0}
execute if entity @s[tag=aj.folklore_microphone.bone.microphone] run data modify entity @s {} merge value {transformation:[-0.7739043865708405f,0.14106597566389545f,-0.6173916025962811f,-0.026954505335048118f,0.2621381217925294f,0.9587956463869264f,-0.10951946663749446f,1.3123993883804468f,0.5765029102697541f,-0.2465994707607247f,-0.778994926473231f,0.28104889243287945f,0f,0f,0f,1f],start_interpolation:0}
execute if entity @s[tag=aj.folklore_microphone.bone.right_bend] run data modify entity @s {} merge value {transformation:[-0.7739043865708405f,-0.6173916025962811f,-0.1410659756638956f,-0.3041279051305913f,0.2621381217925294f,-0.10951946663749425f,-0.9587956463869264f,1.1487680590188616f,0.5765029102697541f,-0.778994926473231f,0.24659947076072453f,-0.012400104239321932f,0f,0f,0f,1f],start_interpolation:0}