execute if entity @s[tag=aj.tolerate.bone.left_straight] run data modify entity @s {} merge value {transformation:[0.7621890853181963f,-0.6460449961878814f,-0.04115411428291793f,-2.050593130482407f,0.5549400823760775f,0.6847939893775365f,-0.4723332479138333f,1.37094112789966f,0.3333306214470005f,0.33716917862254053f,0.8804587677982186f,-0.4844927063391162f,0f,0f,0f,1f],start_interpolation:0}
execute if entity @s[tag=aj.tolerate.bone.left_bend] run data modify entity @s {} merge value {transformation:[0.7621890853181963f,-0.6101894612320182f,0.2161865389500243f,-2.3312518194280436f,0.5549400823760775f,0.44391337322002583f,-0.7035498717566868f,1.156913819873813f,0.3333306214470005f,0.656208608963489f,0.6769645177761969f,-0.5504937792193207f,0f,0f,0f,1f],start_interpolation:0}
execute if entity @s[tag=aj.tolerate.bone.right_straight] run data modify entity @s {} merge value {transformation:[0.8550720658438173f,-0.15728839304713166f,-0.4940770421971027f,-2.532507176976657f,0.22667954296646872f,0.9703939034954837f,0.08337899531243279f,0.9783444947457767f,0.4663348014185723f,-0.18329220788524778f,0.8654107807939834f,-0.011721284580468921f,0f,0f,0f,1f],start_interpolation:0}
execute if entity @s[tag=aj.tolerate.bone.microphone] run data modify entity @s {} merge value {transformation:[0.8550720658438173f,-0.1591183704759944f,-0.49349073587115166f,-2.1231678372291816f,0.22667954296646872f,0.9706962434238403f,0.07978212709220951f,1.2532043953752872f,0.4663348014185723f,-0.18008372269560857f,0.8660841216683238f,-0.187442142801326f,0f,0f,0f,1f],start_interpolation:0}
execute if entity @s[tag=aj.tolerate.bone.right_bend] run data modify entity @s {} merge value {transformation:[0.8550720658438173f,-0.4934907358711517f,0.15911837047599428f,-2.307514469328512f,0.22667954296646872f,0.07978212709220973f,-0.9706962434238403f,1.1670754677757678f,0.4663348014185723f,0.8660841216683238f,0.18008372269560877f,0.19766919981918465f,0f,0f,0f,1f],start_interpolation:0}
execute if entity @s[tag=aj.tolerate.bone.head] run data modify entity @s {} merge value {transformation:[0.39430575574925136f,0.1835358352838212f,-0.9004651954127276f,-2.376294666502048f,0.018117993474111506f,0.9781105861653827f,0.20729548847884618f,1.4195440766682639f,0.9188006907352015f,-0.09805242678221399f,0.3823493328183467f,-0.13510804067375606f,0f,0f,0f,1f],start_interpolation:0}
execute if entity @s[tag=aj.tolerate.bone.hair] run data modify entity @s {} merge value {transformation:[0.40033397376406504f,0.3316071113306028f,-0.8542654348416808f,-2.5134388303259554f,0.03477745295418362f,0.9260587688910185f,0.3757734494693189f,1.0467075248734328f,0.9157091449888946f,-0.1801440542316743f,0.35920033617562663f,-0.04904657218992298f,0f,0f,0f,1f],start_interpolation:0}
execute if entity @s[tag=aj.tolerate.bone.outfit] run data modify entity @s {} merge value {transformation:[0.40033397376406504f,0.3316071113306028f,-0.8542654348416808f,-2.8529798890397893f,0.03477745295418362f,0.9260587688910185f,0.3757734494693189f,0.0883345963874248f,0.9157091449888946f,-0.1801440542316743f,0.35920033617562663f,0.12384903728427575f,0f,0f,0f,1f],start_interpolation:0}
execute if entity @s[tag=aj.tolerate.bone.chest] run data modify entity @s {} merge value {transformation:[0.40033397376406504f,0.3316071113306028f,-0.8542654348416808f,-2.6274287748458502f,0.03477745295418362f,0.9260587688910185f,0.3757734494693189f,0.728374823067145f,0.9157091449888946f,-0.1801440542316743f,0.35920033617562663f,0.012877946452215076f,0f,0f,0f,1f],start_interpolation:0}