execute if entity @s[tag=aj.tolerate.bone.left_straight] run data modify entity @s {} merge value {transformation:[-0.1895149486954607f,-0.2216929658758791f,-0.9565230332313557f,-2.5423421638771107f,-0.10606194710979114f,0.9730992117209385f,-0.20452087307501887f,1.05298093050964f,0.9761326485658784f,0.06269093259191802f,-0.20793003480622713f,-0.015345804551113063f,0f,0f,0f,1f],start_interpolation:0}
execute if entity @s[tag=aj.tolerate.bone.left_bend] run data modify entity @s {} merge value {transformation:[-0.1895149486954607f,-0.257485208517993f,-0.9475154096981233f,-2.5300551392410355f,-0.10606194710979114f,0.9647252536207344f,-0.2409482276375773f,1.0916107386617837f,0.9761326485658784f,0.05483203827011681f,-0.21013923951253768f,-0.37212290139245097f,0f,0f,0f,1f],start_interpolation:0}
execute if entity @s[tag=aj.tolerate.bone.right_straight] run data modify entity @s {} merge value {transformation:[0.4992657080579061f,-0.2584239963241592f,-0.8270131745512213f,-2.6775816172042908f,0.2895390925199409f,0.9493765356531685f,-0.12186594049986739f,1.0028070000658622f,0.8166399859547455f,-0.17860915898978713f,0.5488149976675148f,0.011025742817995593f,0f,0f,0f,1f],start_interpolation:0}
execute if entity @s[tag=aj.tolerate.bone.microphone] run data modify entity @s {} merge value {transformation:[0.4992657080579061f,-0.27222530606424555f,-0.8225734833409508f,-2.301957637012521f,0.2895390925199409f,0.9472045881989957f,-0.13773373587288007f,1.3664685023824665f,0.8166399859547455f,-0.1694014487334716f,0.5517266374816739f,0.05700023200118853f,0f,0f,0f,1f],start_interpolation:0}
execute if entity @s[tag=aj.tolerate.bone.right_bend] run data modify entity @s {} merge value {transformation:[0.4992657080579061f,-0.8225734833409509f,0.2722253060642454f,-2.610627097218696f,0.2895390925199409f,-0.13773373587287985f,-0.9472045881989957f,1.1925534751737161f,0.8166399859547455f,0.5517266374816739f,0.1694014487334717f,0.3103563978977181f,0f,0f,0f,1f],start_interpolation:0}
execute if entity @s[tag=aj.tolerate.bone.head] run data modify entity @s {} merge value {transformation:[-0.07369003341928067f,-0.00463740804836231f,-0.9972704113836217f,-2.574910556992344f,-0.0006921570432589837f,0.9999891854329025f,-0.004598905942461026f,1.473324482034154f,0.9972809533392748f,0.00035137420668087966f,-0.07369244630811297f,-0.0012317822445494172f,0f,0f,0f,1f],start_interpolation:0}
execute if entity @s[tag=aj.tolerate.bone.hair] run data modify entity @s {} merge value {transformation:[-0.0732077609214936f,0.06678592401020791f,-0.9950780190994896f,-2.610772576471269f,0.006541796607560325f,0.9977659760455386f,0.06648505052294837f,1.068583407912404f,0.9972952565003038f,-0.0016423763260654607f,-0.07348111296106526f,0.009757797386978084f,0f,0f,0f,1f],start_interpolation:0}
execute if entity @s[tag=aj.tolerate.bone.outfit] run data modify entity @s {} merge value {transformation:[-0.0732077609214936f,0.06678592401020791f,-0.9950780190994896f,-2.670915322757018f,0.006541796607560325f,0.9977659760455386f,0.06648505052294837f,0.03903589146869213f,0.9972952565003038f,-0.0016423763260654607f,-0.07348111296106526f,0.0011291337241696835f,0f,0f,0f,1f],start_interpolation:0}
execute if entity @s[tag=aj.tolerate.bone.chest] run data modify entity @s {} merge value {transformation:[-0.0732077609214936f,0.06678592401020791f,-0.9950780190994896f,-2.633730237849778f,0.006541796607560325f,0.9977659760455386f,0.06648505052294837f,0.7256013536467499f,0.9972952565003038f,-0.0016423763260654607f,-0.07348111296106526f,0.010322364249063087f,0f,0f,0f,1f],start_interpolation:0}