execute if entity @s[tag=aj.tolerate.bone.left_straight] run data modify entity @s {} merge value {transformation:[0.5501036723977611f,-0.5875259375924078f,0.5934637497528044f,-2.2174820576140433f,0.7597537409264763f,0.05711828124402635f,-0.6476972711814938f,1.7189759428929383f,0.3466413171604356f,0.8071869514578953f,0.4777960052505542f,-0.6038805561199914f,0f,0f,0f,1f],start_interpolation:0}
execute if entity @s[tag=aj.tolerate.bone.left_bend] run data modify entity @s {} merge value {transformation:[0.5501036723977611f,-0.2774448017269808f,0.7876613051363976f,-2.3875787080338213f,0.7597537409264763f,-0.22524077233320777f,-0.6099515125212538f,1.4148950246045136f,0.3466413171604356f,0.9339651901829192f,0.0868839499784726f,-0.6906852479957903f,0f,0f,0f,1f],start_interpolation:0}
execute if entity @s[tag=aj.tolerate.bone.right_straight] run data modify entity @s {} merge value {transformation:[0.8061937736404012f,-0.17060070760264767f,-0.5665218423934997f,-2.590518945732742f,0.22603944314531843f,0.9737026234479534f,0.028449450489022976f,0.9977109917938741f,0.5467703077947849f,-0.15099205163202772f,0.823555481347764f,0.006393846548270493f,0f,0f,0f,1f],start_interpolation:0}
execute if entity @s[tag=aj.tolerate.bone.microphone] run data modify entity @s {} merge value {transformation:[0.8061937736404012f,-0.1720038313182881f,-0.5660974133091223f,-2.1762676705921753f,0.22603944314531843f,0.9737701227735973f,0.02603686110205223f,1.2908355985652498f,0.5467703077947849f,-0.14895109937601364f,0.8239270601871703f,-0.12135544896382269f,0f,0f,0f,1f],start_interpolation:0}
execute if entity @s[tag=aj.tolerate.bone.right_bend] run data modify entity @s {} merge value {transformation:[0.8061937736404012f,-0.5660974133091223f,0.17200383131828795f,-2.389463984629903f,0.22603944314531843f,0.026036861102052444f,-0.9737701227735973f,1.1818788978300567f,0.5467703077947849f,0.8239270601871703f,0.14895109937601383f,0.24249670259833225f,0f,0f,0f,1f],start_interpolation:0}
execute if entity @s[tag=aj.tolerate.bone.head] run data modify entity @s {} merge value {transformation:[0.31478723391692026f,0.1463680679096941f,-0.9378088217005198f,-2.4368060455589946f,0.014629159124803304f,0.9871729286585809f,0.15898300735280385f,1.446250571530448f,0.9490495166566576f,-0.0637651756056837f,0.3086081938538589f,-0.08294967497741791f,0f,0f,0f,1f],start_interpolation:0}
execute if entity @s[tag=aj.tolerate.bone.hair] run data modify entity @s {} merge value {transformation:[0.3177977865665374f,0.2509252725880069f,-0.9143528172593137f,-2.542554773269836f,0.02608255086772819f,0.9616674287072637f,0.2729751950338933f,1.0580337276036642f,0.9477996979286509f,-0.11059956663655678f,0.29907100907002654f,-0.0252688197316955f,0f,0f,0f,1f],start_interpolation:0}
execute if entity @s[tag=aj.tolerate.bone.outfit] run data modify entity @s {} merge value {transformation:[0.3177977865665374f,0.2509252725880069f,-0.9143528172593137f,-2.7975111249042546f,0.02608255086772819f,0.9616674287072637f,0.2729751950338933f,0.06385364276375616f,0.9477996979286509f,-0.11059956663655678f,0.29907100907002654f,0.07603720206263247f,0f,0f,0f,1f],start_interpolation:0}
execute if entity @s[tag=aj.tolerate.bone.chest] run data modify entity @s {} merge value {transformation:[0.3177977865665374f,0.2509252725880069f,-0.9143528172593137f,-2.6288103357219637f,0.02608255086772819f,0.9616674287072637f,0.2729751950338933f,0.7274605489855421f,0.9477996979286509f,-0.11059956663655678f,0.29907100907002654f,0.012749781299620904f,0f,0f,0f,1f],start_interpolation:0}