execute if entity @s[tag=aj.tolerate.bone.left_straight] run data modify entity @s {} merge value {transformation:[-0.8653266571649709f,-0.46594316827967774f,-0.1846801026997575f,-2.4024645078839018f,0.030698160826130083f,0.31850725603445257f,-0.947423216295282f,1.3539933194456217f,0.5002673278574069f,-0.8254999041713449f,-0.26130922083139424f,0.2545101801796685f,0f,0f,0f,1f],start_interpolation:0}
execute if entity @s[tag=aj.tolerate.bone.left_bend] run data modify entity @s {} merge value {transformation:[-0.8653266571649709f,-0.48938927024004414f,-0.10820313569215129f,-2.1114390856245433f,0.030698160826130083f,0.163729248356785f,-0.9860275635875578f,1.2954222339644323f,0.5002673278574069f,-0.8565575727331114f,-0.12665593263629882f,0.052503345079640884f,0f,0f,0f,1f],start_interpolation:0}
execute if entity @s[tag=aj.tolerate.bone.right_straight] run data modify entity @s {} merge value {transformation:[0.2200517480941239f,-0.18170378700036383f,-0.9584158606525911f,-2.4673002247651157f,0.4525144207003083f,0.8894052009696041f,-0.06472316081962204f,0.9442635466804405f,0.8641804945837328f,-0.4194545532926596f,0.2779387531508888f,0.14945837877176701f,0f,0f,0f,1f],start_interpolation:0}
execute if entity @s[tag=aj.tolerate.bone.microphone] run data modify entity @s {} merge value {transformation:[0.2200517480941239f,-0.19422956241209205f,-0.9559561209835564f,-2.1214539871578597f,0.4525144207003083f,0.8884821176677556f,-0.07635591426264846f,1.3272170368867489f,0.8641804945837328f,-0.41578167789096687f,0.2834037210609409f,0.2431644443152687f,0f,0f,0f,1f],start_interpolation:0}
execute if entity @s[tag=aj.tolerate.bone.right_bend] run data modify entity @s {} merge value {transformation:[0.2200517480941239f,-0.9559561209835564f,0.19422956241209183f,-2.49615221460231f,0.4525144207003083f,-0.07635591426264826f,-0.8884821176677556f,1.1865926625367542f,0.8641804945837328f,0.2834037210609408f,0.4157816778909669f,0.41503254152775576f,0f,0f,0f,1f],start_interpolation:0}
execute if entity @s[tag=aj.tolerate.bone.head] run data modify entity @s {} merge value {transformation:[-0.4024757846929708f,-0.022261368068636433f,-0.9151599172972396f,-2.3598391952264475f,-0.002470905242859651f,0.9997270517932173f,-0.02323180019117277f,1.4214035260411118f,0.9154272976938466f,-0.007088963574067797f,-0.4024209353803393f,0.0849227680268869f,0f,0f,0f,1f],start_interpolation:0}
execute if entity @s[tag=aj.tolerate.bone.hair] run data modify entity @s {} merge value {transformation:[-0.38832894482015984f,0.3535477396980701f,-0.8510021306490643f,-2.5144967355413685f,0.03556821533420892f,0.9285380347214824f,0.3695294577344363f,1.047518664657049f,0.9208341504705398f,0.11323035736918295f,-0.37315325738528193f,0.046020993846638734f,0f,0f,0f,1f],start_interpolation:0}
execute if entity @s[tag=aj.tolerate.bone.outfit] run data modify entity @s {} merge value {transformation:[-0.38832894482015984f,0.3535477396980701f,-0.8510021306490643f,-2.868064071042423f,0.03556821533420892f,0.9285380347214824f,0.3695294577344363f,0.08663010112898084f,0.9208341504705398f,0.11323035736918295f,-0.37315325738528193f,-0.0778458706913136f,0f,0f,0f,1f],start_interpolation:0}
execute if entity @s[tag=aj.tolerate.bone.chest] run data modify entity @s {} merge value {transformation:[-0.38832894482015984f,0.3535477396980701f,-0.8510021306490643f,-2.63602877106258f,0.03556821533420892f,0.9285380347214824f,0.3695294577344363f,0.7283337152215392f,0.9208341504705398f,0.11323035736918295f,-0.37315325738528193f,0.007098058500982078f,0f,0f,0f,1f],start_interpolation:0}