execute if entity @s[tag=aj.tolerate.bone.left_straight] run data modify entity @s {} merge value {transformation:[-0.8524892912798745f,-0.47715939587683126f,-0.2134968833018286f,-2.407620747207785f,0.015029187972818825f,0.3858741833794479f,-0.9224289881124299f,1.3255339108373254f,0.5225285942051545f,-0.7895695191227314f,-0.3217822908587161f,0.24406674504617848f,0f,0f,0f,1f],start_interpolation:0}
execute if entity @s[tag=aj.tolerate.bone.left_bend] run data modify entity @s {} merge value {transformation:[-0.8524892912798745f,-0.5037572320838584f,-0.1396089516340079f,-2.1228601960729683f,0.015029187972818825f,0.2433394245628892f,-0.9698247511598573f,1.2747254672624533f,0.5225285942051545f,-0.8288634239587431f,-0.19987319145241456f,0.03131557475161434f,0f,0f,0f,1f],start_interpolation:0}
execute if entity @s[tag=aj.tolerate.bone.right_straight] run data modify entity @s {} merge value {transformation:[0.22337508074147f,-0.18820692970052982f,-0.9563899439645116f,-2.4758494724787985f,0.44669864771333906f,0.8918489085039468f,-0.07117473239424799f,0.9491574018563766f,0.8663509054850789f,-0.4113194330602659f,0.28328860293376734f,0.14001550144331112f,0f,0f,0f,1f],start_interpolation:0}
execute if entity @s[tag=aj.tolerate.bone.microphone] run data modify entity @s {} merge value {transformation:[0.22337508074147f,-0.20102439756257817f,-0.9537781528680265f,-2.1311923996288136f,0.44669864771333906f,0.8908134599412598f,-0.08313662080308397f,1.33302347194851f,0.8663509054850789f,-0.407480761720212f,0.28878285508855966f,0.23456696274173416f,0f,0f,0f,1f],start_interpolation:0}
execute if entity @s[tag=aj.tolerate.bone.right_bend] run data modify entity @s {} merge value {transformation:[0.22337508074147f,-0.9537781528680265f,0.20102439756257795f,-2.5041329112362294f,0.44669864771333906f,-0.08313662080308377f,-0.8908134599412598f,1.1892648124028975f,0.8663509054850789f,0.28878285508855955f,0.4074807617202121f,0.40766069965450974f,0f,0f,0f,1f],start_interpolation:0}
execute if entity @s[tag=aj.tolerate.bone.head] run data modify entity @s {} merge value {transformation:[-0.3915966060687613f,-0.025800200421800423f,-0.9197752158944176f,-2.3717482992323933f,-0.002972655715250634f,0.9996370720812214f,-0.02677475375948929f,1.4266290985658148f,0.9201321978028082f,-0.0077507276482683685f,-0.39153117984075847f,0.07797553529176135f,0f,0f,0f,1f],start_interpolation:0}
execute if entity @s[tag=aj.tolerate.bone.hair] run data modify entity @s {} merge value {transformation:[-0.37860346658276783f,0.33766893435680895f,-0.8617651106083654f,-2.519934469955756f,0.033863098001063664f,0.9355054647544196f,0.35168567785508065f,1.0497528763891262f,0.9249392983786998f,0.10396738038901554f,-0.365620128179186f,0.04294177518831276f,0f,0f,0f,1f],start_interpolation:0}
execute if entity @s[tag=aj.tolerate.bone.outfit] run data modify entity @s {} merge value {transformation:[-0.37860346658276783f,0.33766893435680895f,-0.8617651106083654f,-2.8571473923703063f,0.033863098001063664f,0.9355054647544196f,0.35168567785508065f,0.08183999298133648f,0.9249392983786998f,0.10396738038901554f,-0.365620128179186f,-0.0714775740174485f,0f,0f,0f,1f],start_interpolation:0}
execute if entity @s[tag=aj.tolerate.bone.chest] run data modify entity @s {} merge value {transformation:[-0.37860346658276783f,0.33766893435680895f,-0.8617651106083654f,-2.6360081661409094f,0.033863098001063664f,0.9355054647544196f,0.35168567785508065f,0.7281728728797943f,0.9249392983786998f,0.10396738038901554f,-0.365620128179186f,0.007202988179588654f,0f,0f,0f,1f],start_interpolation:0}