execute if entity @s[tag=aj.tolerate.bone.left_straight] run data modify entity @s {} merge value {transformation:[0.14550179606332722f,-0.9892832314846112f,-0.012162041181946026f,-1.9285597120866487f,-0.1102574611110109f,-0.003997708980149228f,-0.993895019905153f,1.4000232152687495f,0.9831950567469813f,0.145954466277245f,-0.10965753125993985f,-0.09593293212860848f,0f,0f,0f,1f],start_interpolation:0}
execute if entity @s[tag=aj.tolerate.bone.left_bend] run data modify entity @s {} merge value {transformation:[0.14550179606332722f,-0.9510892172845734f,0.27250417998145193f,-1.9931966320796208f,-0.1102574611110109f,-0.28930762835982765f,-0.9508650737313713f,1.3848818493401065f,0.9831950567469813f,0.10830695701490972f,-0.1469594619290321f,-0.44881526024160623f,0f,0f,0f,1f],start_interpolation:0}
execute if entity @s[tag=aj.tolerate.bone.right_straight] run data modify entity @s {} merge value {transformation:[0.6364600227358652f,-0.19134275047110177f,-0.7471991644141579f,-2.422024827565686f,0.35092132450216335f,0.9345060334225213f,0.05960450911258852f,0.9299405640286815f,0.6868572365992145f,-0.30014400766808436f,0.6619219827081072f,0.049299076138723696f,0f,0f,0f,1f],start_interpolation:0}
execute if entity @s[tag=aj.tolerate.bone.microphone] run data modify entity @s {} merge value {transformation:[0.6364600227358652f,-0.19729556422608502f,-0.7456494483306301f,-2.0097551783955154f,0.35092132450216335f,0.9349516602964033f,0.05214994648746871f,1.2470036217285985f,0.6868572365992145f,-0.29485564814958076f,0.6642945756858034f,-0.013715967070568269f,0f,0f,0f,1f],start_interpolation:0}
execute if entity @s[tag=aj.tolerate.bone.right_bend] run data modify entity @s {} merge value {transformation:[0.6364600227358652f,-0.7456494483306301f,0.19729556422608485f,-2.2952267679040843f,0.35092132450216335f,0.052149946487468915f,-0.9349516602964033f,1.1540561140424603f,0.6868572365992145f,0.6642945756858033f,0.29485564814958093f,0.30184599443488297f,0f,0f,0f,1f],start_interpolation:0}
execute if entity @s[tag=aj.tolerate.bone.head] run data modify entity @s {} merge value {transformation:[0.049259133299421554f,0.13383494548060604f,-0.9897786344202388f,-2.2776269840619183f,0.01682924416113911f,0.9907297502149905f,0.13480110748768814f,1.3874174477679733f,0.9986442381186379f,-0.023297412026782725f,0.04655014785475698f,-0.05509185684514464f,0f,0f,0f,1f],start_interpolation:0}
execute if entity @s[tag=aj.tolerate.bone.hair] run data modify entity @s {} merge value {transformation:[0.06582542719230766f,0.4631640212507755f,-0.8838247012579821f,-2.4721103801732793f,0.048370956136050955f,0.8832232636906309f,0.4664514091287051f,1.0328540888928868f,0.9966580475456135f,-0.07345580912685909f,0.03573486208290174f,-0.01406472481010505f,0f,0f,0f,1f],start_interpolation:0}
execute if entity @s[tag=aj.tolerate.bone.outfit] run data modify entity @s {} merge value {transformation:[0.06582542719230766f,0.4631640212507755f,-0.8838247012579821f,-2.943425264609908f,0.048370956136050955f,0.8832232636906309f,0.4664514091287051f,0.11778400621269125f,0.9966580475456135f,-0.07345580912685909f,0.03573486208290174f,0.050500868774715296f,0f,0f,0f,1f],start_interpolation:0}
execute if entity @s[tag=aj.tolerate.bone.chest] run data modify entity @s {} merge value {transformation:[0.06582542719230766f,0.4631640212507755f,-0.8838247012579821f,-2.6313230124782336f,0.048370956136050955f,0.8832232636906309f,0.4664514091287051f,0.7292460919992324f,0.9966580475456135f,-0.07345580912685909f,0.03573486208290174f,0.011185709577252772f,0f,0f,0f,1f],start_interpolation:0}