execute if entity @s[tag=aj.tolerate.bone.left_straight] run data modify entity @s {} merge value {transformation:[-0.12823035092699986f,-0.15559340339290187f,-0.979462949744273f,-2.5682057230287634f,-0.10152569537570072f,0.9844871544501997f,-0.1430998808560964f,1.0470923776467804f,0.986534089770657f,0.08109090912773323f,-0.1420378617736089f,-0.021836519124382836f,0f,0f,0f,1f],start_interpolation:0}
execute if entity @s[tag=aj.tolerate.bone.left_bend] run data modify entity @s {} merge value {transformation:[-0.12823035092699986f,-0.18314267256995093f,-0.9746875081712467f,-2.578080276954997f,-0.10152569537570072f,0.9800619091315428f,-0.170795747745417f,1.0876049467780426f,0.986534089770657f,0.07705462837086066f,-0.1442673697237517f,-0.378479694875658f,0f,0f,0f,1f],start_interpolation:0}
execute if entity @s[tag=aj.tolerate.bone.right_straight] run data modify entity @s {} merge value {transformation:[0.5241712897000635f,-0.2608797101740161f,-0.8106702386751924f,-2.6949926062317027f,0.28000680368887f,0.9517930508047397f,-0.12524447424037724f,1.0043044782643502f,0.8042640418059945f,-0.16134362478674905f,0.5719506847609835f,0.00860669335680736f,0f,0f,0f,1f],start_interpolation:0}
execute if entity @s[tag=aj.tolerate.bone.microphone] run data modify entity @s {} merge value {transformation:[0.5241712897000635f,-0.27456977201224037f,-0.8061364024476989f,-2.3171617466140804f,0.28000680368887f,0.9495357565332996f,-0.1413436838089236f,1.3665870922962393f,0.8042640418059945f,-0.15163537635354324f,0.5746007863691143f,0.04700865171028029f,0f,0f,0f,1f],start_interpolation:0}
execute if entity @s[tag=aj.tolerate.bone.right_bend] run data modify entity @s {} merge value {transformation:[0.5241712897000635f,-0.806136402447699f,0.2745697720122402f,-2.6186158735900396f,0.28000680368887f,-0.14134368380892337f,-0.9495357565332996f,1.1908529799928884f,0.8042640418059945f,0.5746007863691143f,0.15163537635354338f,0.3076915054864675f,0f,0f,0f,1f],start_interpolation:0}
execute if entity @s[tag=aj.tolerate.bone.head] run data modify entity @s {} merge value {transformation:[-0.049764992669758916f,-0.0024759933569716494f,-0.9987578860572142f,-2.590230454651413f,-0.00041303830587371276f,0.9999968926217521f,-0.0024584845327758897f,1.474191729929804f,0.9987608697300554f,0.00029017880048277456f,-0.0497658607112047f,-0.0016824152400991138f,0f,0f,0f,1f],start_interpolation:0}
execute if entity @s[tag=aj.tolerate.bone.hair] run data modify entity @s {} merge value {transformation:[-0.04953565439368878f,0.04635939379811585f,-0.9976958582406065f,-2.6175561434721835f,0.004541780835538223f,0.998922306573072f,0.046190882840397976f,1.0687973022100168f,0.9987620292995879f,-0.0022432203201317225f,-0.049692824350849575f,0.009756863016372632f,0f,0f,0f,1f],start_interpolation:0}
execute if entity @s[tag=aj.tolerate.bone.outfit] run data modify entity @s {} merge value {transformation:[-0.04953565439368878f,0.04635939379811585f,-0.9976958582406065f,-2.6568720832362045f,0.004541780835538223f,0.998922306573072f,0.046190882840397976f,0.038240914231012946f,0.9987620292995879f,-0.0022432203201317225f,-0.049692824350849575f,0.001542213970090238f,0f,0f,0f,1f],start_interpolation:0}
execute if entity @s[tag=aj.tolerate.bone.chest] run data modify entity @s {} merge value {transformation:[-0.04953565439368878f,0.04635939379811585f,-0.9976958582406065f,-2.6334921850902857f,0.004541780835538223f,0.998922306573072f,0.046190882840397976f,0.7254177593255231f,0.9987620292995879f,-0.0022432203201317225f,-0.049692824350849575f,0.010527970001417912f,0f,0f,0f,1f],start_interpolation:0}