execute if entity @s[tag=aj.tolerate.bone.left_straight] run data modify entity @s {} merge value {transformation:[0.8628779331435565f,-0.4707879745590714f,-0.18384872995066132f,-2.0304703960228836f,-0.1641465067248448f,0.08299606228053338f,-0.9829382371115472f,1.3593531045059493f,0.4780142224075916f,0.8783338412337836f,-0.005662730752256068f,-0.6145223426755144f,0f,0f,0f,1f],start_interpolation:0}
execute if entity @s[tag=aj.tolerate.bone.left_bend] run data modify entity @s {} merge value {transformation:[0.8628779331435565f,-0.5054039304575377f,-0.002922254604987823f,-2.3524327636718487f,-0.1641465067248448f,-0.27477006134188875f,-0.9473950272828146f,1.365010418645935f,0.4780142224075916f,0.817965940897448f,-0.32005331229002837f,-0.7733976349566187f,0f,0f,0f,1f],start_interpolation:0}
execute if entity @s[tag=aj.tolerate.bone.right_straight] run data modify entity @s {} merge value {transformation:[0.8473658678221616f,-0.17269018105747033f,-0.5021445881579658f,-2.4851928213295684f,0.2546280731412828f,0.9619730244729221f,0.09885567537969936f,0.9573832470576815f,0.46597814371314933f,-0.21162703407825062f,0.85911487475709f,-0.017721887131802908f,0f,0f,0f,1f],start_interpolation:0}
execute if entity @s[tag=aj.tolerate.bone.microphone] run data modify entity @s {} merge value {transformation:[0.8473658678221616f,-0.17522611102231525f,-0.5012652950943146f,-2.0795203690787236f,0.2546280731412828f,0.9624604108207121f,0.09399203142385888f,1.2349304356781974f,0.46597814371314933f,-0.20728185549830783f,0.8601735882732195f,-0.198093641754362f,0f,0f,0f,1f],start_interpolation:0}
execute if entity @s[tag=aj.tolerate.bone.right_bend] run data modify entity @s {} merge value {transformation:[0.8473658678221616f,-0.5012652950943146f,0.17522611102231514f,-2.2651414474510916f,0.2546280731412828f,0.09399203142385909f,-0.9624604108207121f,1.1558224156054056f,0.46597814371314933f,0.8601735882732195f,0.20728185549830802f,0.18791070482067768f,0f,0f,0f,1f],start_interpolation:0}
execute if entity @s[tag=aj.tolerate.bone.head] run data modify entity @s {} merge value {transformation:[0.38040846029635317f,0.1869998272249975f,-0.9057154453539914f,-2.3354619185655596f,0.01881866567686905f,0.9775759474290865f,0.20974061321133328f,1.3998318298817347f,0.9246270930256695f,-0.09683145989782951f,0.368359073754068f,-0.15254409453575396f,0f,0f,0f,1f],start_interpolation:0}
execute if entity @s[tag=aj.tolerate.bone.hair] run data modify entity @s {} merge value {transformation:[0.3898936731852405f,0.3860507752459207f,-0.8360309339624609f,-2.4946927054637644f,0.0406702840929454f,0.8997757731756462f,0.4344530883743f,1.0382048013093776f,0.9199613315797137f,-0.20339212604767146f,0.335116086542989f,-0.057183509950095f,0f,0f,0f,1f],start_interpolation:0}
execute if entity @s[tag=aj.tolerate.bone.outfit] run data modify entity @s {} merge value {transformation:[0.3898936731852405f,0.3860507752459207f,-0.8360309339624609f,-2.8904099079815704f,0.0406702840929454f,0.8997757731756462f,0.4344530883743f,0.10640415594174324f,0.9199613315797137f,-0.20339212604767146f,0.335116086542989f,0.1398320866577738f,0f,0f,0f,1f],start_interpolation:0}
execute if entity @s[tag=aj.tolerate.bone.chest] run data modify entity @s {} merge value {transformation:[0.3898936731852405f,0.3860507752459207f,-0.8360309339624609f,-2.62739765945455f,0.0406702840929454f,0.8997757731756462f,0.4344530883743f,0.7289068792802492f,0.9199613315797137f,-0.20339212604767146f,0.335116086542989f,0.012732533378792077f,0f,0f,0f,1f],start_interpolation:0}