execute if entity @s[tag=aj.tolerate.bone.left_straight] run data modify entity @s {} merge value {transformation:[0.24676456581471368f,-0.9025633622155473f,-0.35282662349154265f,-2.1924741333568436f,0.49815927942824484f,0.4304414703073787f,-0.7527001215352327f,1.5048339252263017f,0.8312307630121781f,0.009975862157676346f,0.5558380166886783f,-0.09281202405997424f,0f,0f,0f,1f],start_interpolation:0}
execute if entity @s[tag=aj.tolerate.bone.left_bend] run data modify entity @s {} merge value {transformation:[0.24676456581471368f,-0.9625582143939209f,0.1122004142642205f,-2.310520559134217f,0.49815927942824484f,0.02668595770828175f,-0.8666747902072172f,1.2924778956804701f,0.8312307630121781f,0.2697583058294566f,0.48609245525744765f,-0.3572039451913306f,0f,0f,0f,1f],start_interpolation:0}
execute if entity @s[tag=aj.tolerate.bone.right_straight] run data modify entity @s {} merge value {transformation:[0.6936304078719676f,-0.21644547136867942f,-0.6870430955910684f,-2.6680172515457135f,0.24330586471921112f,0.968131483157694f,-0.059360656264235395f,1.0085075107185704f,0.677996396353701f,-0.1259872582560392f,0.724187888112278f,0.01698874260416508f,0f,0f,0f,1f],start_interpolation:0}
execute if entity @s[tag=aj.tolerate.bone.microphone] run data modify entity @s {} merge value {transformation:[0.6936304078719676f,-0.21724476837729473f,-0.6867907744634193f,-2.2614932649411585f,0.24330586471921112f,0.968061755672843f,-0.060487134143134336f,1.3346249494648414f,0.677996396353701f,-0.12514450773529018f,0.7243339966583695f,-0.028658526671711204f,0f,0f,0f,1f],start_interpolation:0}
execute if entity @s[tag=aj.tolerate.bone.right_bend] run data modify entity @s {} merge value {transformation:[0.6936304078719676f,-0.6867907744634193f,0.2172447683772946f,-2.5197775204004444f,0.24330586471921112f,-0.06048713414313412f,-0.968061755672843f,1.1902800934956392f,0.677996396353701f,0.7243339966583695f,0.12514450773529034f,0.2909763041710084f,0f,0f,0f,1f],start_interpolation:0}
execute if entity @s[tag=aj.tolerate.bone.head] run data modify entity @s {} merge value {transformation:[0.151727095636692f,0.07228349147762593f,-0.9857758291363499f,-2.5330088964170097f,0.0073756591478212966f,0.9972118404035915f,0.0742572892786772f,1.4689597144865967f,0.9883949049351626f,-0.018537589343978002f,0.15077091788380395f,-0.02369768095415974f,0f,0f,0f,1f],start_interpolation:0}
execute if entity @s[tag=aj.tolerate.bone.hair] run data modify entity @s {} merge value {transformation:[0.15237978876195335f,0.12265480477732044f,-0.9806814971446641f,-2.588985562598584f,0.012637028566556605f,0.9919462859821289f,0.12602726385694735f,1.0671240330651637f,0.988241218269037f,-0.03159690793887922f,0.14960257324936455f,0.0011395967264082353f,0f,0f,0f,1f],start_interpolation:0}
execute if entity @s[tag=aj.tolerate.bone.outfit] run data modify entity @s {} merge value {transformation:[0.15237978876195335f,0.12265480477732044f,-0.9806814971446641f,-2.7093251782844074f,0.012637028566556605f,0.9919462859821289f,0.12602726385694735f,0.043036928387286344f,0.988241218269037f,-0.03159690793887922f,0.14960257324936455f,0.021722874207979144f,0f,0f,0f,1f],start_interpolation:0}
execute if entity @s[tag=aj.tolerate.bone.chest] run data modify entity @s {} merge value {transformation:[0.15237978876195335f,0.12265480477732044f,-0.9806814971446641f,-2.6311481517407875f,0.012637028566556605f,0.9919462859821289f,0.12602726385694735f,0.7261424972588068f,0.988241218269037f,-0.03159690793887922f,0.14960257324936455f,0.01200103383039797f,0f,0f,0f,1f],start_interpolation:0}