execute if entity @s[tag=aj.tolerate.bone.left_straight] run data modify entity @s {} merge value {transformation:[0.04330232863790208f,-0.402867603008518f,-0.9142333415385299f,-2.449442838551716f,0.16694591269939046f,0.9051429008565143f,-0.39095446187762295f,1.1864808256307462f,0.9850147057620525f,-0.13569828103268453f,0.10645189503842557f,0.05070767629653272f,0f,0f,0f,1f],start_interpolation:0}
execute if entity @s[tag=aj.tolerate.bone.left_bend] run data modify entity @s {} merge value {transformation:[0.04330232863790208f,-0.802029446337216f,-0.5957127458285191f,-2.5196917651838513f,0.16694591269939046f,0.5936970400091328f,-0.7871803395139906f,1.1172622479816234f,0.9850147057620525f,-0.06536506630007202f,0.15960400226837856f,-0.2945560007650395f,0f,0f,0f,1f],start_interpolation:0}
execute if entity @s[tag=aj.tolerate.bone.right_straight] run data modify entity @s {} merge value {transformation:[0.623216989443182f,-0.24615204964947676f,-0.7423003115469764f,-2.707113285880659f,0.2548205233538151f,0.961289396360664f,-0.10482937242127308f,1.0081790650024312f,0.7393693832902903f,-0.12382190798849657f,0.661816477699841f,0.013074421696816746f,0f,0f,0f,1f],start_interpolation:0}
execute if entity @s[tag=aj.tolerate.bone.microphone] run data modify entity @s {} merge value {transformation:[0.623216989443182f,-0.24653727367110698f,-0.7421724575596931f,-2.3123329493624465f,0.2548205233538151f,0.9612348599794224f,-0.1053282717888611f,1.3513354525826216f,0.7393693832902903f,-0.12347840560664085f,0.6618806526873087f,0.008878815059941148f,0f,0f,0f,1f],start_interpolation:0}
execute if entity @s[tag=aj.tolerate.bone.right_bend] run data modify entity @s {} merge value {transformation:[0.623216989443182f,-0.7421724575596931f,0.2465372736711068f,-2.5902972106119004f,0.2548205233538151f,-0.1053282717888609f,-0.9612348599794224f,1.189135153555058f,0.7393693832902903f,0.6618806526873087f,0.123478405606641f,0.30237421811456433f,0f,0f,0f,1f],start_interpolation:0}
execute if entity @s[tag=aj.tolerate.bone.head] run data modify entity @s {} merge value {transformation:[0.05918217756985647f,0.02900363991911746f,-0.9978257657174083f,-2.587127875154008f,0.002978733326144608f,0.9995682458463394f,0.02923096035787541f,1.4740180218124501f,0.9982427545471401f,-0.0047022087484654244f,0.059070231310061436f,-0.006140452736854397f,0f,0f,0f,1f],start_interpolation:0}
execute if entity @s[tag=aj.tolerate.bone.hair] run data modify entity @s {} merge value {transformation:[0.05929389747743563f,0.05049616646132254f,-0.9969625724643055f,-2.614937961274586f,0.00518542990015327f,0.9986906957499335f,0.050892097021681675f,1.0687621887017142f,0.9982271009337935f,-0.008187270315805432f,0.05895441939405376f,0.008573527774951116f,0f,0f,0f,1f],start_interpolation:0}
execute if entity @s[tag=aj.tolerate.bone.outfit] run data modify entity @s {} merge value {transformation:[0.05929389747743563f,0.05049616646132254f,-0.9969625724643055f,-2.6597161144421593f,0.00518542990015327f,0.9986906957499335f,0.050892097021681675f,0.03840014667192071f,0.9982271009337935f,-0.008187270315805432f,0.05895441939405376f,0.005628748342115915f,0f,0f,0f,1f],start_interpolation:0}
execute if entity @s[tag=aj.tolerate.bone.chest] run data modify entity @s {} merge value {transformation:[0.05929389747743563f,0.05049616646132254f,-0.9969625724643055f,-2.6322960184956656f,0.00518542990015327f,0.9986906957499335f,0.050892097021681675f,0.7254622620376744f,0.9982271009337935f,-0.008187270315805432f,0.05895441939405376f,0.011387901946009235f,0f,0f,0f,1f],start_interpolation:0}