execute if entity @s[tag=aj.tolerate.bone.left_straight] run data modify entity @s {} merge value {transformation:[-0.7674606545130715f,-0.5319853594476789f,-0.3577648964161959f,-2.4107176416330343f,-0.03903955024037545f,0.5957968878306568f,-0.8021857527831899f,1.2324312952981624f,0.6399062878979991f,-0.6016790222241651f,-0.47801913865866885f,0.19135769844026723f,0f,0f,0f,1f],start_interpolation:0}
execute if entity @s[tag=aj.tolerate.bone.left_bend] run data modify entity @s {} merge value {transformation:[-0.7674606545130715f,-0.5716205942689714f,-0.29026546467321146f,-2.164668124736221f,-0.03903955024037545f,0.4935940571955435f,-0.8688157573492046f,1.2099814050404702f,0.6399062878979991f,-0.6554500765953346f,-0.4011298291074511f,-0.06919703198133675f,0f,0f,0f,1f],start_interpolation:0}
execute if entity @s[tag=aj.tolerate.bone.right_straight] run data modify entity @s {} merge value {transformation:[0.2584546069377527f,-0.20983229267089848f,-0.9429589731823576f,-2.5106084816389185f,0.4158987055814538f,0.9051978607626805f,-0.08743626002030375f,0.9655660684037062f,0.8719113962142729f,-0.3695771121473045f,0.3212215362153287f,0.10189222940284695f,0f,0f,0f,1f],start_interpolation:0}
execute if entity @s[tag=aj.tolerate.bone.microphone] run data modify entity @s {} merge value {transformation:[0.2584546069377527f,-0.2233685882523061f,-0.93984450306145f,-2.1641567037569622f,0.4158987055814538f,0.9038471200207102f,-0.10044227360001037f,1.3481605368320702f,0.8719113962142729f,-0.36492034392787676f,0.3265021588584633f,0.1956086300571305f,0f,0f,0f,1f],start_interpolation:0}
execute if entity @s[tag=aj.tolerate.bone.right_bend] run data modify entity @s {} merge value {transformation:[0.2584546069377527f,-0.93984450306145f,0.22336858825230588f,-2.5284301641966263f,0.4158987055814538f,-0.10044227360001018f,-0.9038471200207102f,1.1954879806960854f,0.8719113962142729f,0.32650215885846323f,0.3649203439278768f,0.37920752921776957f,0f,0f,0f,1f],start_interpolation:0}
execute if entity @s[tag=aj.tolerate.bone.head] run data modify entity @s {} merge value {transformation:[-0.33433666688549224f,-0.028501497774813644f,-0.942022641872525f,-2.4142926902846846f,-0.0034131650151696183f,0.9995726747274684f,-0.029031332087141537f,1.442961478584962f,0.9424475282372375f,-0.006490960080523758f,-0.33429107669328306f,0.05132002436310191f,0f,0f,0f,1f],start_interpolation:0}
execute if entity @s[tag=aj.tolerate.bone.hair] run data modify entity @s {} merge value {transformation:[-0.32532154636576016f,0.2809430796204205f,-0.9029046890362152f,-2.5391790425346135f,0.02791289409578712f,0.957281971446616f,0.28780565923288887f,1.056664426310959f,0.945191388986055f,0.06842669915080296f,-0.3192663856874657f,0.03131555463917602f,0f,0f,0f,1f],start_interpolation:0}
execute if entity @s[tag=aj.tolerate.bone.outfit] run data modify entity @s {} merge value {transformation:[-0.32532154636576016f,0.2809430796204205f,-0.9029046890362152f,-2.818148367239039f,0.02791289409578712f,0.957281971446616f,0.28780565923288887f,0.0668686446304515f,0.945191388986055f,0.06842669915080296f,-0.3192663856874657f,-0.047043355666177365f,0f,0f,0f,1f],start_interpolation:0}
execute if entity @s[tag=aj.tolerate.bone.chest] run data modify entity @s {} merge value {transformation:[-0.32532154636576016f,0.2809430796204205f,-0.9029046890362152f,-2.635753226154133f,0.02791289409578712f,0.957281971446616f,0.28780565923288887f,0.7275987486261847f,0.945191388986055f,0.06842669915080296f,-0.3192663856874657f,0.007793876806087495f,0f,0f,0f,1f],start_interpolation:0}