execute if entity @s[tag=aj.tolerate.bone.left_straight] run data modify entity @s {} merge value {transformation:[0.5798958781099963f,-0.7081806440707593f,0.4027417856574619f,-2.14145769770437f,0.7484564592768642f,0.26785445227498983f,-0.6066851909872244f,1.6257427376342013f,0.32176652889599344f,0.6532489324598929f,0.6853700701972869f,-0.5735425696947929f,0f,0f,0f,1f],start_interpolation:0}
execute if entity @s[tag=aj.tolerate.bone.left_bend] run data modify entity @s {} merge value {transformation:[0.5798958781099963f,-0.4742953483907524f,0.6623931559473809f,-2.33402976202326f,0.7484564592768642f,-0.010967031804642147f,-0.6630932459165421f,1.330539466066854f,0.32176652889599344f,0.8802974762591851f,0.34862968056941596f,-0.642129437116396f,0f,0f,0f,1f],start_interpolation:0}
execute if entity @s[tag=aj.tolerate.bone.right_straight] run data modify entity @s {} merge value {transformation:[0.8228356017850084f,-0.16475734315622537f,-0.5438718510009549f,-2.5752093590631016f,0.22439916117075887f,0.9734762068055783f,0.04459922924538823f,0.9935707158099878f,0.5220982559834526f,-0.15874222078427874f,0.837982290051235f,0.0019722014462898174f,0f,0f,0f,1f],start_interpolation:0}
execute if entity @s[tag=aj.tolerate.bone.microphone] run data modify entity @s {} merge value {transformation:[0.8228356017850084f,-0.1662641047388071f,-0.5434131208486838f,-2.161642289358592f,0.22439916117075887f,0.9735960789500969f,0.041900972767424195f,1.2808669847428047f,0.5220982559834526f,-0.1564190606300895f,0.8384190411546228f,-0.14051391028119933f,0f,0f,0f,1f],start_interpolation:0}
execute if entity @s[tag=aj.tolerate.bone.right_bend] run data modify entity @s {} merge value {transformation:[0.8228356017850084f,-0.5434131208486838f,0.16626410473880698f,-2.366033726970416f,0.22439916117075887f,0.04190097276742441f,-0.9735960789500969f,1.178553299390197f,0.5220982559834526f,0.8384190411546228f,0.1564190606300897f,0.23025376518595977f,0f,0f,0f,1f],start_interpolation:0}
execute if entity @s[tag=aj.tolerate.bone.head] run data modify entity @s {} merge value {transformation:[0.3411276644576927f,0.15821456617581897f,-0.9266067491613891f,-2.419816381511117f,0.015744535725819953f,0.9846341208465329f,0.17391882491425087f,1.4398193585574734f,0.9398851132646044f,-0.07391751561418211f,0.333394923100231f,-0.0971234643909032f,0f,0f,0f,1f],start_interpolation:0}
execute if entity @s[tag=aj.tolerate.bone.hair] run data modify entity @s {} merge value {transformation:[0.34481959723424593f,0.2735781579851776f,-0.8979167204349464f,-2.5343413177138117f,0.0285014868616505f,0.953092478076631f,0.3013343549620951f,1.0553385324924955f,0.9382361699539661f,-0.12949795252120383f,0.32084758014192416f,-0.031696208916036854f,0f,0f,0f,1f],start_interpolation:0}
execute if entity @s[tag=aj.tolerate.bone.outfit] run data modify entity @s {} merge value {transformation:[0.34481959723424593f,0.2735781579851776f,-0.8979167204349464f,-2.81308498361481f,0.0285014868616505f,0.953092478076631f,0.3013343549620951f,0.06974892132231614f,0.9382361699539661f,-0.12949795252120383f,0.32084758014192416f,0.08902984235832731f,0f,0f,0f,1f],start_interpolation:0}
execute if entity @s[tag=aj.tolerate.bone.chest] run data modify entity @s {} merge value {transformation:[0.34481959723424593f,0.2735781579851776f,-0.8979167204349464f,-2.6283838095212166f,0.0285014868616505f,0.953092478076631f,0.3013343549620951f,0.7277129931536535f,0.9382361699539661f,-0.12949795252120383f,0.32084758014192416f,0.012818712263126975f,0f,0f,0f,1f],start_interpolation:0}