execute if entity @s[tag=aj.tolerate.bone.left_straight] run data modify entity @s {} merge value {transformation:[0.3977218602358389f,-0.9006725695405636f,0.1749464042721163f,-2.1522424032974734f,0.6613870928063391f,0.14928374769981625f,-0.735038418140084f,1.6657407512376095f,0.6359122859009119f,0.40804814072593987f,0.6550666221769971f,-0.3325377229240925f,0f,0f,0f,1f],start_interpolation:0}
execute if entity @s[tag=aj.tolerate.bone.left_bend] run data modify entity @s {} merge value {transformation:[0.3977218602358389f,-0.7238387233275944f,0.5638038883353168f,-2.295027736611166f,0.6613870928063391f,-0.1997172196914113f,-0.7229662133377408f,1.3929384998649075f,0.6359122859009119f,0.6604320818753515f,0.39930568474549183f,-0.5172656583299085f,0f,0f,0f,1f],start_interpolation:0}
execute if entity @s[tag=aj.tolerate.bone.right_straight] run data modify entity @s {} merge value {transformation:[0.7426720117064826f,-0.19588685884451634f,-0.6403644443282864f,-2.6376876509628366f,0.23530587761561356f,0.9716171122698385f,-0.024317300507378348f,1.0061938211609038f,0.6269524918104978f,-0.13262173907941643f,0.7676861646116588f,0.015542148682228751f,0f,0f,0f,1f],start_interpolation:0}
execute if entity @s[tag=aj.tolerate.bone.microphone] run data modify entity @s {} merge value {transformation:[0.7426720117064826f,-0.19694700008572924f,-0.6400391880073268f,-2.225724856061313f,0.23530587761561356f,0.9715755119334643f,-0.025926213969128555f,1.3190559093325573f,0.6269524918104978f,-0.13135030935806336f,0.7679047266713162f,-0.06292715562750523f,0f,0f,0f,1f],start_interpolation:0}
execute if entity @s[tag=aj.tolerate.bone.right_bend] run data modify entity @s {} merge value {transformation:[0.7426720117064826f,-0.6400391880073268f,0.1969470000857291f,-2.4668735097429275f,0.23530587761561356f,-0.02592621396912834f,-0.9715755119334643f,1.1886912117752153f,0.6269524918104978f,0.7679047266713162f,0.13135030935806352f,0.2755473509591929f,0f,0f,0f,1f],start_interpolation:0}
execute if entity @s[tag=aj.tolerate.bone.head] run data modify entity @s {} merge value {transformation:[0.2199986761332349f,0.10360859120123389f,-0.9699823927932506f,-2.4934406894945695f,0.010495093347740283f,0.9940347040021134f,0.10855809622065626f,1.4620845734639554f,0.9754437121204105f,-0.03406269321011833f,0.2175989370746721f,-0.043571543245506224f,0f,0f,0f,1f],start_interpolation:0}
execute if entity @s[tag=aj.tolerate.bone.hair] run data modify entity @s {} merge value {transformation:[0.2213672365727618f,0.17541241400724078f,-0.9592846457565614f,-2.569925078055869f,0.01812586360215766f,0.9827794312852736f,0.18389138781158368f,1.064494065634085f,0.9750220508485f,-0.058095390994007866f,0.21437566537375097f,-0.007597680889588157f,0f,0f,0f,1f],start_interpolation:0}
execute if entity @s[tag=aj.tolerate.bone.outfit] run data modify entity @s {} merge value {transformation:[0.2213672365727618f,0.17541241400724078f,-0.9592846457565614f,-2.745596034629978f,0.01812586360215766f,0.9827794312852736f,0.18389138781158368f,0.049339140991374375f,0.9750220508485f,-0.058095390994007866f,0.21437566537375097f,0.03994058130838009f,0f,0f,0f,1f],start_interpolation:0}
execute if entity @s[tag=aj.tolerate.bone.chest] run data modify entity @s {} merge value {transformation:[0.2213672365727618f,0.17541241400724078f,-0.9592846457565614f,-2.630223095370858f,0.01812586360215766f,0.9827794312852736f,0.18389138781158368f,0.7266636361297721f,0.9750220508485f,-0.058095390994007866f,0.21437566537375097f,0.012372609764602053f,0f,0f,0f,1f],start_interpolation:0}