execute if entity @s[tag=aj.tolerate.bone.left_straight] run data modify entity @s {} merge value {transformation:[-0.6702844805273729f,-0.5453450008636355f,-0.5033066115174639f,-2.415138683613846f,-0.07223331710944403f,0.7229395066873804f,-0.6871250377987791f,1.1734772396829614f,0.738580437774733f,-0.42421374294528547f,-0.5239672100740989f,0.1395955565929698f,0f,0f,0f,1f],start_interpolation:0}
execute if entity @s[tag=aj.tolerate.bone.left_bend] run data modify entity @s {} merge value {transformation:[-0.6702844805273729f,-0.5943713878168421f,-0.44434375038795254f,-2.2116599080969013f,-0.07223331710944403f,0.6481733685888171f,-0.7580591218048841f,1.1706644509613449f,0.738580437774733f,-0.47601884164065067f,-0.4773939665931869f,-0.15624495114142498f,0f,0f,0f,1f],start_interpolation:0}
execute if entity @s[tag=aj.tolerate.bone.right_straight] run data modify entity @s {} merge value {transformation:[0.3004301838286519f,-0.22440759198584143f,-0.9270290919403763f,-2.54175320124847f,0.38770137879196975f,0.9167438646787597f,-0.09627215306960535f,0.9766003688689898f,0.8714524344607043f,-0.33048739648127f,0.3624206606135251f,0.07368302327768642f,0f,0f,0f,1f],start_interpolation:0}
execute if entity @s[tag=aj.tolerate.bone.microphone] run data modify entity @s {} merge value {transformation:[0.3004301838286519f,-0.23826475619915627f,-0.9235646217769711f,-2.190302099635366f,0.38770137879196975f,0.915199385282223f,-0.10998966343182867f,1.3557748302412318f,0.8714524344607043f,-0.32502306246234f,0.36732909405615294f,0.16293863423596844f,0f,0f,0f,1f],start_interpolation:0}
execute if entity @s[tag=aj.tolerate.bone.right_bend] run data modify entity @s {} merge value {transformation:[0.3004301838286519f,-0.9235646217769711f,0.23826475619915607f,-2.5458325753594586f,0.38770137879196975f,-0.10998966343182846f,-0.915199385282223f,1.1976427485669296f,0.8714524344607043f,0.3673290940561529f,0.32502306246234003f,0.35865512492475476f,0f,0f,0f,1f],start_interpolation:0}
execute if entity @s[tag=aj.tolerate.bone.head] run data modify entity @s {} merge value {transformation:[-0.2810363022976046f,-0.025402883299581264f,-0.9593608759538598f,-2.447915114643345f,-0.003082810375481245f,0.9996683548053077f,-0.02556710153768385f,1.453049518000391f,0.9596921866260443f,-0.004227756014396761f,-0.2810214102306166f,0.032936950642382244f,0f,0f,0f,1f],start_interpolation:0}
execute if entity @s[tag=aj.tolerate.bone.hair] run data modify entity @s {} merge value {transformation:[-0.274714937830096f,0.23611318047554009f,-0.9320849043615778f,-2.554268340425681f,0.023332841675827408f,0.9707326906671879f,0.2390264039167481f,1.060849307028887f,0.9612425715875974f,0.043915934189843416f,-0.27218396222389013f,0.023440727055525912f,0f,0f,0f,1f],start_interpolation:0}
execute if entity @s[tag=aj.tolerate.bone.outfit] run data modify entity @s {} merge value {transformation:[-0.274714937830096f,0.23611318047554009f,-0.9320849043615778f,-2.787327811576934f,0.023332841675827408f,0.9707326906671879f,0.2390264039167481f,0.05762127516630833f,0.9612425715875974f,0.043915934189843416f,-0.27218396222389013f,-0.030192204755517663f,0f,0f,0f,1f],start_interpolation:0}
execute if entity @s[tag=aj.tolerate.bone.chest] run data modify entity @s {} merge value {transformation:[-0.274714937830096f,0.23611318047554009f,-0.9320849043615778f,-2.635432246214148f,0.023332841675827408f,0.9707326906671879f,0.2390264039167481f,0.7271599446120409f,0.9612425715875974f,0.043915934189843416f,-0.27218396222389013f,0.008344624677767231f,0f,0f,0f,1f],start_interpolation:0}