execute if entity @s[tag=aj.tolerate.bone.left_straight] run data modify entity @s {} merge value {transformation:[-0.32841058900714654f,-0.3568035175506064f,-0.8745500185189485f,-2.4908994275534604f,-0.11020522823996994f,0.9340561091658801f,-0.33969691284801784f,1.0722940780391959f,0.938083840974012f,-0.015180078834176193f,-0.3460755300653789f,0.011064841810060178f,0f,0f,0f,1f],start_interpolation:0}
execute if entity @s[tag=aj.tolerate.bone.left_bend] run data modify entity @s {} merge value {transformation:[-0.32841058900714654f,-0.4055240428228613f,-0.8530514261875314f,-2.4265666464317324f,-0.11020522823996994f,0.9134270290163568f,-0.3917982520774287f,1.1045340990163903f,0.938083840974012f,-0.034659967613290044f,-0.34466997831039836f,-0.34072345276971444f,0f,0f,0f,1f],start_interpolation:0}
execute if entity @s[tag=aj.tolerate.bone.right_straight] run data modify entity @s {} merge value {transformation:[0.4427385494866849f,-0.25202815435170073f,-0.8605024033740414f,-2.6388627522795147f,0.31327064971175883f,0.9426853194963681f,-0.11491687619841998f,0.998077311609818f,0.8401452712642015f,-0.21869201590388657f,0.49631615463562684f,0.020515646889402578f,0f,0f,0f,1f],start_interpolation:0}
execute if entity @s[tag=aj.tolerate.bone.microphone] run data modify entity @s {} merge value {transformation:[0.4427385494866849f,-0.2660114159229004f,-0.8562829575538214f,-2.269240500631205f,0.31327064971175883f,0.9406883718427913f,-0.13025700406861448f,1.3655152246705364f,0.8401452712642015f,-0.21057852140817254f,0.4998125743655806f,0.08195914774525351f,0f,0f,0f,1f],start_interpolation:0}
execute if entity @s[tag=aj.tolerate.bone.right_bend] run data modify entity @s {} merge value {transformation:[0.4427385494866849f,-0.8562829575538216f,0.26601141592290023f,-2.592894379950124f,0.31327064971175883f,-0.13025700406861426f,-0.9406883718427913f,1.1955861932505325f,0.8401452712642015f,0.4998125743655805f,0.21057852140817265f,0.3187816758823696f,0f,0f,0f,1f],start_interpolation:0}
execute if entity @s[tag=aj.tolerate.bone.head] run data modify entity @s {} merge value {transformation:[-0.12894442519048377f,-0.010271723649843092f,-0.9915986218755838f,-2.5405116477210554f,-0.0013716878879371178f,0.9999472433254059f,-0.010179834883712366f,1.4702215260216152f,0.9916508728804881f,0.000047530861707549554f,-0.128951712110322f,0.0025681672850971613f,0f,0f,0f,1f],start_interpolation:0}
execute if entity @s[tag=aj.tolerate.bone.hair] run data modify entity @s {} merge value {transformation:[-0.1275470227545967f,0.11265113637192614f,-0.9854143689131756f,-2.595523738185806f,0.011042627643056892f,0.9936287013621534f,0.11216088535713914f,1.0675744268882759f,0.9917710508787677f,0.003424223046796643f,-0.12797834713478137f,0.011004745087592083f,0f,0f,0f,1f],start_interpolation:0}
execute if entity @s[tag=aj.tolerate.bone.outfit] run data modify entity @s {} merge value {transformation:[-0.1275470227545967f,0.11265113637192614f,-0.9854143689131756f,-2.7024476562556994f,0.011042627643056892f,0.9936287013621534f,0.11216088535713914f,0.04188026781351939f,0.9917710508787677f,0.003424223046796643f,-0.12797834713478137f,-0.0023541533446730135f,0f,0f,0f,1f],start_interpolation:0}
execute if entity @s[tag=aj.tolerate.bone.chest] run data modify entity @s {} merge value {transformation:[-0.1275470227545967f,0.11265113637192614f,-0.9854143689131756f,-2.6342475663136553f,0.011042627643056892f,0.9936287013621534f,0.11216088535713914f,0.7260145607950356f,0.9917710508787677f,0.003424223046796643f,-0.12797834713478137f,0.009827668415255736f,0f,0f,0f,1f],start_interpolation:0}