execute if entity @s[tag=aj.tolerate.bone.left_straight] run data modify entity @s {} merge value {transformation:[0.5270592064292802f,-0.844348822894141f,-0.09635174204660552f,-1.9123353131820662f,-0.1598808634456281f,0.012835432312455042f,-0.9870528664571276f,1.3773756644073472f,0.8346536421905902f,0.5356401002115416f,-0.12823018608483577f,-0.3329331029690998f,0f,0f,0f,1f],start_interpolation:0}
execute if entity @s[tag=aj.tolerate.bone.left_bend] run data modify entity @s {} merge value {transformation:[0.5270592064292802f,-0.8318766848201496f,0.17375204796138255f,-2.115085166682107f,-0.1598808634456281f,-0.29786722149061284f,-0.9411233861005378f,1.3804186244406338f,0.8346536421905902f,0.4682481175766744f,-0.28999482402946924f,-0.629271367765869f,0f,0f,0f,1f],start_interpolation:0}
execute if entity @s[tag=aj.tolerate.bone.right_straight] run data modify entity @s {} merge value {transformation:[0.7441103482849132f,-0.19221963760012034f,-0.6398057521593437f,-2.438396752686774f,0.3134790722450746f,0.9461925346649988f,0.08031536969094177f,0.9374718554968144f,0.5899412350731827f,-0.2603292113173313f,0.7643284901763272f,0.012777143409870045f,0f,0f,0f,1f],start_interpolation:0}
execute if entity @s[tag=aj.tolerate.bone.microphone] run data modify entity @s {} merge value {transformation:[0.7441103482849132f,-0.19660228669144386f,-0.638472654420689f,-2.0261213727902123f,0.3134790722450746f,0.9467210149575571f,0.07382540959656553f,1.2376221688437692f,0.5899412350731827f,-0.2550820666088243f,0.7660956066020083f,-0.10671648425196342f,0f,0f,0f,1f],start_interpolation:0}
execute if entity @s[tag=aj.tolerate.bone.right_bend] run data modify entity @s {} merge value {transformation:[0.7441103482849132f,-0.638472654420689f,0.19660228669144372f,-2.2666548874381327f,0.3134790722450746f,0.07382540959656574f,-0.9467210149575571f,1.1521809705136636f,0.5899412350731827f,0.7660956066020082f,0.2550820666088245f,0.24620850651776874f,0f,0f,0f,1f],start_interpolation:0}
execute if entity @s[tag=aj.tolerate.bone.head] run data modify entity @s {} merge value {transformation:[0.20746565533929986f,0.16166599775104562f,-0.9647912245795947f,-2.292927253951851f,0.018361574743480505f,0.985432450130273f,0.16907317588306742f,1.3888725576680616f,0.9780699639737305f,-0.0527919634168496f,0.20147494675770386f,-0.10724233542453161f,0f,0f,0f,1f],start_interpolation:0}
execute if entity @s[tag=aj.tolerate.bone.hair] run data modify entity @s {} merge value {transformation:[0.22163188358184993f,0.44276366139753215f,-0.8688150829295109f,-2.4772992628600163f,0.04648253028500239f,0.8851634102240822f,0.4629526018706204f,1.033472478485677f,0.9740219107177545f,-0.1429897805660417f,0.17559965858568774f,-0.0371000626417472f,0f,0f,0f,1f],start_interpolation:0}
execute if entity @s[tag=aj.tolerate.bone.outfit] run data modify entity @s {} merge value {transformation:[0.22163188358184993f,0.44276366139753215f,-0.8688150829295109f,-2.9294000172108032f,0.04648253028500239f,0.8851634102240822f,0.4629526018706204f,0.1164501554709435f,0.9740219107177545f,-0.1429897805660417f,0.17559965858568774f,0.09830547413915335f,0f,0f,0f,1f],start_interpolation:0}
execute if entity @s[tag=aj.tolerate.bone.chest] run data modify entity @s {} merge value {transformation:[0.22163188358184993f,0.44276366139753215f,-0.8688150829295109f,-2.629499271465418f,0.04648253028500239f,0.8851634102240822f,0.4629526018706204f,0.7291975562211487f,0.9740219107177545f,-0.1429897805660417f,0.17559965858568774f,0.012052674427829644f,0f,0f,0f,1f],start_interpolation:0}