execute if entity @s[tag=aj.tolerate.bone.left_straight] run data modify entity @s {} merge value {transformation:[0.8258832453567708f,-0.5340601600811639f,-0.1808220408386364f,-2.00375333081695f,-0.17353751654223046f,0.0643672495940874f,-0.9827215208450704f,1.3603790693442113f,0.5364714301724955f,0.842992646820703f,-0.0395196408751768f,-0.5789265259929197f,0f,0f,0f,1f],start_interpolation:0}
execute if entity @s[tag=aj.tolerate.bone.left_bend] run data modify entity @s {} merge value {transformation:[0.8258832453567708f,-0.5635762411254095f,0.017282519432137905f,-2.313219998319926f,-0.17353751654223046f,-0.28323221631837503f,-0.9432201450307011f,1.369146214929127f,0.5364714301724955f,0.7759905489619935f,-0.3317183632697191f,-0.7608238837134423f,0f,0f,0f,1f],start_interpolation:0}
execute if entity @s[tag=aj.tolerate.bone.right_straight] run data modify entity @s {} merge value {transformation:[0.8349719402946258f,-0.1784756981013499f,-0.520546140229532f,-2.4747402358985933f,0.2654838410368766f,0.9592272115949118f,0.09696126383333104f,0.9528178405339047f,0.4820167933474249f,-0.21915652334139227f,0.8483102199124914f,-0.015172392333069912f,0f,0f,0f,1f],start_interpolation:0}
execute if entity @s[tag=aj.tolerate.bone.microphone] run data modify entity @s {} merge value {transformation:[0.8349719402946258f,-0.18128741923731231f,-0.5195736045517544f,-2.068476758155234f,0.2654838410368766f,0.959737412794488f,0.09177379054419123f,1.2340784737771995f,0.4820167933474249f,-0.21456693619665082f,0.8494826901251421f,-0.18843141293303237f,0f,0f,0f,1f],start_interpolation:0}
execute if entity @s[tag=aj.tolerate.bone.right_bend] run data modify entity @s {} merge value {transformation:[0.8349719402946258f,-0.5195736045517544f,0.1812874192373122f,-2.261025015090688f,0.2654838410368766f,0.09177379054419144f,-0.959737412794488f,1.1544071160603866f,0.4820167933474249f,0.8494826901251421f,0.21456693619665101f,0.19404768801427366f,0f,0f,0f,1f],start_interpolation:0}
execute if entity @s[tag=aj.tolerate.bone.head] run data modify entity @s {} merge value {transformation:[0.35860907631084565f,0.18354911412135363f,-0.9152645809233242f,-2.326688490245132f,0.01875332236512897f,0.9788638874697334f,0.20365117899955926f,1.3968233184894365f,0.9332994392411f,-0.09019541292608639f,0.3475873188126131f,-0.14887468516041516f,0f,0f,0f,1f],start_interpolation:0}
execute if entity @s[tag=aj.tolerate.bone.hair] run data modify entity @s {} merge value {transformation:[0.36900388481247864f,0.39774867967315736f,-0.8400191193131017f,-2.490931813729242f,0.04190014528592875f,0.8957644246525818f,0.442549967067954f,1.0369038738634626f,0.928482908199347f,-0.19849958021388642f,0.3138748251080259f,-0.055577758877514025f,0f,0f,0f,1f],start_interpolation:0}
execute if entity @s[tag=aj.tolerate.bone.outfit] run data modify entity @s {} merge value {transformation:[0.36900388481247864f,0.39774867967315736f,-0.8400191193131017f,-2.8984522172752953f,0.04190014528592875f,0.8957644246525818f,0.442549967067954f,0.1091619580513501f,0.928482908199347f,-0.19849958021388642f,0.3138748251080259f,0.13646846139704658f,0f,0f,0f,1f],start_interpolation:0}
execute if entity @s[tag=aj.tolerate.bone.chest] run data modify entity @s {} merge value {transformation:[0.36900388481247864f,0.39774867967315736f,-0.8400191193131017f,-2.6276579223668897f,0.04190014528592875f,0.8957644246525818f,0.442549967067954f,0.7289848528891376f,0.928482908199347f,-0.19849958021388642f,0.3138748251080259f,0.012656471821009454f,0f,0f,0f,1f],start_interpolation:0}