execute if entity @s[tag=aj.tolerate.bone.left_straight] run data modify entity @s {} merge value {transformation:[-0.8587798149072751f,-0.4959127301642504f,-0.12871594139369794f,-2.363056375748312f,0.05906436069497786f,0.1537271178289447f,-0.9863464779374941f,1.4185358302381539f,0.5089289054509678f,-0.8546569705472747f,-0.10272697742771764f,0.2689751539811983f,0f,0f,0f,1f],start_interpolation:0}
execute if entity @s[tag=aj.tolerate.bone.left_bend] run data modify entity @s {} merge value {transformation:[-0.8587798149072751f,-0.5112296445432275f,-0.0337857965428036f,-2.0716758604545658f,0.05906436069497786f,-0.033282927776125765f,-0.9976991771141955f,1.3457213224019868f,0.5089289054509678f,-0.8587994511286406f,0.05877815867841982f,0.07217939020936212f,0f,0f,0f,1f],start_interpolation:0}
execute if entity @s[tag=aj.tolerate.bone.right_straight] run data modify entity @s {} merge value {transformation:[0.2375605666308346f,-0.16518855063100357f,-0.9572239653928778f,-2.4498757059632332f,0.45241530542711106f,0.8908433806581795f,-0.04145434299081174f,0.9334845515994559f,0.8595844162136321f,-0.423214855455163f,0.2863630868752728f,0.16112637816422756f,0f,0f,0f,1f],start_interpolation:0}
execute if entity @s[tag=aj.tolerate.bone.microphone] run data modify entity @s {} merge value {transformation:[0.2375605666308346f,-0.17670774441026701f,-0.9551645671021686f,-2.09450085744717f,0.45241530542711106f,0.8902793607957835f,-0.05218286266912885f,1.308685160462948f,0.8595844162136321f,-0.4197344789345846f,0.2914405575690905f,0.24978020916367527f,0f,0f,0f,1f],start_interpolation:0}
execute if entity @s[tag=aj.tolerate.bone.right_bend] run data modify entity @s {} merge value {transformation:[0.2375605666308346f,-0.9551645671021686f,0.1767077444102668f,-2.4709919458880325f,0.45241530542711106f,-0.05218286266912866f,-0.8902793607957835f,1.1779340098367241f,0.8595844162136321f,0.2914405575690904f,0.41973447893458465f,0.4254822754159382f,0f,0f,0f,1f],start_interpolation:0}
execute if entity @s[tag=aj.tolerate.bone.head] run data modify entity @s {} merge value {transformation:[-0.4028789095248454f,-0.001057452849143825f,-0.915252678801621f,-2.3309100592755683f,0.00043629597715398594f,0.9999989970572736f,-0.0013474161449051336f,1.4085329459648503f,0.9152531856846453f,-0.0009421666089760861f,-0.4028780440979493f,0.09377536214439916f,0f,0f,0f,1f],start_interpolation:0}
execute if entity @s[tag=aj.tolerate.bone.hair] run data modify entity @s {} merge value {transformation:[-0.3863219003748937f,0.3921199209659089f,-0.8348636756216071f,-2.5010869928684287f,0.039791632358572054f,0.911377261286467f,0.4096438863259392f,1.0419855042653048f,0.9215052985658688f,0.12503381619253262f,-0.36768808727420177f,0.05012932407378051f,0f,0f,0f,1f],start_interpolation:0}
execute if entity @s[tag=aj.tolerate.bone.outfit] run data modify entity @s {} merge value {transformation:[-0.3863219003748937f,0.3921199209659089f,-0.8348636756216071f,-2.8945824456640623f,0.039791632358572054f,0.911377261286467f,0.4096438863259392f,0.09842813286555396f,0.9215052985658688f,0.12503381619253262f,-0.36768808727420177f,-0.0859607486323665f,0f,0f,0f,1f],start_interpolation:0}
execute if entity @s[tag=aj.tolerate.bone.chest] run data modify entity @s {} merge value {transformation:[-0.3863219003748937f,0.3921199209659089f,-0.8348636756216071f,-2.63587821570046f,0.039791632358572054f,0.911377261286467f,0.4096438863259392f,0.7286995706980817f,0.9215052985658688f,0.12503381619253262f,-0.36768808727420177f,0.007148949757597409f,0f,0f,0f,1f],start_interpolation:0}