execute if entity @s[tag=aj.tolerate.bone.left_straight] run data modify entity @s {} merge value {transformation:[-0.8689097160121886f,-0.4734177805087232f,-0.14446975641224008f,-2.3807257664950936f,0.05341225837020552f,0.20048988258649292f,-0.9782386915452937f,1.401288331524216f,0.49208031465952007f,-0.8577175596189274f,-0.14892129413196536f,0.2666739567941544f,0f,0f,0f,1f],start_interpolation:0}
execute if entity @s[tag=aj.tolerate.bone.left_bend] run data modify entity @s {} merge value {transformation:[-0.8689097160121886f,-0.4915503548756713f,-0.05808746888287725f,-2.0863301902577347f,0.05341225837020552f,0.02355401203731186f,-0.9982947155889088f,1.3315052160175354f,0.49208031465952007f,-0.8705305607148708f,0.005788504646297293f,0.0732968863724856f,0f,0f,0f,1f],start_interpolation:0}
execute if entity @s[tag=aj.tolerate.bone.right_straight] run data modify entity @s {} merge value {transformation:[0.22694115231183756f,-0.1702244267871405f,-0.958916762765343f,-2.454320099630756f,0.4556578209503034f,0.8887535128227109f,-0.04993138944704978f,0.9362540961538135f,0.8607401835595899f,-0.42560643553673055f,0.27925883770352233f,0.16044713128799837f,0f,0f,0f,1f],start_interpolation:0}
execute if entity @s[tag=aj.tolerate.bone.microphone] run data modify entity @s {} merge value {transformation:[0.22694115231183756f,-0.1821003394316437f,-0.9567325539387985f,-2.103161450536219f,0.4556578209503034f,0.888066133475027f,-0.060946638804261814f,1.3149567002456273f,0.8607401835595899f,-0.42211137032019896f,0.2845141955196741f,0.2512106969419863f,0f,0f,0f,1f],start_interpolation:0}
execute if entity @s[tag=aj.tolerate.bone.right_bend] run data modify entity @s {} merge value {transformation:[0.22694115231183756f,-0.9567325539387985f,0.18210033943164347f,-2.4796666226127804f,0.4556578209503034f,-0.06094663880426162f,-0.888066133475027f,1.1808269531528157f,0.8607401835595899f,0.284514195519674f,0.422111370320199f,0.4243166919138499f,0f,0f,0f,1f],start_interpolation:0}
execute if entity @s[tag=aj.tolerate.bone.head] run data modify entity @s {} merge value {transformation:[-0.40869547777799453f,-0.010107505709671394f,-0.9126148392241635f,-2.3394026117051627f,-0.0007852776679690837f,0.9999421984802359f,-0.010723014384798613f,1.4121968629976944f,0.9126704716286163f,-0.0036657914345155918f,-0.40867979175677094f,0.09324485661577224f,0f,0f,0f,1f],start_interpolation:0}
execute if entity @s[tag=aj.tolerate.bone.hair] run data modify entity @s {} merge value {transformation:[-0.39272805815247375f,0.3807965177264498f,-0.8371133044141617f,-2.505067406812126f,0.03853971846632723f,0.9162624839969258f,0.3987201406002956f,1.0435640581650774f,0.9188467567773875f,0.12432647548769672f,-0.3745177766842098f,0.049802673818195656f,0f,0f,0f,1f],start_interpolation:0}
execute if entity @s[tag=aj.tolerate.bone.outfit] run data modify entity @s {} merge value {transformation:[-0.39272805815247375f,0.3807965177264498f,-0.8371133044141617f,-2.8867976059369345f,0.03853971846632723f,0.9162624839969258f,0.3987201406002956f,0.0950695422521135f,0.9188467567773875f,0.12432647548769672f,-0.3745177766842098f,-0.08547445189779182f,0f,0f,0f,1f],start_interpolation:0}
execute if entity @s[tag=aj.tolerate.bone.chest] run data modify entity @s {} merge value {transformation:[-0.39272805815247375f,0.3807965177264498f,-0.8371133044141617f,-2.635966209780593f,0.03853971846632723f,0.9162624839969258f,0.3987201406002956f,0.7285988292911341f,0.9188467567773875f,0.12432647548769672f,-0.3745177766842098f,0.007065447869299892f,0f,0f,0f,1f],start_interpolation:0}