execute if entity @s[tag=aj.tolerate.bone.left_straight] run data modify entity @s {} merge value {transformation:[-0.6134023659760443f,-0.7893071921208882f,-0.027049840687710935f,-2.179093512445716f,0.01720519575073634f,0.020886959066827582f,-0.999633791035557f,1.4428015736951856f,0.7895831296666423f,-0.6136431303348715f,0.0007680746382671133f,0.22223127035519158f,0f,0f,0f,1f],start_interpolation:0}
execute if entity @s[tag=aj.tolerate.bone.left_bend] run data modify entity @s {} merge value {transformation:[-0.6134023659760443f,-0.7739190910081631f,0.15743817195359483f,-1.9728687622901004f,0.01720519575073634f,-0.21239420834197298f,-0.9770325897849905f,1.382448912648274f,0.7895831296666423f,-0.5966053476427153f,0.14359853937260245f,-0.06545265100751335f,0f,0f,0f,1f],start_interpolation:0}
execute if entity @s[tag=aj.tolerate.bone.right_straight] run data modify entity @s {} merge value {transformation:[0.3795323673241386f,-0.1684535238209559f,-0.9097134672333029f,-2.427167890015107f,0.41659064731667894f,0.9090777513140338f,0.005465769304522861f,0.9262132625839773f,0.8260795450328046f,-0.3810525585508152f,0.4152005935692674f,0.1291733385252039f,0f,0f,0f,1f],start_interpolation:0}
execute if entity @s[tag=aj.tolerate.bone.microphone] run data modify entity @s {} merge value {transformation:[0.3795323673241386f,-0.17774684407354646f,-0.9079434132010814f,-2.0410206346423f,0.41659064731667894f,0.9090861139476287f,-0.003830143061251351f,1.2777284632642458f,0.8260795450328046f,-0.3767870709691265f,0.4190752777591407f,0.17442524345902005f,0f,0f,0f,1f],start_interpolation:0}
execute if entity @s[tag=aj.tolerate.bone.right_bend] run data modify entity @s {} merge value {transformation:[0.3795323673241386f,-0.9079434132010814f,0.17774684407354627f,-2.3973157365440656f,0.41659064731667894f,-0.0038301430612511494f,-0.9090861139476287f,1.1647590769671856f,0.8260795450328046f,0.4190752777591406f,0.3767870709691266f,0.3980417394320526f,0f,0f,0f,1f],start_interpolation:0}
execute if entity @s[tag=aj.tolerate.bone.head] run data modify entity @s {} merge value {transformation:[-0.2655690379790246f,0.057885169055566954f,-0.9623525306613496f,-2.291748763548089f,0.008685956698836261f,0.9982990473685726f,0.05765037882986257f,1.3947588683150185f,0.9640527165166443f,0.006951203234632941f,-0.2656201056969699f,0.05354130850715277f,0f,0f,0f,1f],start_interpolation:0}
execute if entity @s[tag=aj.tolerate.bone.hair] run data modify entity @s {} merge value {transformation:[-0.2473757771289179f,0.4443349819358816f,-0.8610294122257983f,-2.4818268506505627f,0.04571620877861167f,0.8930118244200247f,0.44770515934142363f,1.0360404861664017f,0.967840510179634f,0.07138841134287077f,-0.2412228048530378f,0.03320327775302845f,0f,0f,0f,1f],start_interpolation:0}
execute if entity @s[tag=aj.tolerate.bone.outfit] run data modify entity @s {} merge value {transformation:[-0.2473757771289179f,0.4443349819358816f,-0.8610294122257983f,-2.9304803000809185f,0.04571620877861167f,0.8930118244200247f,0.44770515934142363f,0.11105437071123303f,0.967840510179634f,0.07138841134287077f,-0.2412228048530378f,-0.049079532798223975f,0f,0f,0f,1f],start_interpolation:0}
execute if entity @s[tag=aj.tolerate.bone.chest] run data modify entity @s {} merge value {transformation:[-0.2473757771289179f,0.4443349819358816f,-0.8610294122257983f,-2.634567000691022f,0.04571620877861167f,0.8930118244200247f,0.44770515934142363f,0.729067671522018f,0.967840510179634f,0.07138841134287077f,-0.2412228048530378f,0.00866351135391661f,0f,0f,0f,1f],start_interpolation:0}