execute if entity @s[tag=aj.tolerate.bone.left_straight] run data modify entity @s {} merge value {transformation:[-0.009843009851276398f,-0.07900194572910545f,-0.9968258663016742f,-2.6010812543555217f,-0.02327720113165124f,0.9966221309897267f,-0.07875595170507764f,1.066400992716167f,0.9996805925217037f,0.022428120574656825f,-0.011648705633860144f,0.0025520085732595454f,0f,0f,0f,1f],start_interpolation:0}
execute if entity @s[tag=aj.tolerate.bone.left_bend] run data modify entity @s {} merge value {transformation:[-0.009843009851276398f,-0.5767427248124077f,-0.8168665402212453f,-2.6529357466422745f,-0.02327720113165124f,0.8168169060953436f,-0.5764271973322451f,1.0828202411385037f,0.9996805925217037f,0.013340588172561061f,-0.021464893260060573f,-0.35237706855869527f,0f,0f,0f,1f],start_interpolation:0}
execute if entity @s[tag=aj.tolerate.bone.right_straight] run data modify entity @s {} merge value {transformation:[0.5879770657541035f,-0.261442938948206f,-0.7654610113005883f,-2.7265545825564397f,0.2604170144365241f,0.9571243082261955f,-0.12687015880219413f,1.006742125146856f,0.7658106480972707f,-0.1247423275261904f,0.6308513319191668f,0.008785186075480123f,0f,0f,0f,1f],start_interpolation:0}
execute if entity @s[tag=aj.tolerate.bone.microphone] run data modify entity @s {} merge value {transformation:[0.5879770657541035f,-0.26156399513530376f,-0.7654196539128411f,-2.3392245260546787f,0.2604170144365241f,0.9571042314427336f,-0.1270215286728259f,1.3579505497391495f,0.7658106480972707f,-0.12464255534637074f,0.6308710523217601f,0.023375164094464274f,0f,0f,0f,1f],start_interpolation:0}
execute if entity @s[tag=aj.tolerate.bone.right_bend] run data modify entity @s {} merge value {transformation:[0.5879770657541035f,-0.7654196539128412f,0.2615639951353036f,-2.625125989183241f,0.2604170144365241f,-0.12702152867282568f,-0.9571042314427336f,1.187214553166501f,0.7658106480972707f,0.6308710523217601f,0.12464255534637088f,0.3041280661383671f,0f,0f,0f,1f],start_interpolation:0}
execute if entity @s[tag=aj.tolerate.bone.head] run data modify entity @s {} merge value {transformation:[0.014546987972833342f,0.007442977569599299f,-0.9998664846997407f,-2.614815803329675f,0.0007646329650782905f,0.9999719196037504f,0.007454887015864818f,1.4749299050151192f,0.9998938946094965f,-0.0008729770266369867f,0.014540888341638775f,-0.0011915125658185026f,0f,0f,0f,1f],start_interpolation:0}
execute if entity @s[tag=aj.tolerate.bone.hair] run data modify entity @s {} merge value {transformation:[0.014555496952626128f,0.013578928893767014f,-0.9998018554686524f,-2.628140213480614f,0.00139099552813287f,0.9999065400201589f,0.013600601323292444f,1.0688414669373136f,0.9998930956056766f,-0.0015886834210909076f,0.014535248366806294f,0.010506048567609576f,0f,0f,0f,1f],start_interpolation:0}
execute if entity @s[tag=aj.tolerate.bone.outfit] run data modify entity @s {} merge value {transformation:[0.014555496952626128f,0.013578928893767014f,-0.9998018554686524f,-2.634335513614465f,0.00139099552813287f,0.9999065400201589f,0.013600601323292444f,0.037564253736140696f,0.9998930956056766f,-0.0015886834210909076f,0.014535248366806294f,0.0010922198519996776f,0f,0f,0f,1f],start_interpolation:0}
execute if entity @s[tag=aj.tolerate.bone.chest] run data modify entity @s {} merge value {transformation:[0.014555496952626128f,0.013578928893767014f,-0.9998018554686524f,-2.6328079702878466f,0.00139099552813287f,0.9999065400201589f,0.013600601323292444f,0.7251235938053839f,0.9998930956056766f,-0.0015886834210909076f,0.014535248366806294f,0.011052158493609576f,0f,0f,0f,1f],start_interpolation:0}