execute if entity @s[tag=aj.tolerate.bone.left_straight] run data modify entity @s {} merge value {transformation:[-0.47449251611877097f,-0.4696465084734466f,-0.7445058825999824f,-2.448346746676493f,-0.10407434663404558f,0.8697788233644376f,-0.482341506403369f,1.1034836883595023f,0.8740854549298794f,-0.15138347170505628f,-0.46158169588335074f,0.05540159384231785f,0f,0f,0f,1f],start_interpolation:0}
execute if entity @s[tag=aj.tolerate.bone.left_bend] run data modify entity @s {} merge value {transformation:[-0.47449251611877097f,-0.524241560198034f,-0.7071263244346153f,-2.3265196001320647f,-0.10407434663404558f,0.8310918220741419f,-0.5463102723308244f,1.124967108202262f,0.8740854549298794f,-0.1856264254965172f,-0.44890694763771655f,-0.28168851120307575f,0f,0f,0f,1f],start_interpolation:0}
execute if entity @s[tag=aj.tolerate.bone.right_straight] run data modify entity @s {} merge value {transformation:[0.382753001784613f,-0.24300762806209328f,-0.8913178065810774f,-2.5982722390133466f,0.3417511117482604f,0.93359004568825f,-0.10777664037554405f,0.9909700283872293f,0.8583159775069411f,-0.263357018694104f,0.44038251947693985f,0.037122128799139315f,0f,0f,0f,1f],start_interpolation:0}
execute if entity @s[tag=aj.tolerate.bone.microphone] run data modify entity @s {} merge value {transformation:[0.382753001784613f,-0.25705717539272654f,-0.8873678764773832f,-2.2360351890740833f,0.3417511117482604f,0.9317710426789186f,-0.12251082255812741f,1.3630973575427185f,0.8583159775069411f,-0.2563675732306135f,0.44448773903466676f,0.11233074080103223f,0f,0f,0f,1f],start_interpolation:0}
execute if entity @s[tag=aj.tolerate.bone.right_bend] run data modify entity @s {} merge value {transformation:[0.382753001784613f,-0.8873678764773834f,0.2570571753927263f,-2.5739245705219793f,0.3417511117482604f,-0.1225108225581272f,-0.9317710426789186f,1.197575266580885f,0.8583159775069411f,0.4444877390346667f,0.2563675732306136f,0.33175230414238194f,0f,0f,0f,1f],start_interpolation:0}
execute if entity @s[tag=aj.tolerate.bone.head] run data modify entity @s {} merge value {transformation:[-0.1899189041234316f,-0.016759507773955795f,-0.981656726537199f,-2.503315325701424f,-0.0021157769027832195f,0.9998589584363949f,-0.016660934024994023f,1.4649786313565802f,0.981797501190878f,-0.001087259703230474f,-0.18992757704368604f,0.01115639621436591f,0f,0f,0f,1f],start_interpolation:0}
execute if entity @s[tag=aj.tolerate.bone.hair] run data modify entity @s {} merge value {transformation:[-0.18698163336670842f,0.16224623239810176f,-0.9688725555284032f,-2.578993672404968f,0.015939117618086758f,0.9866381751421068f,0.16214516915964589f,1.065623301120788f,0.9822340929295188f,0.014875194952488305f,-0.18706927931130446f,0.014365825336822017f,0f,0f,0f,1f],start_interpolation:0}
execute if entity @s[tag=aj.tolerate.bone.outfit] run data modify entity @s {} merge value {transformation:[-0.18698163336670842f,0.16224623239810176f,-0.9688725555284032f,-2.7365442847736947f,0.015939117618086758f,0.9866381751421068f,0.16214516915964589f,0.04668625458980158f,0.9822340929295188f,0.014875194952488305f,-0.18706927931130446f,-0.010226696529836028f,0f,0f,0f,1f],start_interpolation:0}
execute if entity @s[tag=aj.tolerate.bone.chest] run data modify entity @s {} merge value {transformation:[-0.18698163336670842f,0.16224623239810176f,-0.9688725555284032f,-2.634765814791815f,0.015939117618086758f,0.9866381751421068f,0.16214516915964589f,0.7264664284156888f,0.9822340929295188f,0.014875194952488305f,-0.18706927931130446f,0.00925247707190416f,0f,0f,0f,1f],start_interpolation:0}