execute if entity @s[tag=aj.tolerate.bone.left_straight] run data modify entity @s {} merge value {transformation:[0.6265634813987647f,-0.7691972427938516f,-0.12551416436321466f,-1.9269911223671672f,-0.16994572366470911f,0.022328246016340203f,-0.9852004366817506f,1.3714762449825633f,0.7606159706353385f,0.6386212109757786f,-0.11673171850997394f,-0.4069552097993892f,0f,0f,0f,1f],start_interpolation:0}
execute if entity @s[tag=aj.tolerate.bone.left_bend] run data modify entity @s {} merge value {transformation:[0.6265634813987647f,-0.7685046918641724f,0.12968709403874035f,-2.1656847669861463f,-0.16994572366470911f,-0.29711626124634183f,-0.9395958590325277f,1.3783087606072923f,0.7606159706353385f,0.5666766854968965f,-0.31676628502527393f,-0.6751189482719104f,0f,0f,0f,1f],start_interpolation:0}
execute if entity @s[tag=aj.tolerate.bone.right_straight] run data modify entity @s {} merge value {transformation:[0.7728999392824587f,-0.1903186836495776f,-0.6053135406638974f,-2.4462963148394623f,0.3010299446085295f,0.949750741461398f,0.08575839050792777f,0.9407912058106229f,0.5585755600687854f,-0.24850015643338466f,0.7913539132059852f,0.0032217631199755736f,0f,0f,0f,1f],start_interpolation:0}
execute if entity @s[tag=aj.tolerate.bone.microphone] run data modify entity @s {} merge value {transformation:[0.7728999392824587f,-0.19424257514961968f,-0.6040658125208016f,-2.035420849052209f,0.3010299446085295f,0.950287234297634f,0.0795936227341063f,1.2357165581096017f,0.5585755600687854f,-0.24335980426150491f,0.7929497773274449f,-0.1327884572635958f,0f,0f,0f,1f],start_interpolation:0}
execute if entity @s[tag=aj.tolerate.bone.right_bend] run data modify entity @s {} merge value {transformation:[0.7728999392824587f,-0.6040658125208016f,0.19424257514961954f,-2.2618062119812663f,0.3010299446085295f,0.07959362273410651f,-0.950287234297634f,1.152213183533748f,0.5585755600687854f,0.7929497773274449f,0.24335980426150508f,0.22982631496266778f,0f,0f,0f,1f],start_interpolation:0}
execute if entity @s[tag=aj.tolerate.bone.head] run data modify entity @s {} merge value {transformation:[0.25338945558805853f,0.1686525969982624f,-0.952549256113577f,-2.30054015522491f,0.01856054621647518f,0.9836562299984956f,0.17909753574321707f,1.3902191091960217f,0.9671862746756352f,-0.06306126157070173f,0.24611783228400608f,-0.12128209220233624f,0f,0f,0f,1f],start_interpolation:0}
execute if entity @s[tag=aj.tolerate.bone.hair] run data modify entity @s {} merge value {transformation:[0.26662936472973725f,0.4326131263667864f,-0.8612518010192906f,-2.480236079424058f,0.045475041576263434f,0.8869588122613623f,0.4596042710262281f,1.034051946516824f,0.9627257150702134f,-0.1617094562697812f,0.2168161647467224f,-0.04333005927133189f,0f,0f,0f,1f],start_interpolation:0}
execute if entity @s[tag=aj.tolerate.bone.outfit] run data modify entity @s {} merge value {transformation:[0.26662936472973725f,0.4326131263667864f,-0.8612518010192906f,-2.9224215243771656f,0.045475041576263434f,0.8869588122613623f,0.4596042710262281f,0.11521581657031343f,0.9627257150702134f,-0.1617094562697812f,0.2168161647467224f,0.11117525118547425f,0f,0f,0f,1f],start_interpolation:0}
execute if entity @s[tag=aj.tolerate.bone.chest] run data modify entity @s {} merge value {transformation:[0.26662936472973725f,0.4326131263667864f,-0.8612518010192906f,-2.628946841612641f,0.045475041576263434f,0.8869588122613623f,0.4596042710262281f,0.7291598548019806f,0.9627257150702134f,-0.1617094562697812f,0.2168161647467224f,0.012257566321405412f,0f,0f,0f,1f],start_interpolation:0}