execute if entity @s[tag=aj.tolerate.bone.left_straight] run data modify entity @s {} merge value {transformation:[0.002804192612722127f,-0.9999798620892589f,0.005693146734235099f,-1.9551407009092143f,-0.08924280105770518f,-0.005920703561479557f,-0.995992303046922f,1.4085603527275685f,0.9960059532769698f,0.0022848818971365967f,-0.08925760668733244f,-0.02181030100526332f,0f,0f,0f,1f],start_interpolation:0}
execute if entity @s[tag=aj.tolerate.bone.left_bend] run data modify entity @s {} merge value {transformation:[0.002804192612722127f,-0.958914835957272f,0.2836802317484055f,-1.9683246068448035f,-0.08924280105770518f,-0.28278939563842304f,-0.9550214029925351f,1.3858269446576774f,0.9960059532769698f,-0.022638354522663485f,-0.08636924187082226f,-0.37991993039914285f,0f,0f,0f,1f],start_interpolation:0}
execute if entity @s[tag=aj.tolerate.bone.right_straight] run data modify entity @s {} merge value {transformation:[0.5950002238711052f,-0.18896221154195703f,-0.7811965285397189f,-2.419434508444604f,0.3630439049734817f,0.9303492225164243f,0.0514727813964852f,0.928277062983015f,0.7170591723525614f,-0.3142349547269646f,0.6221595748461981f,0.0631488214065351f,0f,0f,0f,1f],start_interpolation:0}
execute if entity @s[tag=aj.tolerate.bone.microphone] run data modify entity @s {} merge value {transformation:[0.5950002238711052f,-0.19547899708536434f,-0.7795913643004488f,-2.0091180102936494f,0.3630439049734817f,0.9307466079588816f,0.04370211476165684f,1.2512012279999367f,0.7170591723525614f,-0.30902866124606565f,0.6247618985449768f,0.01991799844088399f,0f,0f,0f,1f],start_interpolation:0}
execute if entity @s[tag=aj.tolerate.bone.right_bend] run data modify entity @s {} merge value {transformation:[0.5950002238711052f,-0.7795913643004488f,0.19547899708536418f,-2.309090753038701f,0.3630439049734817f,0.04370211476165705f,-0.9307466079588816f,1.155274958348903f,0.7170591723525614f,0.6247618985449767f,0.30902866124606576f,0.32079525506163575f,0f,0f,0f,1f],start_interpolation:0}
execute if entity @s[tag=aj.tolerate.bone.head] run data modify entity @s {} merge value {transformation:[-0.006922686931235195f,0.12246709057981825f,-0.9924484309678598f,-2.2757572906569106f,0.015926514171135858f,0.9923598296206302f,0.12234506406745704f,1.3877586376475644f,0.9998491999056701f,-0.014959287423810233f,-0.00882027027721477f,-0.035784328891890475f,0f,0f,0f,1f],start_interpolation:0}
execute if entity @s[tag=aj.tolerate.bone.hair] run data modify entity @s {} merge value {transformation:[0.010246026983298634f,0.46565694579078615f,-0.8849059993964639f,-2.471869953646978f,0.048527377887192746f,0.8836781835300855f,0.46557272423152324f,1.033005176430328f,0.9987692989506891f,-0.0477124385225202f,-0.013542920061183924f,-0.005585031679081217f,0f,0f,0f,1f],start_interpolation:0}
execute if entity @s[tag=aj.tolerate.bone.outfit] run data modify entity @s {} merge value {transformation:[0.010246026983298634f,0.46565694579078615f,-0.8849059993964639f,-2.9451391502311655f,0.048527377887192746f,0.8836781835300855f,0.46557272423152324f,0.11747124882306614f,0.9987692989506891f,-0.0477124385225202f,-0.013542920061183924f,0.03280230148423231f,0f,0f,0f,1f],start_interpolation:0}
execute if entity @s[tag=aj.tolerate.bone.chest] run data modify entity @s {} merge value {transformation:[0.010246026983298634f,0.46565694579078615f,-0.8849059993964639f,-2.631939528762561f,0.048527377887192746f,0.8836781835300855f,0.46557272423152324f,0.729240800841861f,0.9987692989506891f,-0.0477124385225202f,-0.013542920061183924f,0.010816119063035106f,0f,0f,0f,1f],start_interpolation:0}