execute if entity @s[tag=aj.tolerate.bone.left_straight] run data modify entity @s {} merge value {transformation:[-0.5447488505415207f,-0.5089957811122403f,-0.6664622904888411f,-2.4329185918650733f,-0.09641518445912833f,0.8274770026906755f,-0.5531599427143726f,1.1238289597691162f,0.8330382956619726f,-0.2370761582867331f,-0.499842068190143f,0.08245808935754145f,0f,0f,0f,1f],start_interpolation:0}
execute if entity @s[tag=aj.tolerate.bone.left_bend] run data modify entity @s {} merge value {transformation:[-0.5447488505415207f,-0.5634792734498854f,-0.6210795425918337f,-2.2824084529807505f,-0.09641518445912833f,0.7777876365209944f,-0.6210881617619175f,1.1382051799144537f,0.8330382956619726f,-0.2784555635419679f,-0.47802687904878405f,-0.24323064589464216f,0f,0f,0f,1f],start_interpolation:0}
execute if entity @s[tag=aj.tolerate.bone.right_straight] run data modify entity @s {} merge value {transformation:[0.3535365352546299f,-0.23742709644079296f,-0.9047874292428284f,-2.578462114291341f,0.35701322632852034f,0.9282813313926719f,-0.1040928720631206f,0.9866031613453201f,0.8646117478190152f,-0.2862204459215708f,0.4129459793602603f,0.04799884667727369f,0f,0f,0f,1f],start_interpolation:0}
execute if entity @s[tag=aj.tolerate.bone.microphone] run data modify entity @s {} merge value {transformation:[0.3535365352546299f,-0.25145284961327513f,-0.9009902233995192f,-2.2200404481504856f,0.35701322632852034f,0.9265524209760299f,-0.11849965151830133f,1.3611876924032982f,0.8646117478190152f,-0.2797714703196553f,0.4173421257535903f,0.1288770144826499f,0f,0f,0f,1f],start_interpolation:0}
execute if entity @s[tag=aj.tolerate.bone.right_bend] run data modify entity @s {} merge value {transformation:[0.3535365352546299f,-0.9009902233995193f,0.2514528496132749f,-2.564383121489857f,0.35701322632852034f,-0.11849965151830112f,-0.9265524209760299f,1.1980231796721899f,0.8646117478190152f,0.41734212575359025f,0.27977147031965544f,0.33987010501761533f,0f,0f,0f,1f],start_interpolation:0}
execute if entity @s[tag=aj.tolerate.bone.head] run data modify entity @s {} merge value {transformation:[-0.22096787751039f,-0.019948902437608496f,-0.975077042289525f,-2.4844967879402087f,-0.0024746676289767455f,0.9997990344700359f,-0.01989388581725987f,1.4615177778010724f,0.9752779466022388f,-0.0019829181321616984f,-0.220972837486877f,0.017332350788384063f,0f,0f,0f,1f],start_interpolation:0}
execute if entity @s[tag=aj.tolerate.bone.hair] run data modify entity @s {} merge value {transformation:[-0.21702914463288234f,0.18733761607972166f,-0.9580203379790464f,-2.5706106753102884f,0.018434141127228635f,0.9820237037347631f,0.18785533727834214f,1.0642692437963408f,0.9759910516089892f,0.023109801051179178f,-0.21658117248402284f,0.016893015020083613f,0f,0f,0f,1f],start_interpolation:0}
execute if entity @s[tag=aj.tolerate.bone.outfit] run data modify entity @s {} merge value {transformation:[-0.21702914463288234f,0.18733761607972166f,-0.9580203379790464f,-2.7537946110548086f,0.018434141127228635f,0.9820237037347631f,0.18785533727834214f,0.04985870368235035f,0.9759910516089892f,0.023109801051179178f,-0.21658117248402284f,-0.015887988222686007f,0f,0f,0f,1f],start_interpolation:0}
execute if entity @s[tag=aj.tolerate.bone.chest] run data modify entity @s {} merge value {transformation:[-0.21702914463288234f,0.18733761607972166f,-0.9580203379790464f,-2.6350079808376927f,0.018434141127228635f,0.9820237037347631f,0.18785533727834214f,0.7266985956375158f,0.9759910516089892f,0.023109801051179178f,-0.21658117248402284f,0.008949020908740769f,0f,0f,0f,1f],start_interpolation:0}