execute if entity @s[tag=aj.tolerate.bone.left_straight] run data modify entity @s {} merge value {transformation:[-0.8046852701869542f,-0.5862358212234149f,-0.09385722059946339f,-2.307345414746822f,0.0554221568708273f,0.08322496541198582f,-0.9949884369478667f,1.4392935875515702f,0.5911091273799903f,-0.8058543088218127f,-0.03447945013170117f,0.2651775434783344f,0f,0f,0f,1f],start_interpolation:0}
execute if entity @s[tag=aj.tolerate.bone.left_bend] run data modify entity @s {} merge value {transformation:[-0.8046852701869542f,-0.5930178037770801f,0.02848684516678686f,-2.034379707303494f,0.0554221568708273f,-0.12280323411218962f,-0.990882308964779f,1.3664183901517852f,0.5911091273799903f,-0.7957695961112077f,0.13168427936952612f,0.04356513848547727f,0f,0f,0f,1f],start_interpolation:0}
execute if entity @s[tag=aj.tolerate.bone.right_straight] run data modify entity @s {} merge value {transformation:[0.2778403237706075f,-0.16088270340755118f,-0.9470594016382087f,-2.441252972387907f,0.44060469941214614f,0.8974017500622748f,-0.023186156238120537f,0.9295715479036784f,0.8536230159402782f,-0.4108367738280546f,0.3202200679651099f,0.15436352145465013f,0f,0f,0f,1f],start_interpolation:0}
execute if entity @s[tag=aj.tolerate.bone.microphone] run data modify entity @s {} merge value {transformation:[0.2778403237706075f,-0.17160138922559204f,-0.9451760247186186f,-2.0747681691978173f,0.44060469941214614f,0.8970814911354132f,-0.03335111869481143f,1.2961306251420597f,0.8536230159402782f,-0.40718271264643574f,0.3248537904641314f,0.23290298246882915f,0f,0f,0f,1f],start_interpolation:0}
execute if entity @s[tag=aj.tolerate.bone.right_bend] run data modify entity @s {} merge value {transformation:[0.2778403237706075f,-0.9451760247186186f,0.17160138922559182f,-2.44762072461498f,0.44060469941214614f,-0.03335111869481123f,-0.8970814911354132f,1.1723746783750433f,0.8536230159402782f,0.32485379046413126f,0.4071827126464358f,0.4209935370149627f,0f,0f,0f,1f],start_interpolation:0}
execute if entity @s[tag=aj.tolerate.bone.head] run data modify entity @s {} merge value {transformation:[-0.36865272502246504f,0.02066065757749619f,-0.9293375627628404f,-2.314706989228174f,0.0034672150507531543f,0.9997765770862255f,0.02085124287763862f,1.4023696249461706f,0.929560727845848f,0.004464654322105133f,-0.3686419944993808f,0.0859571908943041f,0f,0f,0f,1f],start_interpolation:0}
execute if entity @s[tag=aj.tolerate.bone.hair] run data modify entity @s {} merge value {transformation:[-0.35124628199871405f,0.41372401436243467f,-0.8399157632298085f,-2.4933172050105115f,0.04220859842067364f,0.9031594999282272f,0.4272251770539241f,1.0393271852752028f,0.9353312159879206f,0.11460958785907255f,-0.3346941271808207f,0.04696013717545143f,0f,0f,0f,1f],start_interpolation:0}
execute if entity @s[tag=aj.tolerate.bone.outfit] run data modify entity @s {} merge value {transformation:[-0.35124628199871405f,0.41372401436243467f,-0.8399157632298085f,-2.909435259874174f,0.04220859842067364f,0.9031594999282272f,0.4272251770539241f,0.10407784379934382f,0.9353312159879206f,0.11460958785907255f,-0.3346941271808207f,-0.07879409165311271f,0f,0f,0f,1f],start_interpolation:0}
execute if entity @s[tag=aj.tolerate.bone.chest] run data modify entity @s {} merge value {transformation:[-0.35124628199871405f,0.41372401436243467f,-0.8399157632298085f,-2.6355348349475984f,0.04220859842067364f,0.9031594999282272f,0.4272251770539241f,0.7288661071748745f,0.9353312159879206f,0.11460958785907255f,-0.3346941271808207f,0.007563091348895229f,0f,0f,0f,1f],start_interpolation:0}