execute if entity @s[tag=aj.tolerate.bone.left_straight] run data modify entity @s {} merge value {transformation:[-0.4016700351883391f,-0.4179280003299891f,-0.8148603373412988f,-2.467929733648366f,-0.10862131094200898f,0.9052557393996771f,-0.4107474371109129f,1.0863163175393171f,0.9093198522197994f,-0.07647373944120098f,-0.40900999197432997f,0.031243703616689267f,0f,0f,0f,1f],start_interpolation:0}
execute if entity @s[tag=aj.tolerate.bone.left_bend] run data modify entity @s {} merge value {transformation:[-0.4016700351883391f,-0.4705913138636277f,-0.785623954667819f,-2.3751218458172696f,-0.10862131094200898f,0.8762958600013675f,-0.46936870001492764f,1.1137600643266024f,0.9093198522197994f,-0.10319583838783708f,-0.40309803435193475f,-0.31454042933538584f,0f,0f,0f,1f],start_interpolation:0}
execute if entity @s[tag=aj.tolerate.bone.right_straight] run data modify entity @s {} merge value {transformation:[0.4127586115774495f,-0.24787552651159195f,-0.8764633774010512f,-2.618555750337308f,0.32705643756922165f,0.9384187780644356f,-0.11137451961998072f,0.9948116710173225f,0.850096709329701f,-0.2406821977892274f,0.46840971857355956f,0.02791787413598895f,0f,0f,0f,1f],start_interpolation:0}
execute if entity @s[tag=aj.tolerate.bone.microphone] run data modify entity @s {} merge value {transformation:[0.4127586115774495f,-0.2619097295979118f,-0.8723724102185976f,-2.2525264018338067f,0.32705643756922165f,0.9365104999167169f,-0.12642060824988552f,1.3645225569944042f,0.850096709329701f,-0.23313381798377078f,0.47221203680033835f,0.09658877754755671f,0f,0f,0f,1f],start_interpolation:0}
execute if entity @s[tag=aj.tolerate.bone.right_bend] run data modify entity @s {} merge value {transformation:[0.4127586115774495f,-0.8723724102185977f,0.26190972959791164f,-2.5834800347265774f,0.32705643756922165f,-0.12642060824988532f,-0.9365104999167169f,1.1967458499854753f,0.850096709329701f,0.4722120368003383f,0.2331338179837709f,0.3246968409979717f,0f,0f,0f,1f],start_interpolation:0}
execute if entity @s[tag=aj.tolerate.bone.head] run data modify entity @s {} merge value {transformation:[-0.15903249755736068f,-0.013481467717783607f,-0.987181297811523f,-2.5220951921107946f,-0.0017429871363487809f,0.9999090383230901f,-0.013374493472109561f,1.4678807568945198f,0.9872718099472458f,-0.00040633479710462314f,-0.15904152971951094f,0.0062274833690007985f,0f,0f,0f,1f],start_interpolation:0}
execute if entity @s[tag=aj.tolerate.bone.hair] run data modify entity @s {} merge value {transformation:[-0.15694499208895263f,0.13720641051894064f,-0.9780299946170908f,-2.587345558754692f,0.013461995404276545f,0.9905076758593596f,0.13679663279271523f,1.0667243523189562f,0.9875155918454827f,0.00830331115866816f,-0.1573022914196373f,0.012401712361851416f,0f,0f,0f,1f],start_interpolation:0}
execute if entity @s[tag=aj.tolerate.bone.outfit] run data modify entity @s {} merge value {transformation:[-0.15694499208895263f,0.13720641051894064f,-0.9780299946170908f,-2.7193294072317715f,0.013461995404276545f,0.9905076758593596f,0.13679663279271523f,0.04402597284669019f,0.9875155918454827f,0.00830331115866816f,-0.1573022914196373f,-0.005708526421584681f,0f,0f,0f,1f],start_interpolation:0}
execute if entity @s[tag=aj.tolerate.bone.chest] run data modify entity @s {} merge value {transformation:[-0.15694499208895263f,0.13720641051894064f,-0.9780299946170908f,-2.634510262370578f,0.013461995404276545f,0.9905076758593596f,0.13679663279271523f,0.7262373387423012f,0.9875155918454827f,0.00830331115866816f,-0.1573022914196373f,0.009547449151059236f,0f,0f,0f,1f],start_interpolation:0}