execute if entity @s[tag=aj.tolerate.bone.left_straight] run data modify entity @s {} merge value {transformation:[0.005521574095516735f,-0.2192499210030754f,-0.9756531065699799f,-2.5368548782356948f,0.0635839782805671f,0.973770624422049f,-0.21846704263734892f,1.113872026840227f,0.9979612166439756f,-0.060829623974162896f,0.01931752886985954f,0.03202870447730899f,0f,0f,0f,1f],start_interpolation:0}
execute if entity @s[tag=aj.tolerate.bone.left_bend] run data modify entity @s {} merge value {transformation:[0.005521574095516735f,-0.6796745207469779f,-0.7334930525007537f,-2.594757519027881f,0.0635839782805671f,0.7322585666217626f,-0.6780519665298951f,1.0915784364302958f,0.9979612166439756f,-0.04289449214534914f,0.04725962989770964f,-0.32164262585459347f,0f,0f,0f,1f],start_interpolation:0}
execute if entity @s[tag=aj.tolerate.bone.right_straight] run data modify entity @s {} merge value {transformation:[0.603842274684567f,-0.254440641885202f,-0.7554035127405844f,-2.7176058944074066f,0.25792667962944166f,0.9590707043443806f,-0.11686407490629927f,1.0074957998247402f,0.7542203492608107f,-0.12427125100126823f,0.6447544656188746f,0.010919575373006779f,0f,0f,0f,1f],start_interpolation:0}
execute if entity @s[tag=aj.tolerate.bone.microphone] run data modify entity @s {} merge value {transformation:[0.603842274684567f,-0.2546909178373415f,-0.7553191667599468f,-2.326774442347679f,0.25792667962944166f,0.959031930805731f,-0.11718184001953115f,1.3550815584247362f,0.7542203492608107f,-0.12405761591375297f,0.6447956053624253f,0.01718141433350806f,0f,0f,0f,1f],start_interpolation:0}
execute if entity @s[tag=aj.tolerate.bone.right_bend] run data modify entity @s {} merge value {transformation:[0.603842274684567f,-0.7553191667599469f,0.2546909178373413f,-2.609268540147421f,0.25792667962944166f,-0.11718184001953094f,-0.959031930805731f,1.1882106347510244f,0.7542203492608107f,0.6447956053624253f,0.12405761591375311f,0.30364921128697586f,0f,0f,0f,1f],start_interpolation:0}
execute if entity @s[tag=aj.tolerate.bone.head] run data modify entity @s {} merge value {transformation:[0.034564978590821166f,0.017232025559814186f,-0.9992538814285997f,-2.6020736745937665f,0.0017709303437773026f,0.9998487141890617f,0.017303541261758155f,1.474642906360942f,0.9994008835601125f,-0.002367705553017215f,0.034529232683056375f,-0.003145877633916056f,0f,0f,0f,1f],start_interpolation:0}
execute if entity @s[tag=aj.tolerate.bone.hair] run data modify entity @s {} merge value {transformation:[0.034606746114415825f,0.030568433874978203f,-0.9989334031725055f,-2.622073840126381f,0.0031355893036848705f,0.9995238751479225f,0.030695131356597415f,1.0688652294181054f,0.9993960882468427f,-0.004194503511887646f,0.03449441892825244f,0.009763911533822476f,0f,0f,0f,1f],start_interpolation:0}
execute if entity @s[tag=aj.tolerate.bone.outfit] run data modify entity @s {} merge value {transformation:[0.034606746114415825f,0.030568433874978203f,-0.9989334031725055f,-2.6460157982890475f,0.0031355893036848705f,0.9995238751479225f,0.030695131356597415f,0.03782733583580322f,0.9993960882468427f,-0.004194503511887646f,0.03449441892825244f,0.0028837211644224345f,0f,0f,0f,1f],start_interpolation:0}
execute if entity @s[tag=aj.tolerate.bone.chest] run data modify entity @s {} merge value {transformation:[0.034606746114415825f,0.030568433874978203f,-0.9989334031725055f,-2.6325817392709046f,0.0031355893036848705f,0.9995238751479225f,0.030695131356597415f,0.7252788973360069f,0.9993960882468427f,-0.004194503511887646f,0.03449441892825244f,0.011205772116033854f,0f,0f,0f,1f],start_interpolation:0}