execute if entity @s[tag=aj.tolerate.bone.left_straight] run data modify entity @s {} merge value {transformation:[-0.8038719560512868f,-0.5141838839433377f,-0.29900637412473674f,-2.410581722852896f,-0.020736909395990044f,0.5266203217282701f,-0.849847643599437f,1.2637497846160177f,0.5944407950864244f,-0.6769682195168081f,-0.43399789273827355f,0.21262472311993258f,0f,0f,0f,1f],start_interpolation:0}
execute if entity @s[tag=aj.tolerate.bone.left_bend] run data modify entity @s {} merge value {transformation:[-0.8038719560512868f,-0.5489669566867165f,-0.2289654094844951f,-2.1481908783292365f,-0.020736909395990044f,0.4105757945338296f,-0.9115906414238888f,1.2313444068739794f,0.5944407950864244f,-0.7280541170881729f,-0.3414342451014255f,-0.030344546719627497f,0f,0f,0f,1f],start_interpolation:0}
execute if entity @s[tag=aj.tolerate.bone.right_straight] run data modify entity @s {} merge value {transformation:[0.24276172127289064f,-0.20241126804303078f,-0.9487341172603817f,-2.497432326007643f,0.4280636406501594f,0.8999773211811212f,-0.08247630516084051f,0.9599489555090197f,0.8705333228762439f,-0.3860964904384204f,0.3051249479036091f,0.1156995739185008f,0f,0f,0f,1f],start_interpolation:0}
execute if entity @s[tag=aj.tolerate.bone.microphone] run data modify entity @s {} merge value {transformation:[0.24276172127289064f,-0.21573661760488524f,-0.9457930315396846f,-2.1524209649836994f,0.4280636406501594f,0.8987281254503198f,-0.0951276830259486f,1.3435644675383993f,0.8705333228762439f,-0.3817662483103473f,0.31052578864417646f,0.21036291796796092f,0f,0f,0f,1f],start_interpolation:0}
execute if entity @s[tag=aj.tolerate.bone.right_bend] run data modify entity @s {} merge value {transformation:[0.24276172127289064f,-0.9457930315396846f,0.21573661760488502f,-2.5201605215849576f,0.4280636406501594f,-0.0951276830259484f,-0.8987281254503198f,1.1937739848650077f,0.8705333228762439f,0.31052578864417635f,0.38176624831034733f,0.3893686412339051f,0f,0f,0f,1f],start_interpolation:0}
execute if entity @s[tag=aj.tolerate.bone.head] run data modify entity @s {} merge value {transformation:[-0.3569963417751721f,-0.028747995759321632f,-0.9336633037123f,-2.3989881039221728f,-0.003417017063467677f,0.9995598113735962f,-0.0294704509834669f,1.4375518114556705f,0.9340995321450131f,-0.007330499751243724f,-0.356937428437905f,0.06073334193462645f,0f,0f,0f,1f],start_interpolation:0}
execute if entity @s[tag=aj.tolerate.bone.hair] run data modify entity @s {} merge value {transformation:[-0.3466077971150323f,0.3013491947704363f,-0.888285819874591f,-2.5322807647057335f,0.030030373612972713f,0.9500690819408938f,0.31059123651618475f,1.0543897280445627f,0.9375293124162731f,0.08097778924616901f,-0.338350980505559f,0.03539410753201943f,0f,0f,0f,1f],start_interpolation:0}
execute if entity @s[tag=aj.tolerate.bone.outfit] run data modify entity @s {} merge value {transformation:[-0.3466077971150323f,0.3013491947704363f,-0.888285819874591f,-2.832177571404675f,0.030030373612972713f,0.9500690819408938f,0.31059123651618475f,0.0718275061656356f,0.9375293124162731f,0.08097778924616901f,-0.338350980505559f,-0.05567223010674151f,0f,0f,0f,1f],start_interpolation:0}
execute if entity @s[tag=aj.tolerate.bone.chest] run data modify entity @s {} merge value {transformation:[-0.3466077971150323f,0.3013491947704363f,-0.888285819874591f,-2.635869550408071f,0.030030373612972713f,0.9500690819408938f,0.31059123651618475f,0.7278034811273802f,0.9375293124162731f,0.08097778924616901f,-0.338350980505559f,0.007557992478648826f,0f,0f,0f,1f],start_interpolation:0}