execute if entity @s[tag=aj.tolerate.bone.left_straight] run data modify entity @s {} merge value {transformation:[-0.7570255763930475f,-0.6493487464295826f,-0.07251539282872288f,-2.2694067913356366f,0.04645334722367725f,0.05721397725679811f,-0.9972806261720797f,1.4436684425790014f,0.6517318184794193f,-0.7583355235756718f,-0.013148021323413403f,0.2571914328885181f,0f,0f,0f,1f],start_interpolation:0}
execute if entity @s[tag=aj.tolerate.bone.left_bend] run data modify entity @s {} merge value {transformation:[-0.7570255763930475f,-0.6497909365757127f,0.06843986726194447f,-2.012970496554289f,0.04645334722367725f,-0.15800723614882545f,-0.9863446658528277f,1.373524236555367f,0.6517318184794193f,-0.743508878271583f,0.14980048301938687f,0.015834131439110943f,0f,0f,0f,1f],start_interpolation:0}
execute if entity @s[tag=aj.tolerate.bone.right_straight] run data modify entity @s {} merge value {transformation:[0.30715639807962763f,-0.16203077951338324f,-0.9377638154722301f,-2.43642227838182f,0.4333972657806703f,0.9010982307775077f,-0.013740032877864794f,0.9281016324084159f,0.8472436232469316f,-0.4022039345654529f,0.34700178369495516f,0.14779551619323703f,0f,0f,0f,1f],start_interpolation:0}
execute if entity @s[tag=aj.tolerate.bone.microphone] run data modify entity @s {} merge value {transformation:[0.30715639807962763f,-0.17230267922127726f,-0.9359309450231461f,-2.0635281783647645f,0.4333972657806703f,0.90089342332992f,-0.023618844483528793f,1.289900811259341f,0.8472436232469316f,-0.3983752333341867f,0.3513906890248288f,0.21747490341800046f,0f,0f,0f,1f],start_interpolation:0}
execute if entity @s[tag=aj.tolerate.bone.right_bend] run data modify entity @s {} merge value {transformation:[0.30715639807962763f,-0.9359309450231461f,0.17230267922127707f,-2.4323614584511972f,0.4333972657806703f,-0.023618844483528592f,-0.90089342332992f,1.169720641722031f,0.8472436232469316f,0.3513906890248287f,0.39837523333418673f,0.4155439759695931f,0f,0f,0f,1f],start_interpolation:0}
execute if entity @s[tag=aj.tolerate.bone.head] run data modify entity @s {} merge value {transformation:[-0.34052211501617746f,0.03252850958223058f,-0.9396736589099792f,-2.306598227225213f,0.005165331684258028f,0.9994510140684293f,0.03272598090477846f,1.3995975779581546f,0.9402223186744191f,0.006290194110443875f,-0.3405031937068316f,0.07770726418337184f,0f,0f,0f,1f],start_interpolation:0}
execute if entity @s[tag=aj.tolerate.bone.hair] run data modify entity @s {} merge value {transformation:[-0.32277031293384023f,0.42453569703304905f,-0.8459247998689091f,-2.4893371176915586f,0.043433238160491966f,0.8994634372775396f,0.4348322421621556f,1.0381306770362644f,0.9454802371871581f,0.10360968557782953f,-0.3087590551594859f,0.04349659579081081f,0f,0f,0f,1f],start_interpolation:0}
execute if entity @s[tag=aj.tolerate.bone.outfit] run data modify entity @s {} merge value {transformation:[-0.32277031293384023f,0.42453569703304905f,-0.8459247998689091f,-2.9168682917102213f,0.043433238160491966f,0.8994634372775396f,0.4348322421621556f,0.10661888687169152f,0.9454802371871581f,0.10360968557782953f,-0.3087590551594859f,-0.07123165883475811f,0f,0f,0f,1f],start_interpolation:0}
execute if entity @s[tag=aj.tolerate.bone.chest] run data modify entity @s {} merge value {transformation:[-0.32277031293384023f,0.42453569703304905f,-0.8459247998689091f,-2.6352712635466693f,0.043433238160491966f,0.8994634372775396f,0.4348322421621556f,0.72894012047211f,0.9454802371871581f,0.10360968557782953f,-0.3087590551594859f,0.007880766373431899f,0f,0f,0f,1f],start_interpolation:0}