execute if entity @s[tag=aj.tolerate.bone.left_straight] run data modify entity @s {} merge value {transformation:[-0.2763289059012813f,-0.9609337169735823f,0.015771092122490782f,-2.033234369064277f,-0.044666679118755985f,-0.0035512934317591394f,-0.9989956336698692f,1.425253703456185f,0.9600245952786329f,-0.27675581276333977f,-0.04194039296192007f,0.10424031984193655f,0f,0f,0f,1f],start_interpolation:0}
execute if entity @s[tag=aj.tolerate.bone.left_bend] run data modify entity @s {} merge value {transformation:[-0.2763289059012813f,-0.9237536450819415f,0.265182086425964f,-1.9463756143472815f,-0.044666679118755985f,-0.26328342333401694f,-0.9636839351021801f,1.3865755443896617f,0.9600245952786329f,-0.27813853058385746f,0.03149181266217648f,-0.24201491350919982f,0f,0f,0f,1f],start_interpolation:0}
execute if entity @s[tag=aj.tolerate.bone.right_straight] run data modify entity @s {} merge value {transformation:[0.5077746297857219f,-0.18175605944139456f,-0.842098367295834f,-2.4187406634951794f,0.3861239859869272f,0.9218250968531974f,0.03386381929376453f,0.9262259001315254f,0.7701124546399315f,-0.3423495664783726f,0.5382597714306075f,0.09129122858770097f,0f,0f,0f,1f],start_interpolation:0}
execute if entity @s[tag=aj.tolerate.bone.microphone] run data modify entity @s {} merge value {transformation:[0.5077746297857219f,-0.18941379686679533f,-0.8404090307121156f,-2.015527649162502f,0.3861239859869272f,0.9220951543634957f,0.025471429974160662f,1.2608766459337315f,0.7701124546399315f,-0.3374358307232142f,0.5413537358812571f,0.08663863669853189f,0f,0f,0f,1f],start_interpolation:0}
execute if entity @s[tag=aj.tolerate.bone.right_bend] run data modify entity @s {} merge value {transformation:[0.5077746297857219f,-0.8404090307121156f,0.18941379686679513f,-2.341862739090617f,0.3861239859869272f,0.025471429974160867f,-0.9220951543634957f,1.1584622899349113f,0.7701124546399315f,0.541353735881257f,0.3374358307232143f,0.3563223920820131f,0f,0f,0f,1f],start_interpolation:0}
execute if entity @s[tag=aj.tolerate.bone.head] run data modify entity @s {} merge value {transformation:[-0.11798060602705333f,0.09751624137125531f,-0.9882161500756363f,-2.27738117069945f,0.013506867433348668f,0.9952320208360482f,0.09659601044936422f,1.3895698894086068f,0.9929240359330755f,-0.001951248681954225f,-0.1187352159005659f,0.0028304782541245313f,0f,0f,0f,1f],start_interpolation:0}
execute if entity @s[tag=aj.tolerate.bone.hair] run data modify entity @s {} merge value {transformation:[-0.09999547104401713f,0.46349177240073375f,-0.8804409592286764f,-2.4737844175956454f,0.04807215375414679f,0.8860931858781423f,0.46100752051757415f,1.033793975506422f,0.9938259273153035f,0.003773971005499803f,-0.11088635325740874f,0.011283647985631216f,0f,0f,0f,1f],start_interpolation:0}
execute if entity @s[tag=aj.tolerate.bone.outfit] run data modify entity @s {} merge value {transformation:[-0.09999547104401713f,0.46349177240073375f,-0.8804409592286764f,-2.9436505935255046f,0.04807215375414679f,0.8860931858781423f,0.46100752051757415f,0.11581093470877712f,0.9938259273153035f,0.003773971005499803f,-0.11088635325740874f,-0.002594605066281435f,0f,0f,0f,1f],start_interpolation:0}
execute if entity @s[tag=aj.tolerate.bone.chest] run data modify entity @s {} merge value {transformation:[-0.09999547104401713f,0.46349177240073375f,-0.8804409592286764f,-2.6331097143583975f,0.04807215375414679f,0.8860931858781423f,0.46100752051757415f,0.7291994428608104f,0.9938259273153035f,0.003773971005499803f,-0.11088635325740874f,0.009986345452490658f,0f,0f,0f,1f],start_interpolation:0}