execute if entity @s[tag=aj.tolerate.bone.left_straight] run data modify entity @s {} merge value {transformation:[0.6064345065527308f,-0.7720626797666873f,0.1901483835682736f,-2.087300137132699f,0.7370106963244277f,0.4560456262585041f,-0.4988362659970417f,1.5372041808626278f,0.29841652562404836f,0.4426529173991404f,0.8455802575465569f,-0.5182649093773931f,0f,0f,0f,1f],start_interpolation:0}
execute if entity @s[tag=aj.tolerate.bone.left_bend] run data modify entity @s {} merge value {transformation:[0.6064345065527308f,-0.6260045072229204f,0.4902606920799731f,-2.301676630631247f,0.7370106963244277f,0.21113914496107264f,-0.6420556790251837f,1.2542941047081375f,0.29841652562404836f,0.7506920929393726f,0.5894140809590285f,-0.5724658109228478f,0f,0f,0f,1f],start_interpolation:0}
execute if entity @s[tag=aj.tolerate.bone.right_straight] run data modify entity @s {} merge value {transformation:[0.8366810974874983f,-0.16052477739256038f,-0.523637791751306f,-2.560375235966641f,0.22381453516325087f,0.972820493083962f,0.05939143107835415f,0.988881928051921f,0.49987177851602405f,-0.1668894366907202f,0.8498682962461188f,-0.002737286552304624f,0f,0f,0f,1f],start_interpolation:0}
execute if entity @s[tag=aj.tolerate.bone.microphone] run data modify entity @s {} merge value {transformation:[0.8366810974874983f,-0.1621340283108548f,-0.5231417570513849f,-2.14799088777281f,0.22381453516325087f,0.9729985033975648f,0.05640005528150731f,1.2710529452553843f,0.49987177851602405f,-0.16427558933022912f,0.8503774078569071f,-0.15840353423770315f,0f,0f,0f,1f],start_interpolation:0}
execute if entity @s[tag=aj.tolerate.bone.right_bend] run data modify entity @s {} merge value {transformation:[0.8366810974874983f,-0.5231417570513849f,0.1621340283108547f,-2.344393010060061f,0.22381453516325087f,0.05640005528150752f,-0.9729985033975648f,1.1748671156641888f,0.49987177851602405f,0.8503774078569071f,0.16427558933022932f,0.2182755223843746f,0f,0f,0f,1f],start_interpolation:0}
execute if entity @s[tag=aj.tolerate.bone.head] run data modify entity @s {} merge value {transformation:[0.3636140796093335f,0.16846785456216787f,-0.9161895999677564f,-2.404042968650153f,0.016701348860700578f,0.982174228963999f,0.18722940181821682f,1.4330738147050817f,0.9313999495684389f,-0.0833808487495442f,0.35431873786989476f,-0.11094802037917016f,0f,0f,0f,1f],start_interpolation:0}
execute if entity @s[tag=aj.tolerate.bone.hair] run data modify entity @s {} merge value {transformation:[0.3680418572860904f,0.29460937513312907f,-0.8819016426841897f,-2.52673022319906f,0.030763146992657642f,0.9440984196067754f,0.3282252319415697f,1.0524858484770956f,0.9293001775919948f,-0.1479306938388931f,0.3384046243003049f,-0.03799029346481451f,0f,0f,0f,1f],start_interpolation:0}
execute if entity @s[tag=aj.tolerate.bone.outfit] run data modify entity @s {} merge value {transformation:[0.3680418572860904f,0.29460937513312907f,-0.8819016426841897f,-2.827543945404026f,0.030763146992657642f,0.9440984196067754f,0.3282252319415697f,0.0759323365203417f,0.9293001775919948f,-0.1479306938388931f,0.3384046243003049f,0.10170235201423868f,0f,0f,0f,1f],start_interpolation:0}
execute if entity @s[tag=aj.tolerate.bone.chest] run data modify entity @s {} merge value {transformation:[0.3680418572860904f,0.29460937513312907f,-0.8819016426841897f,-2.628002195901073f,0.030763146992657642f,0.9440984196067754f,0.3282252319415697f,0.7279520167372665f,0.9293001775919948f,-0.1479306938388931f,0.3384046243003049f,0.012860882542305012f,0f,0f,0f,1f],start_interpolation:0}