execute if entity @s[tag=aj.tolerate.bone.left_straight] run data modify entity @s {} merge value {transformation:[-0.03177573068697939f,-0.0425430759665835f,-0.9985891996344693f,-2.614381867449505f,-0.09127088706965328f,0.9950428870638688f,-0.03948769526218958f,1.0407544554360815f,0.9953190082143651f,0.08988737169871223f,-0.03550115908347767f,-0.02515246383843045f,0f,0f,0f,1f],start_interpolation:0}
execute if entity @s[tag=aj.tolerate.bone.left_bend] run data modify entity @s {} merge value {transformation:[-0.03177573068697939f,-0.05192572725604402f,-0.9981452909212364f,-2.6580975187136167f,-0.09127088706965328f,0.9946278487778178f,-0.04883715398268842f,1.0834118208996313f,0.9953190082143651f,0.0895497698743059f,-0.03634433384492961f,-0.3789920049994999f,0f,0f,0f,1f],start_interpolation:0}
execute if entity @s[tag=aj.tolerate.bone.right_straight] run data modify entity @s {} merge value {transformation:[0.5634743403503546f,-0.2649840595771985f,-0.7824833007398435f,-2.723544684205225f,0.26623799160029654f,0.9548756058141408f,-0.13164311318758132f,1.005843336662723f,0.7820575423812325f,-0.13414926608470737f,0.6085967259306947f,0.006937039521658417f,0f,0f,0f,1f],start_interpolation:0}
execute if entity @s[tag=aj.tolerate.bone.microphone] run data modify entity @s {} merge value {transformation:[0.5634743403503546f,-0.2784769130011913f,-0.7777835667408123f,-2.3430843955631615f,0.26623799160029654f,0.9524561246931704f,-0.1481373091530576f,1.3665636732310869f,0.7820575423812325f,-0.12360396215249345f,0.6108257205986267f,0.03245681371857406f,0f,0f,0f,1f],start_interpolation:0}
execute if entity @s[tag=aj.tolerate.bone.right_bend] run data modify entity @s {} merge value {transformation:[0.5634743403503546f,-0.7777835667408124f,0.27847691300119115f,-2.632118407465218f,0.26623799160029654f,-0.14813730915305737f,-0.9524561246931704f,1.1875976768249963f,0.7820575423812325f,0.6108257205986267f,0.12360396215249358f,0.30474917726364f,0f,0f,0f,1f],start_interpolation:0}
execute if entity @s[tag=aj.tolerate.bone.head] run data modify entity @s {} merge value {transformation:[-0.012333361965558735f,-0.00004933255002062022f,-0.9999239399818998f,-2.6155588671030263f,-0.00005125938849448214f,0.9999999975001951f,-0.00004870405373607299f,1.4749401367781174f,0.9999239398849803f,0.00005065480498054879f,-0.012333364463484086f,-0.0008100980437287674f,0f,0f,0f,1f],start_interpolation:0}
execute if entity @s[tag=aj.tolerate.bone.hair] run data modify entity @s {} merge value {transformation:[-0.012317176734182575f,0.012588177195964625f,-0.9998449004481554f,-2.6287750472598637f,0.0012351973567731767f,0.999920182370823f,0.012573908500933643f,1.068836270994427f,0.9999233777869126f,-0.001080130724971261f,-0.012331742489536546f,0.010467098434871492f,0f,0f,0f,1f],start_interpolation:0}
execute if entity @s[tag=aj.tolerate.bone.outfit] run data modify entity @s {} merge value {transformation:[-0.012317176734182575f,0.012588177195964625f,-0.9998449004481554f,-2.633654371822226f,0.0012351973567731767f,0.999920182370823f,0.012573908500933643f,0.03755487462005913f,0.9999233777869126f,-0.001080130724971261f,-0.012331742489536546f,0.0007425898734174218f,0f,0f,0f,1f],start_interpolation:0}
execute if entity @s[tag=aj.tolerate.bone.chest] run data modify entity @s {} merge value {transformation:[-0.012317176734182575f,0.012588177195964625f,-0.9998449004481554f,-2.6331022331709764f,0.0012351973567731767f,0.999920182370823f,0.012573908500933643f,0.7251137083044565f,0.9999233777869126f,-0.001080130724971261f,-0.012331742489536546f,0.010838393371580364f,0f,0f,0f,1f],start_interpolation:0}