execute if entity @s[tag=aj.tolerate.bone.left_straight] run data modify entity @s {} merge value {transformation:[-0.8321204239121935f,-0.49449991426429546f,-0.2510885001364975f,-2.40997494120126f,-0.0024140907413870982f,0.4559674523254812f,-0.8899931767073849f,1.2951159346112917f,0.5545897332930747f,-0.7399753490572607f,-0.3806135973838845f,0.2301937798493331f,0f,0f,0f,1f],start_interpolation:0}
execute if entity @s[tag=aj.tolerate.bone.left_bend] run data modify entity @s {} merge value {transformation:[-0.8321204239121935f,-0.5248731918460268f,-0.1791193250030702f,-2.134705647046276f,-0.0024140907413870982f,0.32639816478476497f,-0.945229289744573f,1.2531393351578712f,0.5545897332930747f,-0.7861121869723824f,-0.2728696707576984f,0.0034827067263900613f,0f,0f,0f,1f],start_interpolation:0}
execute if entity @s[tag=aj.tolerate.bone.right_straight] run data modify entity @s {} merge value {transformation:[0.2309996190806131f,-0.19514947999265536f,-0.9531819639728858f,-2.485865546957867f,0.4384435092505236f,0.8954478383287692f,-0.07707436687005781f,0.9544340573950518f,0.8685657517889462f,-0.4001122958507156f,0.2924101323968987f,0.1285878796750548f,0f,0f,0f,1f],start_interpolation:0}
execute if entity @s[tag=aj.tolerate.bone.microphone] run data modify entity @s {} merge value {transformation:[0.2309996190806131f,-0.20823427480890808f,-0.9504092080674615f,-2.141471998939135f,0.4384435092505236f,0.8943036969126616f,-0.08937665738005555f,1.338497962187465f,0.8685657517889462f,-0.3960547745996178f,0.29788277952266445f,0.223491340041101f,0f,0f,0f,1f],start_interpolation:0}
execute if entity @s[tag=aj.tolerate.bone.right_bend] run data modify entity @s {} merge value {transformation:[0.2309996190806131f,-0.9504092080674615f,0.20823427480890785f,-2.512095600953846f,0.4384435092505236f,-0.08937665738005536f,-0.8943036969126616f,1.1916816096016287f,0.8685657517889462f,0.29788277952266434f,0.39605477459961785f,0.39897844325331305f,0f,0f,0f,1f],start_interpolation:0}
execute if entity @s[tag=aj.tolerate.bone.head] run data modify entity @s {} merge value {transformation:[-0.37626063776265817f,-0.027903847272384263f,-0.9260935739858241f,-2.3847974531130145f,-0.003279145950825256f,0.9995802251009512f,-0.028785774072703052f,1.4320613967380917f,0.9265080569926368f,-0.007794157717866179f,-0.376194193779221f,0.0697632977416069f,0f,0f,0f,1f],start_interpolation:0}
execute if entity @s[tag=aj.tolerate.bone.hair] run data modify entity @s {} merge value {transformation:[-0.3645330506227605f,0.3202700625159809f,-0.8743813481883483f,-2.5258619726196936f,0.03201597275213537f,0.9427485289841224f,0.33196413750133874f,1.0520653207609825f,0.9306399048463366f,0.09301773032214296f,-0.3539167548355384f,0.039333444617397274f,0f,0f,0f,1f],start_interpolation:0}
execute if entity @s[tag=aj.tolerate.bone.outfit] run data modify entity @s {} merge value {transformation:[-0.3645330506227605f,0.3202700625159809f,-0.8743813481883483f,-2.8451856679797367f,0.03201597275213537f,0.9427485289841224f,0.33196413750133874f,0.07686038632341585f,0.9306399048463366f,0.09301773032214296f,-0.3539167548355384f,-0.0639496895964736f,0f,0f,0f,1f],start_interpolation:0}
execute if entity @s[tag=aj.tolerate.bone.chest] run data modify entity @s {} merge value {transformation:[-0.3645330506227605f,0.3202700625159809f,-0.8743813481883483f,-2.635954806609562f,0.03201597275213537f,0.9427485289841224f,0.33196413750133874f,0.7279955139226902f,0.9306399048463366f,0.09301773032214296f,-0.3539167548355384f,0.0073585998191606225f,0f,0f,0f,1f],start_interpolation:0}