execute if entity @s[tag=aj.tolerate.bone.left_straight] run data modify entity @s {} merge value {transformation:[0.16954132761480004f,-0.7813030922988373f,-0.6006839569980919f,-2.261041403579653f,0.39246808291756563f,0.6126179496865016f,-0.6860525137428748f,1.394599381561208f,0.9040047246124445f,-0.11943502704894056f,0.4105005873225968f,-0.005245702203347913f,0f,0f,0f,1f],start_interpolation:0}
execute if entity @s[tag=aj.tolerate.bone.left_bend] run data modify entity @s {} merge value {transformation:[0.16954132761480004f,-0.9733480266494475f,-0.15443237111511748f,-2.3636979289018147f,0.39246808291756563f,0.21042217237508687f,-0.8953721646689491f,1.2256422816324244f,0.9040047246124445f,0.09119280887534693f,0.4176832884947667f,-0.30499270565000053f,0f,0f,0f,1f],start_interpolation:0}
execute if entity @s[tag=aj.tolerate.bone.right_straight] run data modify entity @s {} merge value {transformation:[0.6689636158616072f,-0.22684027825632702f,-0.7078355520980534f,-2.682127984819502f,0.24736096833953053f,0.9659552031552987f,-0.07578322267715534f,1.0088067574143336f,0.7009281218466652f,-0.12439466892836541f,0.7023003163509958f,0.016343209672040226f,0f,0f,0f,1f],start_interpolation:0}
execute if entity @s[tag=aj.tolerate.bone.microphone] run data modify entity @s {} merge value {transformation:[0.6689636158616072f,-0.22750248296144998f,-0.7076229934786878f,-2.279241547123167f,0.24736096833953053f,0.9658838718503153f,-0.07668700960119264f,1.3411136087036402f,0.7009281218466652f,-0.1237374896537778f,0.7024164019003881f,-0.01410372489737044f,0f,0f,0f,1f],start_interpolation:0}
execute if entity @s[tag=aj.tolerate.bone.right_bend] run data modify entity @s {} merge value {transformation:[0.6689636158616072f,-0.7076229934786878f,0.22750248296144981f,-2.5450182053032573f,0.24736096833953053f,-0.07668700960119243f,-0.9658838718503153f,1.1902821504646695f,0.7009281218466652f,0.7024164019003881f,0.12373748965377795f,0.2962593823220775f,0f,0f,0f,1f],start_interpolation:0}
execute if entity @s[tag=aj.tolerate.bone.head] run data modify entity @s {} merge value {transformation:[0.11866332163271287f,0.05694073724433505f,-0.991300544003262f,-2.552177517397514f,0.005826558900882005f,0.9982972494682184f,0.05804009748065891f,1.4712794481248301f,0.9929174524150866f,-0.012663101763052811f,0.11812949903928603f,-0.016244116907654985f,0f,0f,0f,1f],start_interpolation:0}
execute if entity @s[tag=aj.tolerate.bone.hair] run data modify entity @s {} merge value {transformation:[0.11907080728192719f,0.0970966434699814f,-0.9881267047702402f,-2.5981948265311856f,0.009991838797534139f,0.9950392641664402f,0.09897992687688402f,1.067942779086362f,0.9928354878884387f,-0.021658822543539548f,0.11750995445217914f,0.00435032534897838f,0f,0f,0f,1f],start_interpolation:0}
execute if entity @s[tag=aj.tolerate.bone.outfit] run data modify entity @s {} merge value {transformation:[0.11907080728192719f,0.0970966434699814f,-0.9881267047702402f,-2.691753942385612f,0.009991838797534139f,0.9950392641664402f,0.09897992687688402f,0.040910505885572324f,0.9928354878884387f,-0.021658822543539548f,0.11750995445217914f,0.014890440498683119f,0f,0f,0f,1f],start_interpolation:0}
execute if entity @s[tag=aj.tolerate.bone.chest] run data modify entity @s {} merge value {transformation:[0.11907080728192719f,0.0970966434699814f,-0.9881267047702402f,-2.631571797723992f,0.009991838797534139f,0.9950392641664402f,0.09897992687688402f,0.7258980320291482f,0.9928354878884387f,-0.021658822543539548f,0.11750995445217914f,0.011795545598320103f,0f,0f,0f,1f],start_interpolation:0}