execute if entity @s[tag=aj.tolerate.bone.left_straight] run data modify entity @s {} merge value {transformation:[-0.4030884504262776f,-0.91512712515066f,0.007876924934909324f,-2.0804229398406946f,-0.02261499344981134f,0.001356029646300716f,-0.9997433286873502f,1.4325799095453287f,0.914881556926473f,-0.4031631257904005f,-0.021242193829886263f,0.15334268543513713f,0f,0f,0f,1f],start_interpolation:0}
execute if entity @s[tag=aj.tolerate.bone.left_bend] run data modify entity @s {} merge value {transformation:[-0.4030884504262776f,-0.8838468138150989f,0.23734892214172754f,-1.9484620555816505f,-0.02261499344981134f,-0.24965280535531625f,-0.9680712984328609f,1.3861008620126551f,0.914881556926473f,-0.39558600390701154f,0.08064397255018252f,-0.17735226924188707f,0f,0f,0f,1f],start_interpolation:0}
execute if entity @s[tag=aj.tolerate.bone.right_straight] run data modify entity @s {} merge value {transformation:[0.46372732898336133f,-0.17735487576655973f,-0.8680450520542039f,-2.420468084270713f,0.39690558122517294f,0.9175305435373264f,0.024569519091872827f,0.9258242208974266f,0.7921003244199973f,-0.35592548337808916f,0.4958771282644609f,0.10484654814746999f,0f,0f,0f,1f],start_interpolation:0}
execute if entity @s[tag=aj.tolerate.bone.microphone] run data modify entity @s {} merge value {transformation:[0.46372732898336133f,-0.18557431482342585f,-0.8663250764186464f,-2.02225330943377f,0.39690558122517294f,0.917722201851874f,0.0158719822472114f,1.2662384585955355f,0.7921003244199973f,-0.3512095299190558f,0.49922834669895383f,0.11822820562882908f,0f,0f,0f,1f],start_interpolation:0}
execute if entity @s[tag=aj.tolerate.bone.right_bend] run data modify entity @s {} merge value {transformation:[0.46372732898336133f,-0.8663250764186464f,0.18557431482342565f,-2.35999401175193f,0.39690558122517294f,0.015871982247211605f,-0.917722201851874f,1.1603818669079244f,0.7921003244199973f,0.4992283466989538f,0.3512095299190559f,0.3720750475329578f,0f,0f,0f,1f],start_interpolation:0}
execute if entity @s[tag=aj.tolerate.bone.head] run data modify entity @s {} merge value {transformation:[-0.1707085830569608f,0.08436797417839387f,-0.981702920747269f,-2.2807547921411846f,0.012024685262454433f,0.9964316379225714f,0.08354279077981941f,1.390993826479653f,0.9852481852888763f,0.002456802795428918f,-0.17111393135861486f,0.021153249330325967f,0f,0f,0f,1f],start_interpolation:0}
execute if entity @s[tag=aj.tolerate.bone.hair] run data modify entity @s {} merge value {transformation:[-0.15252160199522133f,0.4589936104784203f,-0.8752496937816063f,-2.4758637974171878f,0.047482743120175745f,0.8879917686395373f,0.45740136415866733f,1.0344114300933573f,0.9871588271552835f,0.028204332440435048f,-0.15723220281162104f,0.01923934483225486f,0f,0f,0f,1f],start_interpolation:0}
execute if entity @s[tag=aj.tolerate.bone.outfit] run data modify entity @s {} merge value {transformation:[-0.15252160199522133f,0.4589936104784203f,-0.8752496937816063f,-2.940558107203914f,0.047482743120175745f,0.8879917686395373f,0.45740136415866733f,0.11450565906031807f,0.9871588271552835f,0.028204332440435048f,-0.15723220281162104f,-0.019390478552799413f,0f,0f,0f,1f],start_interpolation:0}
execute if entity @s[tag=aj.tolerate.bone.chest] run data modify entity @s {} merge value {transformation:[-0.15252160199522133f,0.4589936104784203f,-0.8752496937816063f,-2.633642851019145f,0.047482743120175745f,0.8879917686395373f,0.45740136415866733f,0.7291642596235163f,0.9871588271552835f,0.028204332440435048f,-0.15723220281162104f,0.009544105555855312f,0f,0f,0f,1f],start_interpolation:0}