execute if entity @s[tag=aj.tolerate.bone.left_straight] run data modify entity @s {} merge value {transformation:[0.5119440181131628f,-0.6843573686568296f,0.5191996863281514f,-2.1977362166443912f,0.7441381679606777f,0.051354324441339666f,-0.6660488873538492f,1.7215052184748845f,0.4291523148047511f,0.7273360470417196f,0.5355469777446694f,-0.5381091301611638f,0f,0f,0f,1f],start_interpolation:0}
execute if entity @s[tag=aj.tolerate.bone.left_bend] run data modify entity @s {} merge value {transformation:[0.5119440181131628f,-0.3895513323501172f,0.7656128798435925f,-2.359558219782032f,0.7441381679606777f,-0.244150897730382f,-0.6218108443261305f,1.421890162693334f,0.4291523148047511f,0.8880541079245666f,0.1648884231716295f,-0.6520283451003135f,0f,0f,0f,1f],start_interpolation:0}
execute if entity @s[tag=aj.tolerate.bone.right_straight] run data modify entity @s {} merge value {transformation:[0.7870363953843047f,-0.17789118581390642f,-0.5907016491852741f,-2.6061613174101237f,0.22853094513645686f,0.9734707639321696f,0.011326026856586568f,1.001221087804998f,0.5730159853403027f,-0.14390760153320814f,0.8068105618826771f,0.010258582923045545f,0f,0f,0f,1f],start_interpolation:0}
execute if entity @s[tag=aj.tolerate.bone.microphone] run data modify entity @s {} merge value {transformation:[0.7870363953843047f,-0.1791863899701692f,-0.590310045645455f,-2.191886491639026f,0.22853094513645686f,0.9734932645498013f,0.009190810149739872f,1.3006759650523125f,0.5730159853403027f,-0.1421376147458135f,0.8071242649176473f,-0.10162149256616199f,0f,0f,0f,1f],start_interpolation:0}
execute if entity @s[tag=aj.tolerate.bone.right_bend] run data modify entity @s {} merge value {transformation:[0.7870363953843047f,-0.590310045645455f,0.17918638997016906f,-2.414353741363855f,0.22853094513645686f,0.009190810149740089f,-0.9734932645498013f,1.1847239685295976f,0.5730159853403027f,0.8071242649176473f,0.14213761474581366f,0.2544347901379189f,0f,0f,0f,1f],start_interpolation:0}
execute if entity @s[tag=aj.tolerate.bone.head] run data modify entity @s {} merge value {transformation:[0.285308286368278f,0.13313727825243604f,-0.9491436386918105f,-2.454887855873017f,0.013367764180845829f,0.9896557681084784f,0.14283824253477445f,1.4521883041398738f,0.9583425716362609f,-0.05344086254123502f,0.28057724355415364f,-0.06898571404787453f,0f,0f,0f,1f],start_interpolation:0}
execute if entity @s[tag=aj.tolerate.bone.hair] run data modify entity @s {} merge value {transformation:[0.2877000962476378f,0.22681619216931057f,-0.9304746474724147f,-2.5512999339861366f,0.02352598240021514f,0.9695844055198317f,0.24362390836052894f,1.0604933328496926f,0.9574315551365563f,-0.09198095206383226f,0.2736134530432053f,-0.01896618743369871f,0f,0f,0f,1f],start_interpolation:0}
execute if entity @s[tag=aj.tolerate.bone.outfit] run data modify entity @s {} merge value {transformation:[0.2877000962476378f,0.22681619216931057f,-0.9304746474724147f,-2.780936132116401f,0.02352598240021514f,0.9695844055198317f,0.24362390836052894f,0.0584107212051157f,0.9574315551365563f,-0.09198095206383226f,0.2736134530432053f,0.06323690454388436f,0f,0f,0f,1f],start_interpolation:0}
execute if entity @s[tag=aj.tolerate.bone.chest] run data modify entity @s {} merge value {transformation:[0.2877000962476378f,0.22681619216931057f,-0.9304746474724147f,-2.629268000044337f,0.02352598240021514f,0.9695844055198317f,0.24362390836052894f,0.7271986934522503f,0.9574315551365563f,-0.09198095206383226f,0.2736134530432053f,0.012652264838243636f,0f,0f,0f,1f],start_interpolation:0}