execute if entity @s[tag=aj.tolerate.bone.left_straight] run data modify entity @s {} merge value {transformation:[0.324816072378394f,-0.9423329936483734f,-0.08064147944059616f,-2.1562157760753298f,0.5893672478651125f,0.26835947917141256f,-0.7619904442201033f,1.5983610690531005f,0.739689641855675f,0.1999792964797666f,0.6425476750490043f,-0.20845438107545677f,0f,0f,0f,1f],start_interpolation:0}
execute if entity @s[tag=aj.tolerate.bone.left_bend] run data modify entity @s {} merge value {transformation:[0.324816072378394f,-0.8733395399939469f,0.3630049132006819f,-2.287600619843391f,0.5893672478651125f,-0.11327334433843808f,-0.7998846145578047f,1.3511220754042086f,0.739689641855675f,0.4737585855111719f,0.4779247183248392f,-0.43327438181012823f,0f,0f,0f,1f],start_interpolation:0}
execute if entity @s[tag=aj.tolerate.bone.right_straight] run data modify entity @s {} merge value {transformation:[0.718435682791571f,-0.2060113594216546f,-0.6643865512493846f,-2.6531232340854447f,0.23923538768344463f,0.9700487788175168f,-0.04209270714264296f,1.0076620250934132f,0.6531589385224407f,-0.12870387136324302f,0.7462028641893254f,0.016750065638057088f,0f,0f,0f,1f],start_interpolation:0}
execute if entity @s[tag=aj.tolerate.bone.microphone] run data modify entity @s {} merge value {transformation:[0.718435682791571f,-0.2069438687583523f,-0.664096683379111f,-2.243523999197738f,0.23923538768344463f,0.9699887302176126f,-0.04345448803950535f,1.3272503465219871f,0.6531589385224407f,-0.12765617272247126f,0.7463828123651357f,-0.04503052034734634f,0f,0f,0f,1f],start_interpolation:0}
execute if entity @s[tag=aj.tolerate.bone.right_bend] run data modify entity @s {} merge value {transformation:[0.718435682791571f,-0.664096683379111f,0.20694386875835216f,-2.4935432596924794f,0.23923538768344463f,-0.043454488039505135f,-0.9699887302176126f,1.1897708727053957f,0.6531589385224407f,0.7463828123651357f,0.12765617272247143f,0.28406275337844283f,0f,0f,0f,1f],start_interpolation:0}
execute if entity @s[tag=aj.tolerate.bone.head] run data modify entity @s {} merge value {transformation:[0.18580262425383232f,0.08797827182873616f,-0.9786404899177319f,-2.5132885965468894f,0.008946632692274617f,0.995790699806957f,0.09121863812533246f,1.4659066162291787f,0.9825463564554392f,-0.025704199345629078f,0.18423341594873996f,-0.032832124000205964f,0f,0f,0f,1f],start_interpolation:0}
execute if entity @s[tag=aj.tolerate.bone.hair] run data modify entity @s {} merge value {transformation:[0.1867745737371744f,0.1489485379374807f,-0.971045617698563f,-2.579494112949776f,0.015367084326293448f,0.9878754883055716f,0.15448583211523656f,1.0659813355645273f,0.982282602576573f,-0.04377616533360752f,0.18222111849091274f,-0.0028522663297723596f,0f,0f,0f,1f],start_interpolation:0}
execute if entity @s[tag=aj.tolerate.bone.outfit] run data modify entity @s {} merge value {transformation:[0.1867745737371744f,0.1489485379374807f,-0.971045617698563f,-2.7274021198320177f,0.015367084326293448f,0.9878754883055716f,0.15448583211523656f,0.04583560178991952f,0.982282602576573f,-0.04377616533360752f,0.18222111849091274f,0.03009611366685485f,0f,0f,0f,1f],start_interpolation:0}
execute if entity @s[tag=aj.tolerate.bone.chest] run data modify entity @s {} merge value {transformation:[0.1867745737371744f,0.1489485379374807f,-0.971045617698563f,-2.630695172865785f,0.015367084326293448f,0.9878754883055716f,0.15448583211523656f,0.7263991364594871f,0.982282602576573f,-0.04377616533360752f,0.18222111849091274f,0.012195790503655232f,0f,0f,0f,1f],start_interpolation:0}