execute if entity @s[tag=aj.tolerate.bone.left_straight] run data modify entity @s {} merge value {transformation:[0.09967290730789759f,-0.6023920226473396f,-0.7919527527571569f,-2.3520141599349187f,0.27932383875746547f,0.7808512734492694f,-0.5587928792087883f,1.2832379169160926f,0.9550096882495929f,-0.16551477216098026f,0.2460921688024918f,0.04229225574863321f,0f,0f,0f,1f],start_interpolation:0}
execute if entity @s[tag=aj.tolerate.bone.left_bend] run data modify entity @s {} merge value {transformation:[0.09967290730789759f,-0.9113472728148052f,-0.3993888579840562f,-2.438082968077569f,0.27932383875746547f,0.41087498049681886f,-0.8678478803935238f,1.1634542095805658f,0.9550096882495929f,-0.025057907629247686f,0.29551412252997217f,-0.28508696412439544f,0f,0f,0f,1f],start_interpolation:0}
execute if entity @s[tag=aj.tolerate.bone.right_straight] run data modify entity @s {} merge value {transformation:[0.6452143619970659f,-0.23685144125853286f,-0.7263606692590638f,-2.695228150324915f,0.2512489631356317f,0.9636314800117401f,-0.09104026171784305f,1.0086585965135786f,0.7215070239408548f,-0.12375688063351936f,0.6812575496094497f,0.014967635581671218f,0f,0f,0f,1f],start_interpolation:0}
execute if entity @s[tag=aj.tolerate.bone.microphone] run data modify entity @s {} merge value {transformation:[0.6452143619970659f,-0.23737481761326476f,-0.7261897982179236f,-2.2963381602994866f,0.2512489631356317f,0.9635656233859555f,-0.09173466058205473f,1.3466849373275396f,0.7215070239408548f,-0.12326591334145912f,0.6813465557351168f,-0.0015579389001780242f,0f,0f,0f,1f],start_interpolation:0}
execute if entity @s[tag=aj.tolerate.bone.right_bend] run data modify entity @s {} merge value {transformation:[0.6452143619970659f,-0.7261897982179236f,0.2373748176132646f,-2.5687064980202976f,0.2512489631356317f,-0.09173466058205453f,-0.9635656233859555f,1.1898650377329565f,0.7215070239408548f,0.6813465557351168f,0.12326591334145927f,0.29999740734513153f,0f,0f,0f,1f],start_interpolation:0}
execute if entity @s[tag=aj.tolerate.bone.head] run data modify entity @s {} merge value {transformation:[0.08751382121069165f,0.042374445490601584f,-0.9952616427183695f,-2.570359792611418f,0.00434552549976411f,0.9990691193575661f,0.04291865741408926f,1.472934177293256f,0.9961538272301291f,-0.008080910558909324f,0.08724821705516343f,-0.010436195340894157f,0f,0f,0f,1f],start_interpolation:0}
execute if entity @s[tag=aj.tolerate.bone.hair] run data modify entity @s {} merge value {transformation:[0.08774390292941497f,0.07285360985144236f,-0.9934753942752318f,-2.6069136297234072f,0.007489034384610985f,0.9972455697243411f,0.07379151732523444f,1.0684731020600096f,0.9961149139846766f,-0.01391492712119178f,0.08695661527746124f,0.006804686201789496f,0f,0f,0f,1f],start_interpolation:0}
execute if entity @s[tag=aj.tolerate.bone.outfit] run data modify entity @s {} merge value {transformation:[0.08774390292941497f,0.07285360985144236f,-0.9934753942752318f,-2.6750868567728667f,0.007489034384610985f,0.9972455697243411f,0.07379151732523444f,0.0393936708145155f,0.9961149139846766f,-0.01391492712119178f,0.08695661527746124f,0.00956651239581903f,0f,0f,0f,1f],start_interpolation:0}
execute if entity @s[tag=aj.tolerate.bone.chest] run data modify entity @s {} merge value {transformation:[0.08774390292941497f,0.07285360985144236f,-0.9934753942752318f,-2.6319570581098404f,0.007489034384610985f,0.9972455697243411f,0.07379151732523444f,0.7256699374672672f,0.9961149139846766f,-0.01391492712119178f,0.08695661527746124f,0.011587942399699172f,0f,0f,0f,1f],start_interpolation:0}