execute if entity @s[tag=aj.tolerate.bone.left_straight] run data modify entity @s {} merge value {transformation:[0.629449933269112f,-0.7764940489125248f,-0.029150874960184953f,-2.0568307779275474f,0.7257406553335304f,0.6008848515029399f,-0.3350192478505495f,1.462318096688128f,0.2776567713987331f,0.18972186810624603f,0.9417602296013077f,-0.44195461426454646f,0f,0f,0f,1f],start_interpolation:0}
execute if entity @s[tag=aj.tolerate.bone.left_bend] run data modify entity @s {} merge value {transformation:[0.629449933269112f,-0.7227619964692285f,0.2853206581503093f,-2.2913846103955144f,0.7257406553335304f,0.415621147000381f,-0.548233128661654f,1.194149000283953f,0.2776567713987331f,0.5521541076781942f,0.78615046821237f,-0.4867091144982602f,0f,0f,0f,1f],start_interpolation:0}
execute if entity @s[tag=aj.tolerate.bone.right_straight] run data modify entity @s {} merge value {transformation:[0.847498287040316f,-0.1580134073289844f,-0.5067330821724731f,-2.5461191018377667f,0.22450032191479577f,0.9717774814804993f,0.07244399179760197f,0.9837586660586277f,0.48098467639196457f,-0.17515789902742726f,0.8590538117512865f,-0.007418716690009292f,0f,0f,0f,1f],start_interpolation:0}
execute if entity @s[tag=aj.tolerate.bone.microphone] run data modify entity @s {} merge value {transformation:[0.847498287040316f,-0.15972845888927173f,-0.5061950936986531f,-2.135216464484198f,0.22450032191479577f,0.9720172278514151f,0.06915283233681302f,1.2617144482842428f,0.48098467639196457f,-0.17224786843647305f,0.8596420260173467f,-0.17429605774654108f,0f,0f,0f,1f],start_interpolation:0}
execute if entity @s[tag=aj.tolerate.bone.right_bend] run data modify entity @s {} merge value {transformation:[0.847498287040316f,-0.5061950936986531f,0.15972845888927162f,-2.3248119918138768f,0.22450032191479577f,0.06915283233681324f,-0.9720172278514151f,1.1709776776542133f,0.48098467639196457f,0.8596420260173467f,0.17224786843647324f,0.20719181050485666f,0f,0f,0f,1f],start_interpolation:0}
execute if entity @s[tag=aj.tolerate.bone.head] run data modify entity @s {} merge value {transformation:[0.3815624617372216f,0.17695812774522682f,-0.9072463330418785f,-2.389537428664982f,0.017493316347847572f,0.9799457087075956f,0.19849531951338897f,1.4262319295445893f,0.9241775109123709f,-0.09160910986617132f,0.37081491247432635f,-0.1238190554295816f,0f,0f,0f,1f],start_interpolation:0}
execute if entity @s[tag=aj.tolerate.bone.hair] run data modify entity @s {} merge value {transformation:[0.3867719020266963f,0.31395009511335736f,-0.8670887114828364f,-2.5197589502959956f,0.03285658164167839f,0.9349759060594524f,0.35318621169452497f,1.0495717891940834f,0.9215898984068105f,-0.16509207390610836f,0.3513070826042434f,-0.0438710325768982f,0f,0f,0f,1f],start_interpolation:0}
execute if entity @s[tag=aj.tolerate.bone.outfit] run data modify entity @s {} merge value {transformation:[0.3867719020266963f,0.31395009511335736f,-0.8670887114828364f,-2.8408406903904333f,0.03285658164167839f,0.9349759060594524f,0.35318621169452497f,0.08220406458412644f,0.9215898984068105f,-0.16509207390610836f,0.3513070826042434f,0.11350080081044918f,0f,0f,0f,1f],start_interpolation:0}
execute if entity @s[tag=aj.tolerate.bone.chest] run data modify entity @s {} merge value {transformation:[0.3867719020266963f,0.31395009511335736f,-0.8670887114828364f,-2.627679295491212f,0.03285658164167839f,0.9349759060594524f,0.35318621169452497f,0.7281738214861466f,0.9215898984068105f,-0.16509207390610836f,0.3513070826042434f,0.012879367828326571f,0f,0f,0f,1f],start_interpolation:0}