execute if entity @s[tag=aj.tolerate.bone.left_straight] run data modify entity @s {} merge value {transformation:[0.8881974870656223f,-0.42333029316940174f,-0.1785964357298934f,-2.052775786865726f,-0.14841487659448074f,0.10352747354590944f,-0.9834912743012243f,1.3601212646117091f,0.4348312872549061f,0.9000408463543803f,0.02912432862628732f,-0.6379718923032911f,0f,0f,0f,1f],start_interpolation:0}
execute if entity @s[tag=aj.tolerate.bone.left_bend] run data modify entity @s {} merge value {transformation:[0.8881974870656223f,-0.45933704741146203f,-0.010709848067729233f,-2.3828390486098265f,-0.14841487659448074f,-0.2647666494282896f,-0.9528229876298967f,1.360425251021399f,0.4348312872549061f,0.8478844840105505f,-0.3033375238878367f,-0.7793624178766837f,0f,0f,0f,1f],start_interpolation:0}
execute if entity @s[tag=aj.tolerate.bone.right_straight] run data modify entity @s {} merge value {transformation:[0.8555197044405587f,-0.16609462602453934f,-0.49040657675005495f,-2.495895612858038f,0.24444894884300464f,0.9645152952524423f,0.09977452898232259f,0.9621443790938984f,0.4564326310897253f,-0.20523844773789976f,0.8657634970629381f,-0.01855598822520696f,0f,0f,0f,1f],start_interpolation:0}
execute if entity @s[tag=aj.tolerate.bone.microphone] run data modify entity @s {} merge value {transformation:[0.8555197044405587f,-0.1684016470218239f,-0.4896191587287779f,-2.089821276285346f,0.24444894884300464f,0.9649743496777669f,0.09523243078658271f,1.2364782637563745f,0.4564326310897253f,-0.20116010972433918f,0.8667201760269589f,-0.20278958682345366f,0f,0f,0f,1f],start_interpolation:0}
execute if entity @s[tag=aj.tolerate.bone.right_bend] run data modify entity @s {} merge value {transformation:[0.8555197044405587f,-0.489619158728778f,0.16840164702182378f,-2.2714022501071893f,0.24444894884300464f,0.09523243078658292f,-0.9649743496777669f,1.1575526891132117f,0.4564326310897253f,0.8667201760269589f,0.20116010972433937f,0.1851688165704397f,0f,0f,0f,1f],start_interpolation:0}
execute if entity @s[tag=aj.tolerate.bone.head] run data modify entity @s {} merge value {transformation:[0.3944423062042059f,0.1899998141922859f,-0.8990635893434925f,-2.343828383657414f,0.018940474494242583f,0.9765019586021955f,0.2146745985719062f,1.4032048311770389f,0.9187254897423063f,-0.10170543472682742f,0.3815749979293541f,-0.153234229633663f,0f,0f,0f,1f],start_interpolation:0}
execute if entity @s[tag=aj.tolerate.bone.hair] run data modify entity @s {} merge value {transformation:[0.4030581829078357f,0.3748954884567812f,-0.8348637457248848f,-2.498374047441172f,0.03948210185007901f,0.9042731082360517f,0.42512505143147f,1.0396634316987226f,0.9143222981118494f,-0.20431230617821686f,0.34967301399965783f,-0.05744549828285442f,0f,0f,0f,1f],start_interpolation:0}
execute if entity @s[tag=aj.tolerate.bone.outfit] run data modify entity @s {} merge value {transformation:[0.4030581829078357f,0.3748954884567812f,-0.8348637457248848f,-2.8827406483140368f,0.03948210185007901f,0.9042731082360517f,0.42512505143147f,0.10331223808771461f,0.9143222981118494f,-0.20431230617821686f,0.34967301399965783f,0.14046471049752376f,0f,0f,0f,1f],start_interpolation:0}
execute if entity @s[tag=aj.tolerate.bone.chest] run data modify entity @s {} merge value {transformation:[0.4030581829078357f,0.3748954884567812f,-0.8348637457248848f,-2.6272443715981906f,0.03948210185007901f,0.9042731082360517f,0.42512505143147f,0.7288195507425798f,0.9143222981118494f,-0.20431230617821686f,0.34967301399965783f,0.012786856965907643f,0f,0f,0f,1f],start_interpolation:0}