execute if entity @s[tag=aj.tolerate.bone.left_straight] run data modify entity @s {} merge value {transformation:[-3.431983230007545e-16f,-3.0025962603674397e-17f,-1f,-2.6329687500000003f,-0.08715574274765818f,0.9961946980917455f,0f,1.0393115019836388f,0.9961946980917455f,0.08715574274765818f,-3.4450928483976665e-16f,-0.02418504333530208f,0f,0f,0f,1f],start_interpolation:0}
execute if entity @s[tag=aj.tolerate.bone.left_bend] run data modify entity @s {} merge value {transformation:[-3.431983230007545e-16f,-0.5184862861187635f,-0.8550859436961713f,-2.6875f,-0.08715574274765818f,0.8518320835229027f,-0.516513289264792f,1.0826769882155953f,0.9961946980917455f,0.07452565053592185f,-0.04518905737115594f,-0.37643340353037213f,0f,0f,0f,1f],start_interpolation:0}
execute if entity @s[tag=aj.tolerate.bone.right_straight] run data modify entity @s {} merge value {transformation:[0.576502910269754f,-0.266906677203439f,-0.7722727627689088f,-2.733828038313078f,0.2621381217925294f,0.9556002056484896f,-0.13458028112487153f,1.0060509076072248f,0.7739043865708406f,-0.12485620781035929f,0.620872714666724f,0.006959761649236035f,0f,0f,0f,1f],start_interpolation:0}
execute if entity @s[tag=aj.tolerate.bone.microphone] run data modify entity @s {} merge value {transformation:[0.576502910269754f,-0.266906677203439f,-0.7722727627689088f,-2.3492690219224226f,0.2621381217925294f,0.9556002056484896f,-0.13458028112487153f,1.3599707682418254f,0.7739043865708406f,-0.12485620781035929f,0.620872714666724f,0.02750457393404132f,0f,0f,0f,1f],start_interpolation:0}
execute if entity @s[tag=aj.tolerate.bone.right_bend] run data modify entity @s {} merge value {transformation:[0.576502910269754f,-0.7722727627689089f,0.26690667720343886f,-2.637400104239322f,0.2621381217925294f,-0.1345802811248713f,-0.9556002056484896f,1.1862680590188617f,0.7739043865708406f,0.620872714666724f,0.12485620781035943f,0.30412790513059096f,0f,0f,0f,1f],start_interpolation:0}
execute if entity @s[tag=aj.tolerate.bone.head] run data modify entity @s {} merge value {transformation:[-3.4450928483976665e-16f,0f,-1f,-2.625f,0f,1f,0f,1.475f,1f,0f,-3.4450928483976665e-16f,-3.214697847761802e-16f,0f,0f,0f,1f],start_interpolation:0}
execute if entity @s[tag=aj.tolerate.bone.hair] run data modify entity @s {} merge value {transformation:[-3.4450928483976665e-16f,0f,-1f,-2.63296875f,0f,1f,0f,1.06875f,1f,0f,-3.4450928483976665e-16f,0.010937499999999498f,0f,0f,0f,1f],start_interpolation:0}
execute if entity @s[tag=aj.tolerate.bone.outfit] run data modify entity @s {} merge value {transformation:[-3.4450928483976665e-16f,0f,-1f,-2.625f,0f,1f,0f,0.03749999999999998f,1f,0f,-3.4450928483976665e-16f,-3.209238430557093e-16f,0f,0f,0f,1f],start_interpolation:0}
execute if entity @s[tag=aj.tolerate.bone.chest] run data modify entity @s {} merge value {transformation:[-3.4450928483976665e-16f,0f,-1f,-2.63296875f,0f,1f,0f,0.725f,1f,0f,-3.4450928483976665e-16f,0.010937499999999498f,0f,0f,0f,1f],start_interpolation:0}