execute if entity @s[tag=aj.folklore_microphone.bone.left_straight] run data modify entity @s {} merge value {transformation:[-0.5482932295199137f,-0.8362861558477597f,1.2246467991473532e-16f,0.4733381305456625f,-0.8362861558477597f,0.5482932295199137f,0f,0.9096661276587812f,-6.714655485257274e-17f,-1.0241551639302035e-16f,-1f,-0.007968749999999941f,0f,0f,0f,1f],start_interpolation:0}
execute if entity @s[tag=aj.folklore_microphone.bone.left_bend] run data modify entity @s {} merge value {transformation:[-0.5482932295199137f,-0.8362861558477597f,1.2246467991473532e-16f,0.6573573084429098f,-0.8362861558477597f,0.5482932295199137f,0f,1.2131400389300324f,-6.714655485257274e-17f,-1.0241551639302035e-16f,-1f,-0.06249999999999992f,0f,0f,0f,1f],start_interpolation:0}
execute if entity @s[tag=aj.folklore_microphone.bone.right_straight] run data modify entity @s {} merge value {transformation:[-0.8795756893227817f,0.15209713563127944f,-0.4507916016133324f,-0.0197466264289054f,0.22909009344301223f,0.9658402122275793f,-0.12112148253079011f,0.9748477768820676f,0.41697042561628417f,-0.20980740162574046f,-0.8843735174599192f,-0.07174660827145897f,0f,0f,0f,1f],start_interpolation:0}
execute if entity @s[tag=aj.folklore_microphone.bone.microphone] run data modify entity @s {} merge value {transformation:[-0.8795756893227817f,0.3360857899339901f,-0.3367386947720727f,-0.15018613298187847f,0.22909009344301223f,0.9195280836799945f,0.3193522074607736f,1.1260838666631896f,0.41697042561628417f,0.20375093896284985f,-0.885788473075334f,0.36232947974202057f,0f,0f,0f,1f],start_interpolation:0}
execute if entity @s[tag=aj.folklore_microphone.bone.right_bend] run data modify entity @s {} merge value {transformation:[-0.8795756893227817f,-0.33673869477207263f,-0.33608578993399013f,-0.3345142533978662f,0.22909009344301223f,0.3193522074607738f,-0.9195280836799944f,1.1463406446451172f,0.41697042561628417f,-0.885788473075334f,-0.20375093896285004f,-0.031783988843463444f,0f,0f,0f,1f],start_interpolation:0}