execute if entity @s[tag=aj.microphone.bone.left_straight] run data modify entity @s {} merge value {transformation:[-0.3033219342951752f,-0.952888138332844f,1.2246467991473532e-16f,0.6054096550336566f,-0.952888138332844f,0.3033219342951752f,0f,0.9632352388956886f,-3.714622359457701e-17f,-1.1669514085547978e-16f,-1f,-0.00796874999999974f,0f,0f,0f,1f],start_interpolation:0}
execute if entity @s[tag=aj.microphone.bone.left_bend] run data modify entity @s {} merge value {transformation:[-0.3033219342951752f,-0.952888138332844f,1.2246467991473532e-16f,0.6415275432290133f,-0.952888138332844f,0.3033219342951752f,0f,1.3239618955327574f,-3.714622359457701e-17f,-1.1669514085547978e-16f,-1f,-0.06249999999999991f,0f,0f,0f,1f],start_interpolation:0}
execute if entity @s[tag=aj.microphone.bone.right_straight] run data modify entity @s {} merge value {transformation:[-0.911172453132865f,0.1547616571195427f,-0.38185545712671165f,-0.024500445855570707f,0.2114680654488932f,0.9710567461494385f,-0.11104077202977072f,0.9781414874346313f,0.3536184638097103f,-0.18192752744782192f,-0.9175273057569363f,-0.059657817208580245f,0f,0f,0f,1f],start_interpolation:0}
execute if entity @s[tag=aj.microphone.bone.microphone] run data modify entity @s {} merge value {transformation:[-0.911172453132865f,0.14807378953148836f,-0.38449826203199067f,-0.17208283402837116f,0.2114680654488932f,0.9689709208190077f,-0.1279711369898187f,1.3147244172645691f,0.3536184638097103f,-0.1979128784615817f,-0.9142124887529769f,0.293054116866905f,0f,0f,0f,1f],start_interpolation:0}
execute if entity @s[tag=aj.microphone.bone.right_bend] run data modify entity @s {} merge value {transformation:[-0.911172453132865f,-0.3844982620319906f,-0.14807378953148845f,-0.34357901009805314f,0.2114680654488932f,-0.1279711369898185f,-0.9689709208190077f,1.145204818351257f,0.3536184638097103f,-0.9142124887529769f,0.1979128784615815f,-0.040574134733478914f,0f,0f,0f,1f],start_interpolation:0}