execute if entity @s[tag=aj.microphone.bone.left_straight] run data modify entity @s {} merge value {transformation:[-0.9486140785138475f,-0.31643534891873865f,1.2246467991473532e-16f,0.12990714173313078f,-0.31643534891873865f,0.9486140785138475f,0f,0.938926381756269f,-1.1617171948780993e-16f,-3.8752153719040915e-17f,-1f,-0.007968749999999802f,0f,0f,0f,1f],start_interpolation:0}
execute if entity @s[tag=aj.microphone.bone.left_bend] run data modify entity @s {} merge value {transformation:[-0.9486140785138475f,-0.31643534891873865f,1.2246467991473532e-16f,0.4426360465371057f,-0.31643534891873865f,0.9486140785138475f,0f,1.1223081004644226f,-1.1617171948780993e-16f,-3.8752153719040915e-17f,-1f,-0.06249999999999993f,0f,0f,0f,1f],start_interpolation:0}
execute if entity @s[tag=aj.microphone.bone.right_straight] run data modify entity @s {} merge value {transformation:[-0.8187348696322656f,0.13871226943792608f,-0.5571643559629575f,-0.011912348586308713f,0.25186218652643694f,0.958801194036555f,-0.13139904608557404f,0.970557007589359f,0.5159831898873832f,-0.24790961381410104f,-0.8199403460814597f,-0.09344830803417599f,0f,0f,0f,1f],start_interpolation:0}
execute if entity @s[tag=aj.microphone.bone.microphone] run data modify entity @s {} merge value {transformation:[-0.8187348696322656f,0.12896728409478983f,-0.5595003600369268f,-0.07939836885927978f,0.25186218652643694f,0.9563619344128885f,-0.14811242150528847f,1.3237478468405088f,0.5159831898873832f,-0.26218178815328064f,-0.8154888458552875f,0.2673510912554377f,0f,0f,0f,1f],start_interpolation:0}
execute if entity @s[tag=aj.microphone.bone.right_bend] run data modify entity @s {} merge value {transformation:[-0.8187348696322656f,-0.5595003600369268f,-0.12896728409478994f,-0.3170201478259715f,0.25186218652643694f,-0.14811242150528825f,-0.9563619344128885f,1.147977197718409f,0.5159831898873832f,-0.8154888458552876f,0.26218178815328047f,-0.019173274472998922f,0f,0f,0f,1f],start_interpolation:0}