execute if entity @s[tag=aj.microphone.bone.left_straight] run data modify entity @s {} merge value {transformation:[0.961513924167344f,-0.2747562076319935f,1.2246467991473532e-16f,0.7912550004355022f,-0.2747562076319935f,-0.961513924167344f,0f,1.6938840532203723f,1.1775149495671487e-16f,-3.364793102223864e-17f,-1f,-0.007968749999999719f,0f,0f,0f,1f],start_interpolation:0}
execute if entity @s[tag=aj.microphone.bone.left_bend] run data modify entity @s {} merge value {transformation:[0.961513924167344f,-0.2747562076319935f,1.2246467991473532e-16f,0.4296113148849978f,-0.2747562076319935f,-0.961513924167344f,0f,1.719223101302294f,1.1775149495671487e-16f,-3.364793102223864e-17f,-1f,-0.06249999999999993f,0f,0f,0f,1f],start_interpolation:0}
execute if entity @s[tag=aj.microphone.bone.right_straight] run data modify entity @s {} merge value {transformation:[-0.9907520085822155f,0.1122701434129846f,-0.07619627542297235f,-0.04233553780739807f,0.11486554616098678f,0.9929106709244616f,-0.030566417347698684f,0.9974352503810594f,0.07222439889292127f,-0.03903606617428744f,-0.9966242129018303f,-0.017063543004210917f,0f,0f,0f,1f],start_interpolation:0}
execute if entity @s[tag=aj.microphone.bone.microphone] run data modify entity @s {} merge value {transformation:[-0.9907520085822155f,0.13422972257587099f,-0.019820168200857944f,-0.339535633940184f,0.11486554616098678f,0.9074886477258772f,0.4040671485703793f,1.0948959911984446f,0.07222439889292127f,0.39805368460279755f,-0.9145145708946866f,0.325321121477849f,0f,0f,0f,1f],start_interpolation:0}
execute if entity @s[tag=aj.microphone.bone.right_bend] run data modify entity @s {} merge value {transformation:[-0.9907520085822155f,-0.019820168200857913f,-0.13422972257587099f,-0.36632685547899835f,0.11486554616098678f,0.4040671485703795f,-0.9074886477258771f,1.1416415191070186f,0.07222439889292127f,-0.9145145708946865f,-0.3980536846027978f,-0.08278760074845856f,0f,0f,0f,1f],start_interpolation:0}