execute if entity @s[tag=aj.microphone.bone.left_straight] run data modify entity @s {} merge value {transformation:[0.8204286107077814f,-0.5717489787766127f,1.2246467991473532e-16f,0.8562985021363534f,-0.5717489787766127f,-0.8204286107077814f,0f,1.5338738707394346f,1.0047352720321944e-16f,-7.001905567745466e-17f,-1f,-0.007968749999999712f,0f,0f,0f,1f],start_interpolation:0}
execute if entity @s[tag=aj.microphone.bone.left_bend] run data modify entity @s {} merge value {transformation:[0.8204286107077814f,-0.5717489787766127f,1.2246467991473532e-16f,0.5224215558676912f,-0.5717489787766127f,-0.8204286107077814f,0f,1.6751339408461807f,1.0047352720321944e-16f,-7.001905567745466e-17f,-1f,-0.062499999999999924f,0f,0f,0f,1f],start_interpolation:0}
execute if entity @s[tag=aj.microphone.bone.right_straight] run data modify entity @s {} merge value {transformation:[-0.9793849398431098f,0.13149440027978354f,-0.1533439346813828f,-0.038331669849375194f,0.14159281843271054f,0.9882906324852166f,-0.056860350950833166f,0.9917641860401297f,0.14407155644605774f,-0.07740057129653831f,-0.9865356243877764f,-0.026659072734898967f,0f,0f,0f,1f],start_interpolation:0}
execute if entity @s[tag=aj.microphone.bone.microphone] run data modify entity @s {} merge value {transformation:[-0.9793849398431098f,0.16681920773400963f,-0.11391440444257026f,-0.2953174592789844f,0.14159281843271054f,0.9691252552245735f,0.20186062878676128f,1.1823084019403256f,0.14407155644605774f,0.18156979819590735f,-0.9727670815803277f,0.3322410237803225f,0f,0f,0f,1f],start_interpolation:0}
execute if entity @s[tag=aj.microphone.bone.right_bend] run data modify entity @s {} merge value {transformation:[-0.9793849398431098f,-0.11391440444257021f,-0.16681920773400966f,-0.3630550545071963f,0.14159281843271054f,0.2018606287867615f,-0.9691252552245735f,1.1421047818728356f,0.14407155644605774f,-0.9727670815803277f,-0.18156979819590757f,-0.07180220437026838f,0f,0f,0f,1f],start_interpolation:0}