execute if entity @s[tag=aj.microphone.bone.left_straight] run data modify entity @s {} merge value {transformation:[-0.8883725424811666f,-0.45912332304681264f,1.2246467991473532e-16f,0.20656565151935088f,-0.45912332304681264f,0.8883725424811666f,0f,0.9116603361453816f,-1.0879425905999567e-16f,-5.622639079831754e-17f,-1f,-0.007968749999999789f,0f,0f,0f,1f],start_interpolation:0}
execute if entity @s[tag=aj.microphone.bone.left_bend] run data modify entity @s {} merge value {transformation:[-0.8883725424811666f,-0.45912332304681264f,1.2246467991473532e-16f,0.48722603845212875f,-0.45912332304681264f,0.8883725424811666f,0f,1.1411335804746354f,-1.0879425905999567e-16f,-5.622639079831754e-17f,-1f,-0.062499999999999924f,0f,0f,0f,1f],start_interpolation:0}
execute if entity @s[tag=aj.microphone.bone.right_straight] run data modify entity @s {} merge value {transformation:[-0.8395590440089898f,0.14417293755933122f,-0.5237888655729754f,-0.014432525041281286f,0.24538535150469049f,0.9608243852527886f,-0.12885080508293448f,0.9717896338815684f,0.4846923156907182f,-0.2367079736280847f,-0.8420467293038169f,-0.08616946082758555f,0f,0f,0f,1f],start_interpolation:0}
execute if entity @s[tag=aj.microphone.bone.microphone] run data modify entity @s {} merge value {transformation:[-0.8395590440089898f,0.13500960315332036f,-0.5262252546952629f,-0.09765626350299109f,0.24538535150469049f,0.9584292904249787f,-0.14559987816750233f,1.322549615283177f,0.4846923156907182f,-0.25136766361617585f,-0.8377873577456958f,0.2737132745106931f,0f,0f,0f,1f],start_interpolation:0}
execute if entity @s[tag=aj.microphone.bone.right_bend] run data modify entity @s {} merge value {transformation:[-0.8395590440089898f,-0.5262252546952629f,-0.13500960315332047f,-0.32301061795490327f,0.24538535150469049f,-0.1455998781675021f,-0.9584292904249787f,1.1474941301927264f,0.4846923156907182f,-0.8377873577456959f,0.2513676636161757f,-0.022979555125433357f,0f,0f,0f,1f],start_interpolation:0}