execute if entity @s[tag=aj.microphone.bone.head] run data modify entity @s {} merge value {transformation:[-1f,0f,1.2246467991473532e-16f,7.654042494670958e-18f,0f,1f,0f,1.71875f,-1.2246467991473532e-16f,0f,-1f,-0.0625f,0f,0f,0f,1f],start_interpolation:0}
execute if entity @s[tag=aj.microphone.bone.outfit] run data modify entity @s {} merge value {transformation:[-1f,0f,1.2246467991473532e-16f,0f,0f,1f,0f,0f,-1.2246467991473532e-16f,0f,-1f,0f,0f,0f,0f,1f],start_interpolation:0}
execute if entity @s[tag=aj.microphone.bone.body] run data modify entity @s {} merge value {transformation:[-1f,0f,1.2246467991473532e-16f,0f,0f,1f,0f,0f,-1.2246467991473532e-16f,0f,-1f,0f,0f,0f,0f,1f],start_interpolation:0}
execute if entity @s[tag=aj.microphone.bone.right_leg] run data modify entity @s {} merge value {transformation:[-1f,0f,1.2246467991473532e-16f,0.10625000000000001f,0f,1f,0f,0.6875f,-1.2246467991473532e-16f,0f,-1f,-0.062499999999999986f,0f,0f,0f,1f],start_interpolation:0}
execute if entity @s[tag=aj.microphone.bone.left_leg] run data modify entity @s {} merge value {transformation:[-1f,0f,1.2246467991473532e-16f,-0.10624999999999998f,0f,1f,0f,0.6875f,-1.2246467991473532e-16f,0f,-1f,-0.06250000000000001f,0f,0f,0f,1f],start_interpolation:0}
execute if entity @s[tag=aj.microphone.bone.left_straight] run data modify entity @s {} merge value {transformation:[0.9990482215818579f,-0.043619387365336076f,1.2246467991473532e-16f,0.715002428696383f,-0.043619387365336076f,-0.9990482215818579f,0f,1.7904099344068263f,1.223481206754078e-16f,-5.3418343117727325e-18f,-1f,-0.007968749999999726f,0f,0f,0f,1f],start_interpolation:0}
execute if entity @s[tag=aj.microphone.bone.left_bend] run data modify entity @s {} merge value {transformation:[0.9990482215818579f,-0.043619387365336076f,1.2246467991473532e-16f,0.3573810585516675f,-0.043619387365336076f,-0.9990482215818579f,0f,1.7309525692443297f,1.223481206754078e-16f,-5.3418343117727325e-18f,-1f,-0.062499999999999944f,0f,0f,0f,1f],start_interpolation:0}
execute if entity @s[tag=aj.microphone.bone.right_straight] run data modify entity @s {} merge value {transformation:[-0.9961946980917455f,0.08715574274765818f,1.2246467991473532e-16f,-0.0459768023560585f,0.08715574274765818f,0.9961946980917455f,0f,1.0037180338562437f,-1.2199866483456202e-16f,1.0673500138322974e-17f,-1f,-0.007968749999999823f,0f,0f,0f,1f],start_interpolation:0}
execute if entity @s[tag=aj.microphone.bone.microphone] run data modify entity @s {} merge value {transformation:[-0.9961946980917455f,-1.031122174493839e-16f,0.08715574274765818f,-0.39978285923390655f,0.08715574274765818f,2.2119965816619248e-16f,0.9961946980917455f,0.7503243122468619f,-1.2199866483456202e-16f,1f,-2.1137110478670833e-16f,0.02987432292636112f,0f,0f,0f,1f],start_interpolation:0}
execute if entity @s[tag=aj.microphone.bone.right_bend] run data modify entity @s {} merge value {transformation:[-0.9961946980917455f,0.08715574274765818f,1.2246467991473532e-16f,-0.36799019095169244f,0.08715574274765818f,0.9961946980917455f,0f,1.1416833495932333f,-1.2199866483456202e-16f,1.0673500138322974e-17f,-1f,-0.09375000000000004f,0f,0f,0f,1f],start_interpolation:0}