execute if entity @s[tag=aj.microphone.bone.left_straight] run data modify entity @s {} merge value {transformation:[0.6963889381965345f,-0.7176645781683135f,1.2246467991473532e-16f,0.8688454755568045f,-0.7176645781683135f,-0.6963889381965345f,0f,1.4340540584820824f,8.528304841240099e-17f,-8.788856285152607e-17f,-1f,-0.007968749999999712f,0f,0f,0f,1f],start_interpolation:0}
execute if entity @s[tag=aj.microphone.bone.left_bend] run data modify entity @s {} merge value {transformation:[0.6963889381965345f,-0.7176645781683135f,1.2246467991473532e-16f,0.5680201806775976f,-0.7176645781683135f,-0.6963889381965345f,0f,1.6363715431864163f,8.528304841240099e-17f,-8.788856285152607e-17f,-1f,-0.06249999999999992f,0f,0f,0f,1f],start_interpolation:0}
execute if entity @s[tag=aj.microphone.bone.right_straight] run data modify entity @s {} merge value {transformation:[-0.9715147579348347f,0.13890770182272938f,-0.1919992851266571f,-0.03620098865229271f,0.15444723851901898f,0.9856292281540974f,-0.06841838292599084f,0.9891476424646093f,0.17973626687084865f,-0.09612322811207476f,-0.9790072519591696f,-0.03168423621612679f,0f,0f,0f,1f],start_interpolation:0}
execute if entity @s[tag=aj.microphone.bone.microphone] run data modify entity @s {} merge value {transformation:[-0.9715147579348347f,0.16928867032105888f,-0.16583250952617073f,-0.2724012937890348f,0.15444723851901898f,0.9830557893701559f,0.09872874707839117f,1.2248720121536147f,0.17973626687084865f,0.07030406166607672f,-0.981199374890029f,0.32715230191662886f,0f,0f,0f,1f],start_interpolation:0}
execute if entity @s[tag=aj.microphone.bone.right_bend] run data modify entity @s {} merge value {transformation:[-0.9715147579348347f,-0.1658325095261707f,-0.1692886703210589f,-0.3608101528178899f,0.15444723851901898f,0.0987287470783914f,-0.9830557893701559f,1.1424837964532044f,0.17973626687084865f,-0.981199374890029f,-0.07030406166607694f,-0.06635970380505335f,0f,0f,0f,1f],start_interpolation:0}