execute if entity @s[tag=aj.microphone.bone.left_straight] run data modify entity @s {} merge value {transformation:[-0.4986534145273078f,-0.8668014606472793f,1.2246467991473532e-16f,0.5027694330356658f,-0.8668014606472793f,0.4986534145273078f,0f,0.9180781587973361f,-6.106743079847658e-17f,-1.0615256342779409e-16f,-1f,-0.007968749999999754f,0f,0f,0f,1f],start_interpolation:0}
execute if entity @s[tag=aj.microphone.bone.left_bend] run data modify entity @s {} merge value {transformation:[-0.4986534145273078f,-0.8668014606472793f,1.2246467991473532e-16f,0.6146254564522744f,-0.8668014606472793f,0.4986534145273078f,0f,1.262920807960216f,-6.106743079847658e-17f,-1.0615256342779409e-16f,-1f,-0.06249999999999991f,0f,0f,0f,1f],start_interpolation:0}
execute if entity @s[tag=aj.microphone.bone.right_straight] run data modify entity @s {} merge value {transformation:[-0.8951065689381237f,0.15391702619980016f,-0.41844208594455456f,-0.02201025797265682f,0.2210638880033194f,0.9682480208090445f,-0.11673271872197577f,0.9763466477781982f,0.3871885686131188f,-0.19699065776116917f,-0.9007106600291495f,-0.06591043742938593f,0f,0f,0f,1f],start_interpolation:0}
execute if entity @s[tag=aj.microphone.bone.microphone] run data modify entity @s {} merge value {transformation:[-0.8951065689381237f,0.14659076253682696f,-0.42106457768695243f,-0.15334162192082676f,0.2210638880033194f,0.9660632850939956f,-0.13361319775476171f,1.3171601791044856f,0.3871885686131188f,-0.2126802236510692f,-0.8971355164093413f,0.2891565254091475f,0f,0f,0f,1f],start_interpolation:0}
execute if entity @s[tag=aj.microphone.bone.right_bend] run data modify entity @s {} merge value {transformation:[-0.8951065689381237f,-0.4210645776869524f,-0.14659076253682704f,-0.33897272339170437f,0.2210638880033194f,-0.1336131977547615f,-0.9660632850939956f,1.1458081217524227f,0.3871885686131188f,-0.8971355164093413f,0.212680223651069f,-0.03585918143608587f,0f,0f,0f,1f],start_interpolation:0}