execute if entity @s[tag=aj.microphone.bone.left_straight] run data modify entity @s {} merge value {transformation:[0.34459763584613845f,-0.9387504830194506f,1.2246467991473532e-16f,0.8297402861342139f,-0.9387504830194506f,-0.34459763584613845f,0f,1.2193185219444165f,4.2201039173271865e-17f,-1.149637774227802e-16f,-1f,-0.007968749999999712f,0f,0f,0f,1f],start_interpolation:0}
execute if entity @s[tag=aj.microphone.bone.left_bend] run data modify entity @s {} merge value {transformation:[0.34459763584613845f,-0.9387504830194506f,1.2246467991473532e-16f,0.637109525943578f,-0.9387504830194506f,-0.34459763584613845f,0f,1.5264367612019176f,4.2201039173271865e-17f,-1.149637774227802e-16f,-1f,-0.06249999999999991f,0f,0f,0f,1f],start_interpolation:0}
execute if entity @s[tag=aj.microphone.bone.right_straight] run data modify entity @s {} merge value {transformation:[-0.9514989301768171f,0.14941128141770982f,-0.2689350383596202f,-0.03170782886287188f,0.17886348366608687f,0.9798919685117904f,-0.08842841317653392f,0.9843359709500945f,0.2503150816135614f,-0.13224219837557996f,-0.9590903820212096f,-0.042263738834382024f,0f,0f,0f,1f],start_interpolation:0}
execute if entity @s[tag=aj.microphone.bone.microphone] run data modify entity @s {} merge value {transformation:[-0.9514989301768171f,0.14469496176118157f,-0.2715016646602792f,-0.22829658926311527f,0.17886348366608687f,0.9781994376114119f,-0.10551641799999222f,1.3053774632227964f,0.2503150816135614f,-0.1489604924053617f,-0.9566363633163587f,0.30089738646184666f,0f,0f,0f,1f],start_interpolation:0}
execute if entity @s[tag=aj.microphone.bone.right_bend] run data modify entity @s {} merge value {transformation:[-0.9514989301768171f,-0.27150166466027914f,-0.14469496176118163f,-0.3551062914165681f,0.17886348366608687f,-0.105516417999992f,-0.9781994376114119f,1.1434541583458917f,0.2503150816135614f,-0.9566363633163587f,0.14896049240536147f,-0.05569171301495473f,0f,0f,0f,1f],start_interpolation:0}