execute if entity @s[tag=aj.microphone.bone.left_straight] run data modify entity @s {} merge value {transformation:[-0.9961946980917455f,-0.08715574274765818f,1.2246467991473532e-16f,0.02418504333530147f,-0.08715574274765818f,0.9961946980917455f,0f,1.0018115019836387f,-1.2199866483456202e-16f,-1.0673500138322974e-17f,-1f,-0.007968749999999816f,0f,0f,0f,1f],start_interpolation:0}
execute if entity @s[tag=aj.microphone.bone.left_bend] run data modify entity @s {} merge value {transformation:[-0.9961946980917455f,-0.08715574274765818f,1.2246467991473532e-16f,0.37098616960864317f,-0.08715574274765818f,0.9961946980917455f,0f,1.1074391568463295f,-1.2199866483456202e-16f,-1.0673500138322974e-17f,-1f,-0.062499999999999944f,0f,0f,0f,1f],start_interpolation:0}
execute if entity @s[tag=aj.microphone.bone.right_straight] run data modify entity @s {} merge value {transformation:[-0.7739043326181012f,0.12485616626940893f,-0.6208727902714348f,-0.0069597593854448525f,0.26213812972133255f,0.9556001983876373f,-0.13458031723736563f,0.9685509097512597f,0.5765029790912908f,-0.26690672263173487f,-0.7722726956929482f,-0.10882804727201689f,0f,0f,0f,1f],start_interpolation:0}
execute if entity @s[tag=aj.microphone.bone.microphone] run data modify entity @s {} merge value {transformation:[-0.7739043326181012f,0.11400142578886424f,-0.6229572688981464f,-0.043549769651198f,0.26213812972133255f,0.9531059054539844f,-0.1512373430570059f,1.3253381084668479f,0.5765029790912908f,-0.2803440884107363f,-0.7674969102165949f,0.2528878693979534f,0f,0f,0f,1f],start_interpolation:0}
execute if entity @s[tag=aj.microphone.bone.right_bend] run data modify entity @s {} merge value {transformation:[-0.7739043326181012f,-0.6229572688981464f,-0.11400142578886438f,-0.3041278959396617f,0.26213812972133255f,-0.15123734305700567f,-0.9531059054539844f,1.1487680599097707f,0.5765029790912908f,-0.767496910216595f,0.28034408841073616f,-0.012400089508453532f,0f,0f,0f,1f],start_interpolation:0}