execute if entity @s[tag=aj.microphone.bone.left_straight] run data modify entity @s {} merge value {transformation:[0.5359881556500401f,-0.8442255012749073f,1.2246467991473532e-16f,0.8609956807011497f,-0.8442255012749073f,-0.5359881556500401f,0f,1.327009177830946f,6.56396179197715e-17f,-1.033878057894885e-16f,-1f,-0.007968749999999712f,0f,0f,0f,1f],start_interpolation:0}
execute if entity @s[tag=aj.microphone.bone.left_bend] run data modify entity @s {} merge value {transformation:[0.5359881556500401f,-0.8442255012749073f,1.2246467991473532e-16f,0.6075704691484081f,-0.8442255012749073f,-0.5359881556500401f,0f,1.5862462986406367f,6.56396179197715e-17f,-1.033878057894885e-16f,-1f,-0.06249999999999991f,0f,0f,0f,1f],start_interpolation:0}
execute if entity @s[tag=aj.microphone.bone.right_straight] run data modify entity @s {} merge value {transformation:[-0.9622118568053541f,0.1448729885233811f,-0.2305648711740299f,-0.03399092353445171f,0.16688873017765002f,0.9828110092900064f,-0.0789346043130035f,0.9866724810293168f,0.21516620172063328f,-0.11443049075601831f,-0.9698500752293895f,-0.036881049427338435f,0f,0f,0f,1f],start_interpolation:0}
execute if entity @s[tag=aj.microphone.bone.microphone] run data modify entity @s {} merge value {transformation:[-0.9622118568053541f,0.16195498675025138f,-0.21890391702735382f,-0.24984216011103916f,0.16688873017765002f,0.9859671635435515f,-0.004111466110188779f,1.266036042376847f,0.21516620172063328f,-0.04048869818368576f,-0.9757377572670365f,0.31660267729413855f,0f,0f,0f,1f],start_interpolation:0}
execute if entity @s[tag=aj.microphone.bone.right_bend] run data modify entity @s {} merge value {transformation:[-0.9622118568053541f,-0.2189039170273538f,-0.16195498675025144f,-0.35815971686313613f,0.16688873017765002f,-0.004111466110188561f,-0.9859671635435515f,1.1429389816564357f,0.21516620172063328f,-0.9757377572670365f,0.04048869818368554f,-0.060981834609400924f,0f,0f,0f,1f],start_interpolation:0}