execute if entity @s[tag=aj.microphone.bone.left_straight] run data modify entity @s {} merge value {transformation:[-0.9818471651983928f,-0.18967378361776832f,1.2246467991473532e-16f,0.06899967474558016f,-0.18967378361776832f,0.9818471651983928f,0f,0.9710093033586955f,-1.2024159881121143e-16f,-2.3228339198966765e-17f,-1f,-0.00796874999999981f,0f,0f,0f,1f],start_interpolation:0}
execute if entity @s[tag=aj.microphone.bone.left_bend] run data modify entity @s {} merge value {transformation:[-0.9818471651983928f,-0.18967378361776832f,1.2246467991473532e-16f,0.4030230573805525f,-0.18967378361776832f,0.9818471651983928f,0f,1.1119227608755022f,-1.2024159881121143e-16f,-2.3228339198966765e-17f,-1f,-0.06249999999999994f,0f,0f,0f,1f],start_interpolation:0}
execute if entity @s[tag=aj.microphone.bone.right_straight] run data modify entity @s {} merge value {transformation:[-0.796833442119083f,0.1322505577653358f,-0.5895475006234966f,-0.009416904917788127f,0.257458391468135f,0.9570522252815933f,-0.1332899649118078f,0.969475360191991f,0.5466000751768102f,-0.2579938527451924f,-0.7966602348318871f,-0.10099984115034377f,0f,0f,0f,1f],start_interpolation:0}
execute if entity @s[tag=aj.microphone.bone.microphone] run data modify entity @s {} merge value {transformation:[-0.796833442119083f,0.1219413927698522f,-0.5917658001692923f,-0.06135170310018412f,0.257458391468135f,0.9545802309504442f,-0.1499725286218684f,1.3246716387104587f,0.5466000751768102f,-0.2718581972425059f,-0.7920362860429818f,0.2604039757295369f,0f,0f,0f,1f],start_interpolation:0}
execute if entity @s[tag=aj.microphone.bone.right_bend] run data modify entity @s {} merge value {transformation:[-0.796833442119083f,-0.5917658001692923f,-0.12194139276985233f,-0.31072025165532124f,0.257458391468135f,-0.1499725286218682f,-0.9545802309504442f,1.148404538440063f,0.5466000751768102f,-0.7920362860429819f,0.2718581972425057f,-0.015641092043739993f,0f,0f,0f,1f],start_interpolation:0}