execute if entity @s[tag=aj.microphone.bone.left_straight] run data modify entity @s {} merge value {transformation:[0.9075536867444023f,-0.41993607332145627f,1.2246467991473532e-16f,0.8283731766792193f,-0.41993607332145627f,-0.9075536867444023f,0f,1.621480977607251f,1.111432717525912e-16f,-5.142733680396297e-17f,-1f,-0.007968749999999712f,0f,0f,0f,1f],start_interpolation:0}
execute if entity @s[tag=aj.microphone.bone.left_bend] run data modify entity @s {} merge value {transformation:[0.9075536867444023f,-0.41993607332145627f,1.2246467991473532e-16f,0.47498002291295494f,-0.41993607332145627f,-0.9075536867444023f,0f,1.7023605271076248f,1.111432717525912e-16f,-5.142733680396297e-17f,-1f,-0.06249999999999993f,0f,0f,0f,1f],start_interpolation:0}
execute if entity @s[tag=aj.microphone.bone.right_straight] run data modify entity @s {} merge value {transformation:[-0.9858028264563443f,0.12261812938479383f,-0.11470650241750278f,-0.04037781534959217f,0.1283803323590013f,0.9907374887996224f,-0.04424611339327257f,0.9945254395978931f,0.10821865649727398f,-0.058344002546893606f,-0.9924135729385875f,-0.02179066797927027f,0f,0f,0f,1f],start_interpolation:0}
execute if entity @s[tag=aj.microphone.bone.microphone] run data modify entity @s {} merge value {transformation:[-0.9858028264563443f,0.15492454101257527f,-0.06473927666205026f,-0.3179190162500191f,0.1283803323590013f,0.9439609480291773f,0.3040661422441658f,1.1388133044066178f,0.10821865649727398f,0.2914380125994201f,-0.9504486346973334f,0.3316638738974317f,0f,0f,0f,1f],start_interpolation:0}
execute if entity @s[tag=aj.microphone.bone.right_bend] run data modify entity @s {} merge value {transformation:[-0.9858028264563443f,-0.06473927666205023f,-0.1549245410125753f,-0.36489362778863393f,0.1283803323590013f,0.304066142244166f,-0.9439609480291772f,1.1418184448840654f,0.10821865649727398f,-0.9504486346973333f,-0.2914380125994203f,-0.07728599844597614f,0f,0f,0f,1f],start_interpolation:0}