execute if entity @s[tag=aj.microphone.bone.left_straight] run data modify entity @s {} merge value {transformation:[0.989186118497315f,-0.14666568437168864f,1.2246467991473532e-16f,0.7514349040985457f,-0.14666568437168864f,-0.989186118497315f,0f,1.7500391359921252f,1.211403613778731e-16f,-1.7961366091054447e-17f,-1f,-0.007968749999999726f,0f,0f,0f,1f],start_interpolation:0}
execute if entity @s[tag=aj.microphone.bone.left_bend] run data modify entity @s {} merge value {transformation:[0.989186118497315f,-0.14666568437168864f,1.2246467991473532e-16f,0.3895830263661526f,-0.14666568437168864f,-0.989186118497315f,0f,1.72787066203041f,1.211403613778731e-16f,-1.7961366091054447e-17f,-1f,-0.06249999999999994f,0f,0f,0f,1f],start_interpolation:0}
execute if entity @s[tag=aj.microphone.bone.right_straight] run data modify entity @s {} merge value {transformation:[-0.9942192853984101f,0.10044801947818925f,-0.037923711906722085f,-0.044202268328873584f,0.10110497757125449f,0.9947500176618088f,-0.015817265002113924f,1.0004979030402625f,0.03613580014598912f,-0.019560105949106836f,-0.9991554464661987f,-0.012461709490698074f,0f,0f,0f,1f],start_interpolation:0}
execute if entity @s[tag=aj.microphone.bone.microphone] run data modify entity @s {} merge value {transformation:[-0.9942192853984101f,0.10559321007945952f,0.019444447201961593f,-0.35951489850971313f,0.10110497757125449f,0.8597877161064298f,0.5005425723580414f,1.0511017008545225f,0.03613580014598912f,0.4996150089995338f,-0.8654935278384263f,0.3132210276822772f,0f,0f,0f,1f],start_interpolation:0}
execute if entity @s[tag=aj.microphone.bone.right_bend] run data modify entity @s {} merge value {transformation:[-0.9942192853984101f,0.019444447201961618f,-0.10559321007945952f,-0.36735751553210355f,0.10110497757125449f,0.5005425723580417f,-0.8597877161064297f,1.1415908618064934f,0.03613580014598912f,-0.8654935278384261f,-0.499615008999534f,-0.08828345323497341f,0f,0f,0f,1f],start_interpolation:0}