execute if entity @s[tag=aj.microphone.bone.left_straight] run data modify entity @s {} merge value {transformation:[-0.7947084042814909f,-0.6069913938140856f,1.2246467991473532e-16f,0.2970860279593665f,-0.6069913938140856f,0.7947084042814909f,0f,0.8955082333474886f,-9.732371035588286e-17f,-7.433500675444105e-17f,-1f,-0.007968749999999782f,0f,0f,0f,1f],start_interpolation:0}
execute if entity @s[tag=aj.microphone.bone.left_bend] run data modify entity @s {} merge value {transformation:[-0.7947084042814909f,-0.6069913938140856f,1.2246467991473532e-16f,0.5334348105669015f,-0.6069913938140856f,0.7947084042814909f,0f,1.1704036236620339f,-9.732371035588286e-17f,-7.433500675444105e-17f,-1f,-0.062499999999999924f,0f,0f,0f,1f],start_interpolation:0}
execute if entity @s[tag=aj.microphone.bone.right_straight] run data modify entity @s {} merge value {transformation:[-0.859258629882915f,0.14856751996841372f,-0.4894918783618075f,-0.01696412076734699f,0.23806606321642085f,0.9630947393728745f,-0.12559089352707856f,0.9731680552414446f,0.45276832543406864f,-0.22444646355585524f,-0.8629163508016866f,-0.07915804642597757f,0f,0f,0f,1f],start_interpolation:0}
execute if entity @s[tag=aj.microphone.bone.microphone] run data modify entity @s {} merge value {transformation:[-0.859258629882915f,0.14000208120659993f,-0.4920101871196939f,-0.1160904507906968f,0.23806606321642085f,0.9607561920605577f,-0.1423800862548264f,1.3210613262960345f,0.45276832543406864f,-0.23947224614789347f,-0.8588677935564426f,0.27947628132584396f,0f,0f,0f,1f],start_interpolation:0}
execute if entity @s[tag=aj.microphone.bone.right_bend] run data modify entity @s {} merge value {transformation:[-0.859258629882915f,-0.49201018711969385f,-0.14000208120660004f,-0.32867578621943333f,0.23806606321642085f,-0.14238008625482618f,-0.9607561920605577f,1.146964560189198f,0.45276832543406864f,-0.8588677935564426f,0.23947224614789328f,-0.027041963286080606f,0f,0f,0f,1f],start_interpolation:0}