execute if entity @s[tag=aj.microphone.bone.left_straight] run data modify entity @s {} merge value {transformation:[-0.6644220410010218f,-0.7473575793634775f,1.2246467991473532e-16f,0.3976888693357972f,-0.7473575793634775f,0.6644220410010218f,0f,0.8962080676816204f,-8.136823257948528e-17f,-9.152490673859966e-17f,-1f,-0.007968749999999768f,0f,0f,0f,1f],start_interpolation:0}
execute if entity @s[tag=aj.microphone.bone.left_bend] run data modify entity @s {} merge value {transformation:[-0.6644220410010218f,-0.7473575793634775f,1.2246467991473532e-16f,0.5772992435510864f,-0.7473575793634775f,0.6644220410010218f,0f,1.2111181121871806f,-8.136823257948528e-17f,-9.152490673859966e-17f,-1f,-0.06249999999999992f,0f,0f,0f,1f],start_interpolation:0}
execute if entity @s[tag=aj.microphone.bone.right_straight] run data modify entity @s {} merge value {transformation:[-0.8777886445144909f,0.15183465852277514f,-0.4543493502060776f,-0.019494188333435802f,0.22994473177493313f,0.9655810232811606f,-0.12156770873986625f,0.9746881115519261f,0.420252918955201f,-0.2111859937367513f,-0.8824896374230432f,-0.07240758897606134f,0f,0f,0f,1f],start_interpolation:0}
execute if entity @s[tag=aj.microphone.bone.microphone] run data modify entity @s {} merge value {transformation:[-0.8777886445144909f,0.14388204384454226f,-0.4569300307711564f,-0.13466469846813847f,0.22994473177493313f,0.9633123115518408f,-0.1384009058554298f,1.3192689591715667f,0.420252918955201f,-0.22655539691600088f,-0.8786695261802737f,0.28462760738419085f,0f,0f,0f,1f],start_interpolation:0}
execute if entity @s[tag=aj.microphone.bone.right_bend] run data modify entity @s {} merge value {transformation:[-0.8777886445144909f,-0.45693003077115635f,-0.14388204384454237f,-0.33400096100735144f,0.22994473177493313f,-0.13840090585542958f,-0.9633123115518408f,1.1463987870018064f,0.420252918955201f,-0.8786695261802737f,0.22655539691600068f,-0.03134169666143628f,0f,0f,0f,1f],start_interpolation:0}