execute if entity @s[tag=aj.evermore_microphone.bone.left_straight] run data modify entity @s {} merge value {transformation:[-0.8795726625392618f,0.39875851600773726f,0.2595064107587733f,-0.13689356265908198f,-0.17657962683684683f,0.2328776447524441f,-0.9563407541042653f,0.788029783011982f,-0.4417822616400006f,-0.8869947285558478f,-0.13442018008611853f,0.1318459118352745f,0f,0f,0f,1f],start_interpolation:0}
execute if entity @s[tag=aj.evermore_microphone.bone.left_bend] run data modify entity @s {} merge value {transformation:[-0.8795726625392618f,0.4748850236743827f,-0.02891618237899035f,0.2222266777306161f,-0.17657962683684683f,-0.38228628929346276f,-0.9070153407767674f,0.7884203684059499f,-0.4417822616400006f,-0.7926798895569489f,0.42010358959693517f,0.21955016782270093f,0f,0f,0f,1f],start_interpolation:0}
execute if entity @s[tag=aj.evermore_microphone.bone.right_straight] run data modify entity @s {} merge value {transformation:[-0.9880409245612773f,0.11849242019103647f,-0.09866447055230712f,0.03829685429132901f,0.12279167285040941f,0.9916782070543578f,-0.03868512287756384f,0.46571763925282655f,0.09325951142212924f,-0.05033765996473255f,-0.9943685350606085f,-0.019807928731319743f,0f,0f,0f,1f],start_interpolation:0}
execute if entity @s[tag=aj.evermore_microphone.bone.microphone] run data modify entity @s {} merge value {transformation:[-0.9880409245612773f,0.12413196095083026f,0.09146795975967638f,-0.3064856191082088f,0.12279167285040941f,0.27464955408145386f,0.9536717608912705f,0.24709259307437753f,0.09325951142212924f,0.9534982321500969f,-0.2866073704843364f,0.15777332924980111f,0f,0f,0f,1f],start_interpolation:0}
execute if entity @s[tag=aj.evermore_microphone.bone.right_bend] run data modify entity @s {} merge value {transformation:[-0.9880409245612773f,0.0914679597596764f,-0.12413196095083025f,-0.2860389690703916f,0.12279167285040941f,0.9536717608912706f,-0.27464955408145364f,0.6117305885730828f,0.09325951142212924f,-0.28660737048433615f,-0.953498232150097f,-0.0795738550429528f,0f,0f,0f,1f],start_interpolation:0}
execute if entity @s[tag=aj.evermore_microphone.bone.head] run data modify entity @s {} merge value {transformation:[-1f,-6.477337892484562e-17f,1.0393270519560694e-16f,0f,0f,0.8486749425872744f,0.5289147774684372f,0.9075f,-1.2246467991473532e-16f,0.5289147774684372f,-0.8486749425872744f,0f,0f,0f,0f,1f],start_interpolation:0}
execute if entity @s[tag=aj.evermore_microphone.bone.hair] run data modify entity @s {} merge value {transformation:[-1f,0f,1.2246467991473532e-16f,-0.010937499999999998f,0f,1f,0f,0.50125f,-1.2246467991473532e-16f,0f,-1f,-0.007968750000000002f,0f,0f,0f,1f],start_interpolation:0}
execute if entity @s[tag=aj.evermore_microphone.bone.outfit] run data modify entity @s {} merge value {transformation:[-1f,0f,1.2246467991473532e-16f,0f,0f,1f,0f,-0.53f,-1.2246467991473532e-16f,0f,-1f,0f,0f,0f,0f,1f],start_interpolation:0}
execute if entity @s[tag=aj.evermore_microphone.bone.chest] run data modify entity @s {} merge value {transformation:[-1f,0f,1.2246467991473532e-16f,-0.010937499999999998f,0f,1f,0f,0.15749999999999997f,-1.2246467991473532e-16f,0f,-1f,-0.007968750000000002f,0f,0f,0f,1f],start_interpolation:0}
execute if entity @s[tag=aj.evermore_microphone.bone.right_leg] run data modify entity @s {} merge value {transformation:[-1f,-1.0536694989501948e-16f,6.241316925488588e-17f,0.10625000000000001f,0f,0.5096422029465177f,0.8603864393258535f,0.26349999999999996f,-1.2246467991473532e-16f,0.8603864393258535f,-0.5096422029465177f,-0.062499999999999986f,0f,0f,0f,1f],start_interpolation:0}
execute if entity @s[tag=aj.evermore_microphone.bone.left_leg] run data modify entity @s {} merge value {transformation:[-1f,-1.0536694989501948e-16f,6.241316925488588e-17f,-0.10624999999999998f,0f,0.5096422029465177f,0.8603864393258535f,0.26349999999999996f,-1.2246467991473532e-16f,0.8603864393258535f,-0.5096422029465177f,-0.06250000000000001f,0f,0f,0f,1f],start_interpolation:0}