execute if entity @s[tag=aj.evermore_microphone.bone.left_straight] run data modify entity @s {} merge value {transformation:[-0.9959741080904985f,-0.048801014615413356f,0.07519333072714754f,0.0053004403839092f,-0.07532923039183705f,0.0009489927151261623f,-0.9971582655032251f,1.2669093562090066f,0.04859097716561698f,-0.998808069843918f,-0.004621315046351983f,0.34202474536406935f,0f,0f,0f,1f],start_interpolation:0}
execute if entity @s[tag=aj.evermore_microphone.bone.left_bend] run data modify entity @s {} merge value {transformation:[-0.9959741080904985f,0.010636294824252213f,0.08900811898780675f,0.36098868085518965f,-0.07532923039183705f,-0.6375385823356426f,-0.766726850372434f,1.1921089248529015f,0.04859097716561698f,-0.7703450040506986f,0.6357731448183541f,0.21718920553337956f,0f,0f,0f,1f],start_interpolation:0}
execute if entity @s[tag=aj.evermore_microphone.bone.right_straight] run data modify entity @s {} merge value {transformation:[-0.8754901086916285f,0.15148245928524476f,-0.45887921516670876f,0.00769785602795986f,0.23102452656624356f,0.9652528434630688f,-0.12212541222572512f,0.7953554649206669f,0.4244346094605899f,-0.21293194385848835f,-0.8800654802778496f,-0.07325494449453689f,0f,0f,0f,1f],start_interpolation:0}
execute if entity @s[tag=aj.evermore_microphone.bone.microphone] run data modify entity @s {} merge value {transformation:[-0.8754901086916285f,0.3317203562066207f,-0.3513953256110177f,-0.11657134220164769f,0.23102452656624356f,0.9260050834219353f,0.29856700018852994f,0.9565617432430216f,0.4244346094605899f,0.1802115167099132f,-0.887343829379091f,0.3610544588792411f,0f,0f,0f,1f],start_interpolation:0}
execute if entity @s[tag=aj.evermore_microphone.bone.right_bend] run data modify entity @s {} merge value {transformation:[-0.8754901086916285f,-0.35139532561101766f,-0.33172035620662077f,-0.3064710344626683f,0.23102452656624356f,0.29856700018853016f,-0.9260050834219352f,0.9673417744047801f,0.4244346094605899f,-0.887343829379091f,-0.1802115167099134f,-0.030780349373040763f,0f,0f,0f,1f],start_interpolation:0}
execute if entity @s[tag=aj.evermore_microphone.bone.head] run data modify entity @s {} merge value {transformation:[-1f,-2.159540638275297e-17f,1.205455774791524e-16f,0f,0f,0.9843293393905974f,0.1763398752831309f,1.258369140625f,-1.2246467991473532e-16f,0.1763398752831309f,-0.9843293393905974f,0f,0f,0f,0f,1f],start_interpolation:0}
execute if entity @s[tag=aj.evermore_microphone.bone.hair] run data modify entity @s {} merge value {transformation:[-1f,0f,1.2246467991473532e-16f,-0.010937499999999998f,0f,1f,0f,0.8521191406249999f,-1.2246467991473532e-16f,0f,-1f,-0.007968750000000002f,0f,0f,0f,1f],start_interpolation:0}
execute if entity @s[tag=aj.evermore_microphone.bone.outfit] run data modify entity @s {} merge value {transformation:[-1f,0f,1.2246467991473532e-16f,0f,0f,1f,0f,-0.17913085937500006f,-1.2246467991473532e-16f,0f,-1f,0f,0f,0f,0f,1f],start_interpolation:0}
execute if entity @s[tag=aj.evermore_microphone.bone.chest] run data modify entity @s {} merge value {transformation:[-1f,0f,1.2246467991473532e-16f,-0.010937499999999998f,0f,1f,0f,0.5083691406249999f,-1.2246467991473532e-16f,0f,-1f,-0.007968750000000002f,0f,0f,0f,1f],start_interpolation:0}
execute if entity @s[tag=aj.evermore_microphone.bone.right_leg] run data modify entity @s {} merge value {transformation:[-1f,-4.201120802250402e-17f,1.1503328312757343e-16f,0.10625000000000001f,0f,0.9393180401701461f,0.3430475468661973f,0.5441953125f,-1.2246467991473532e-16f,0.3430475468661973f,-0.9393180401701461f,-0.062499999999999986f,0f,0f,0f,1f],start_interpolation:0}
execute if entity @s[tag=aj.evermore_microphone.bone.left_leg] run data modify entity @s {} merge value {transformation:[-1f,-4.201120802250402e-17f,1.1503328312757343e-16f,-0.10624999999999998f,0f,0.9393180401701461f,0.3430475468661973f,0.5441953125f,-1.2246467991473532e-16f,0.3430475468661973f,-0.9393180401701461f,-0.06250000000000001f,0f,0f,0f,1f],start_interpolation:0}