execute if entity @s[tag=aj.evermore_microphone.bone.left_straight] run data modify entity @s {} merge value {transformation:[-0.9963584443811926f,-0.08313068294541591f,0.018950985813902404f,0.021533832954730048f,-0.08461206318031883f,0.9365941467630332f,-0.340047354075275f,1.0043521342469726f,0.010518986389369f,-0.34041253473139677f,-0.9402173456829468f,0.1244120373251688f,0f,0f,0f,1f],start_interpolation:0}
execute if entity @s[tag=aj.evermore_microphone.bone.left_bend] run data modify entity @s {} merge value {transformation:[-0.9963584443811926f,-0.07924188638773506f,0.03147338164232249f,0.3733772471137232f,-0.08461206318031883f,0.873379117908681f,-0.4796349811736256f,1.0436251748280958f,0.010518986389369f,-0.48055139146897463f,-0.8769034787720782f,0.048133755165243555f,0f,0f,0f,1f],start_interpolation:0}
execute if entity @s[tag=aj.evermore_microphone.bone.right_straight] run data modify entity @s {} merge value {transformation:[-0.7988027911691641f,0.1328576671426895f,-0.5867392445556673f,-0.0036351676521285126f,0.2570021869954978f,0.9571945261433952f,-0.13314846976459146f,0.9295643332518456f,0.543933798085653f,-0.25715263833475144f,-0.7987543701899806f,-0.10032424557124286f,0f,0f,0f,1f],start_interpolation:0}
execute if entity @s[tag=aj.evermore_microphone.bone.microphone] run data modify entity @s {} merge value {transformation:[-0.7988027911691641f,0.18172902927857545f,-0.5734881522209675f,-0.04136147027536974f,0.2570021869954978f,0.9650010293229386f,-0.05218131164699114f,1.2488336246393972f,0.543933798085653f,-0.18907028672728013f,-0.8175502736694426f,0.3008021760720783f,0f,0f,0f,1f],start_interpolation:0}
execute if entity @s[tag=aj.evermore_microphone.bone.right_bend] run data modify entity @s {} merge value {transformation:[-0.7988027911691641f,-0.5734881522209675f,-0.1817290292785756f,-0.30528664006642514f,0.2570021869954978f,-0.05218131164699093f,-0.9650010293229386f,1.1083693827362247f,0.543933798085653f,-0.8175502736694426f,0.18907028672727993f,-0.015940496531584192f,0f,0f,0f,1f],start_interpolation:0}
execute if entity @s[tag=aj.evermore_microphone.bone.head] run data modify entity @s {} merge value {transformation:[-1f,-4.98238503051724e-18f,1.2236328561307208e-16f,0f,0f,0.9991720526952438f,0.04068426124157733f,1.3975f,-1.2246467991473532e-16f,0.04068426124157733f,-0.9991720526952438f,0f,0f,0f,0f,1f],start_interpolation:0}
execute if entity @s[tag=aj.evermore_microphone.bone.hair] run data modify entity @s {} merge value {transformation:[-1f,0f,1.2246467991473532e-16f,-0.010937499999999998f,0f,1f,0f,0.99125f,-1.2246467991473532e-16f,0f,-1f,-0.007968750000000002f,0f,0f,0f,1f],start_interpolation:0}
execute if entity @s[tag=aj.evermore_microphone.bone.outfit] run data modify entity @s {} merge value {transformation:[-1f,0f,1.2246467991473532e-16f,0f,0f,1f,0f,-0.040000000000000036f,-1.2246467991473532e-16f,0f,-1f,0f,0f,0f,0f,1f],start_interpolation:0}
execute if entity @s[tag=aj.evermore_microphone.bone.chest] run data modify entity @s {} merge value {transformation:[-1f,0f,1.2246467991473532e-16f,-0.010937499999999998f,0f,1f,0f,0.6475f,-1.2246467991473532e-16f,0f,-1f,-0.007968750000000002f,0f,0f,0f,1f],start_interpolation:0}
execute if entity @s[tag=aj.evermore_microphone.bone.right_leg] run data modify entity @s {} merge value {transformation:[-1f,-9.565851001106088e-18f,1.2209050872710465e-16f,0.10625000000000001f,0f,0.996944660387867f,0.07811110115803353f,0.6555f,-1.2246467991473532e-16f,0.07811110115803353f,-0.996944660387867f,-0.062499999999999986f,0f,0f,0f,1f],start_interpolation:0}
execute if entity @s[tag=aj.evermore_microphone.bone.left_leg] run data modify entity @s {} merge value {transformation:[-1f,-9.565851001106088e-18f,1.2209050872710465e-16f,-0.10624999999999998f,0f,0.996944660387867f,0.07811110115803353f,0.6555f,-1.2246467991473532e-16f,0.07811110115803353f,-0.996944660387867f,-0.06250000000000001f,0f,0f,0f,1f],start_interpolation:0}