execute if entity @s[tag=aj.evermore_microphone.bone.left_straight] run data modify entity @s {} merge value {transformation:[-0.995578352219748f,0.06643315847046574f,0.06641069226449382f,-0.0387335037727955f,-0.09186743859461356f,-0.5410944974138643f,-0.8359288956571025f,1.3094026488376467f,-0.01959893664146663f,-0.838333692704806f,0.5448050122368995f,0.22569390975954867f,0f,0f,0f,1f],start_interpolation:0}
execute if entity @s[tag=aj.evermore_microphone.bone.left_bend] run data modify entity @s {} merge value {transformation:[-0.995578352219748f,0.09315942186176562f,-0.01204436423365289f,0.33121687134464517f,-0.09186743859461356f,-0.9923827965270469f,-0.08207776119767884f,1.1704833708568387f,-0.01959893664146663f,-0.08060835735542482f,0.9965531468050182f,0.18156260616834274f,0f,0f,0f,1f],start_interpolation:0}
execute if entity @s[tag=aj.evermore_microphone.bone.right_straight] run data modify entity @s {} merge value {transformation:[-0.9397970755050955f,0.1524729768555124f,-0.30583238579471633f,0.02037035794789671f,0.18997224415101688f,0.9770181133675154f,-0.09667550157101398f,0.6501806951336218f,0.28406337906230766f,-0.14895501831290903f,-0.9471643992439246f,-0.04766971510165179f,0f,0f,0f,1f],start_interpolation:0}
execute if entity @s[tag=aj.evermore_microphone.bone.microphone] run data modify entity @s {} merge value {transformation:[-0.9397970755050955f,0.32823205828387786f,-0.09510611329877193f,-0.21937539371275278f,0.18997224415101688f,0.7331403009090922f,0.6530052416597834f,0.6294236803075779f,0.28406337906230766f,0.5956248946255139f,-0.7513580914437863f,0.3360682407473508f,0f,0f,0f,1f],start_interpolation:0}
execute if entity @s[tag=aj.evermore_microphone.bone.right_bend] run data modify entity @s {} merge value {transformation:[-0.9397970755050955f,-0.09510611329877186f,-0.32823205828387786f,-0.3019638087440243f,0.18997224415101688f,0.6530052416597835f,-0.7331403009090921f,0.8119742434205656f,0.28406337906230766f,-0.7513580914437862f,-0.5956248946255142f,-0.05067077300809486f,0f,0f,0f,1f],start_interpolation:0}
execute if entity @s[tag=aj.evermore_microphone.bone.head] run data modify entity @s {} merge value {transformation:[-1f,-3.991974604417048e-17f,1.157756956463122e-16f,0f,0f,0.9453802984413118f,0.3259694637830611f,1.105478515625f,-1.2246467991473532e-16f,0.3259694637830611f,-0.9453802984413118f,0f,0f,0f,0f,1f],start_interpolation:0}
execute if entity @s[tag=aj.evermore_microphone.bone.hair] run data modify entity @s {} merge value {transformation:[-1f,0f,1.2246467991473532e-16f,-0.010937499999999998f,0f,1f,0f,0.699228515625f,-1.2246467991473532e-16f,0f,-1f,-0.007968750000000002f,0f,0f,0f,1f],start_interpolation:0}
execute if entity @s[tag=aj.evermore_microphone.bone.outfit] run data modify entity @s {} merge value {transformation:[-1f,0f,1.2246467991473532e-16f,0f,0f,1f,0f,-0.332021484375f,-1.2246467991473532e-16f,0f,-1f,0f,0f,0f,0f,1f],start_interpolation:0}
execute if entity @s[tag=aj.evermore_microphone.bone.chest] run data modify entity @s {} merge value {transformation:[-1f,0f,1.2246467991473532e-16f,-0.010937499999999998f,0f,1f,0f,0.355478515625f,-1.2246467991473532e-16f,0f,-1f,-0.007968750000000002f,0f,0f,0f,1f],start_interpolation:0}
execute if entity @s[tag=aj.evermore_microphone.bone.right_leg] run data modify entity @s {} merge value {transformation:[-1f,-7.401889146519967e-17f,9.756434560269222e-17f,0.10625000000000001f,0f,0.7966733401877204f,0.6044101165881829f,0.42188281250000004f,-1.2246467991473532e-16f,0.6044101165881829f,-0.7966733401877204f,-0.062499999999999986f,0f,0f,0f,1f],start_interpolation:0}
execute if entity @s[tag=aj.evermore_microphone.bone.left_leg] run data modify entity @s {} merge value {transformation:[-1f,-7.401889146519967e-17f,9.756434560269222e-17f,-0.10624999999999998f,0f,0.7966733401877204f,0.6044101165881829f,0.42188281250000004f,-1.2246467991473532e-16f,0.6044101165881829f,-0.7966733401877204f,-0.06250000000000001f,0f,0f,0f,1f],start_interpolation:0}