execute if entity @s[tag=aj.evermore_microphone.bone.left_straight] run data modify entity @s {} merge value {transformation:[-0.879572662539262f,-0.03165927906118815f,0.474710039248086f,0.018158010064068753f,-0.1765796268368468f,0.9482385335831136f,-0.2639380965573297f,0.37806985617074124f,-0.44178226164000006f,-0.3159768559206072f,-0.8396350753885727f,-0.0509672640514191f,0f,0f,0f,1f],start_interpolation:0}
execute if entity @s[tag=aj.evermore_microphone.bone.left_bend] run data modify entity @s {} merge value {transformation:[-0.879572662539262f,0.04150275684033284f,0.47395089670581464f,0.35562222964794554f,-0.1765796268368468f,0.8965557010175674f,-0.40621116473954555f,0.43816054990633235f,-0.44178226164000006f,-0.44098230820243844f,-0.7812573437432099f,0.05599132097022774f,0f,0f,0f,1f],start_interpolation:0}
execute if entity @s[tag=aj.evermore_microphone.bone.head] run data modify entity @s {} merge value {transformation:[-1f,-8.461808814855051e-17f,8.85289612765377e-17f,0f,0f,0.7228938281484507f,0.6909591255818814f,0.8125f,-1.2246467991473532e-16f,0.6909591255818814f,-0.7228938281484507f,0f,0f,0f,0f,1f],start_interpolation:0}