execute if entity @s[tag=aj.evermore_microphone.bone.left_straight] run data modify entity @s {} merge value {transformation:[-0.9627252457392836f,0.26231705153266227f,0.06595351159298914f,-0.10296099549611398f,-0.1395189885977068f,-0.27270624627588047f,-0.9519273895958619f,1.080978679002554f,-0.23172085153673355f,-0.9256462973065519f,0.2991393976823542f,0.1976870053969878f,0f,0f,0f,1f],start_interpolation:0}
execute if entity @s[tag=aj.evermore_microphone.bone.left_bend] run data modify entity @s {} merge value {transformation:[-0.9627252457392836f,0.22877509565581858f,-0.14429849903553058f,0.273362500902559f,-0.1395189885977068f,-0.8770584901236925f,-0.459676904708755f,1.0042033758277968f,-0.23172085153673355f,-0.42241018040480505f,0.8762848203943004f,0.21107804068693725f,0f,0f,0f,1f],start_interpolation:0}
execute if entity @s[tag=aj.evermore_microphone.bone.right_straight] run data modify entity @s {} merge value {transformation:[-0.9725995243715105f,0.13804245144997873f,-0.18706802717191343f,0.030402882624744998f,0.1528283355709978f,0.9859788569292213f,-0.06700144427655727f,0.5436045443909101f,0.17519607598034262f,-0.09375486806681758f,-0.9800593653829668f,-0.03103357039277608f,0f,0f,0f,1f],start_interpolation:0}
execute if entity @s[tag=aj.evermore_microphone.bone.microphone] run data modify entity @s {} merge value {transformation:[-0.9725995243715105f,0.22870902855871608f,0.04174141166802899f,-0.2810271198629816f,0.1528283355709978f,0.4936627609253888f,0.8561194883438413f,0.39966764768353713f,0.17519607598034262f,0.8390406776380097f,-0.5150893866406483f,0.2513698098177062f,0f,0f,0f,1f],start_interpolation:0}
execute if entity @s[tag=aj.evermore_microphone.bone.right_bend] run data modify entity @s {} merge value {transformation:[-0.9725995243715105f,0.04174141166802904f,-0.22870902855871608f,-0.29423893265864765f,0.1528283355709978f,0.8561194883438414f,-0.49366276092538863f,0.696561694657918f,0.17519607598034262f,-0.5150893866406481f,-0.8390406776380098f,-0.0670512824871341f,0f,0f,0f,1f],start_interpolation:0}
execute if entity @s[tag=aj.evermore_microphone.bone.head] run data modify entity @s {} merge value {transformation:[-1f,-5.3919156887725824e-17f,1.0995600186954501e-16f,0f,0f,0.8978588924259685f,0.4402833284279716f,0.9916308593750001f,-1.2246467991473532e-16f,0.4402833284279716f,-0.8978588924259685f,0f,0f,0f,0f,1f],start_interpolation:0}
execute if entity @s[tag=aj.evermore_microphone.bone.hair] run data modify entity @s {} merge value {transformation:[-1f,0f,1.2246467991473532e-16f,-0.010937499999999998f,0f,1f,0f,0.5853808593750001f,-1.2246467991473532e-16f,0f,-1f,-0.007968750000000002f,0f,0f,0f,1f],start_interpolation:0}
execute if entity @s[tag=aj.evermore_microphone.bone.outfit] run data modify entity @s {} merge value {transformation:[-1f,0f,1.2246467991473532e-16f,0f,0f,1f,0f,-0.445869140625f,-1.2246467991473532e-16f,0f,-1f,0f,0f,0f,0f,1f],start_interpolation:0}
execute if entity @s[tag=aj.evermore_microphone.bone.chest] run data modify entity @s {} merge value {transformation:[-1f,0f,1.2246467991473532e-16f,-0.010937499999999998f,0f,1f,0f,0.241630859375f,-1.2246467991473532e-16f,0f,-1f,-0.007968750000000002f,0f,0f,0f,1f],start_interpolation:0}
execute if entity @s[tag=aj.evermore_microphone.bone.right_leg] run data modify entity @s {} merge value {transformation:[-1f,-9.372724791061557e-17f,7.882132215156369e-17f,0.10625000000000001f,0f,0.6436249390962534f,0.7653410597722717f,0.3308046874999999f,-1.2246467991473532e-16f,0.7653410597722717f,-0.6436249390962534f,-0.062499999999999986f,0f,0f,0f,1f],start_interpolation:0}
execute if entity @s[tag=aj.evermore_microphone.bone.left_leg] run data modify entity @s {} merge value {transformation:[-1f,-9.372724791061557e-17f,7.882132215156369e-17f,-0.10624999999999998f,0f,0.6436249390962534f,0.7653410597722717f,0.3308046874999999f,-1.2246467991473532e-16f,0.7653410597722717f,-0.6436249390962534f,-0.06250000000000001f,0f,0f,0f,1f],start_interpolation:0}