execute if entity @s[tag=aj.evermore_microphone.bone.left_straight] run data modify entity @s {} merge value {transformation:[-0.8394916452149533f,0.3948092795431313f,0.37333551987578745f,-0.1273542413033687f,-0.18522132264618016f,0.4380002634476402f,-0.8796867799717112f,0.6721590047583048f,-0.5108295598842049f,-0.8076394009744892f,-0.2945704648162783f,0.0853387040156983f,0f,0f,0f,1f],start_interpolation:0}
execute if entity @s[tag=aj.evermore_microphone.bone.left_bend] run data modify entity @s {} merge value {transformation:[-0.8394916452149533f,0.5325044787595141f,0.10813305560904601f,0.21673872053754537f,-0.18522132264618016f,-0.09335187456108912f,-0.9782527736495975f,0.6952925780655332f,-0.5108295598842049f,-0.8412635779688725f,0.1769993026300406f,0.20580844019489963f,0f,0f,0f,1f],start_interpolation:0}
execute if entity @s[tag=aj.evermore_microphone.bone.right_straight] run data modify entity @s {} merge value {transformation:[-0.9915980815571939f,0.1099254044085151f,-0.06818834297529963f,0.04113853788782579f,0.11201314220062568f,0.9933239789309682f,-0.027577687631341184f,0.43892080505425074f,0.06470162769540727f,-0.034983972707138745f,-0.9972912418281789f,-0.01609368301241862f,0f,0f,0f,1f],start_interpolation:0}
execute if entity @s[tag=aj.evermore_microphone.bone.microphone] run data modify entity @s {} merge value {transformation:[-0.9915980815571939f,0.08554714257076207f,0.09703056760665887f,-0.31023506336130413f,0.11201314220062568f,0.1926618580763336f,0.9748509960075527f,0.19888663112378974f,0.06470162769540727f,0.9775290762123409f,-0.20062553310337272f,0.12054265001186348f,0f,0f,0f,1f],start_interpolation:0}
execute if entity @s[tag=aj.evermore_microphone.bone.right_bend] run data modify entity @s {} merge value {transformation:[-0.9915980815571939f,0.09703056760665889f,-0.08554714257076204f,-0.28270388881909636f,0.11201314220062568f,0.9748509960075527f,-0.19266185807633338f,0.5824793406213451f,0.06470162769540727f,-0.2006255331033725f,-0.9775290762123409f,-0.08393543389795766f,0f,0f,0f,1f],start_interpolation:0}
execute if entity @s[tag=aj.evermore_microphone.bone.head] run data modify entity @s {} merge value {transformation:[-1f,-6.876548066082972e-17f,1.0133561316784751e-16f,0f,0f,0.827468076823467f,0.5615127619547687f,0.878359375f,-1.2246467991473532e-16f,0.5615127619547687f,-0.827468076823467f,0f,0f,0f,0f,1f],start_interpolation:0}
execute if entity @s[tag=aj.evermore_microphone.bone.hair] run data modify entity @s {} merge value {transformation:[-1f,0f,1.2246467991473532e-16f,-0.010937499999999998f,0f,1f,0f,0.47210937500000005f,-1.2246467991473532e-16f,0f,-1f,-0.007968750000000002f,0f,0f,0f,1f],start_interpolation:0}
execute if entity @s[tag=aj.evermore_microphone.bone.outfit] run data modify entity @s {} merge value {transformation:[-1f,0f,1.2246467991473532e-16f,0f,0f,1f,0f,-0.559140625f,-1.2246467991473532e-16f,0f,-1f,0f,0f,0f,0f,1f],start_interpolation:0}
execute if entity @s[tag=aj.evermore_microphone.bone.chest] run data modify entity @s {} merge value {transformation:[-1f,0f,1.2246467991473532e-16f,-0.010937499999999998f,0f,1f,0f,0.12835937500000005f,-1.2246467991473532e-16f,0f,-1f,-0.007968750000000002f,0f,0f,0f,1f],start_interpolation:0}
execute if entity @s[tag=aj.evermore_microphone.bone.right_leg] run data modify entity @s {} merge value {transformation:[-1f,-1.0874937898919883e-16f,5.631314585496162e-17f,0.10625000000000001f,0f,0.45983173184438997f,0.8880060688919807f,0.2401875000000001f,-1.2246467991473532e-16f,0.8880060688919807f,-0.45983173184438997f,-0.062499999999999986f,0f,0f,0f,1f],start_interpolation:0}
execute if entity @s[tag=aj.evermore_microphone.bone.left_leg] run data modify entity @s {} merge value {transformation:[-1f,-1.0874937898919883e-16f,5.631314585496162e-17f,-0.10624999999999998f,0f,0.45983173184438997f,0.8880060688919807f,0.2401875000000001f,-1.2246467991473532e-16f,0.8880060688919807f,-0.45983173184438997f,-0.06250000000000001f,0f,0f,0f,1f],start_interpolation:0}