execute if entity @s[tag=aj.evermore_microphone.bone.left_straight] run data modify entity @s {} merge value {transformation:[-0.996043090006683f,-0.02742336996365641f,0.08453473623177112f,-0.00351726246096723f,-0.07591285357190573f,-0.2320584658498308f,-0.9697350705682422f,1.3185637277074485f,0.046210404807890265f,-0.9723151892299429f,0.2290584451187767f,0.3181715454465181f,0f,0f,0f,1f],start_interpolation:0}
execute if entity @s[tag=aj.evermore_microphone.bone.left_bend] run data modify entity @s {} merge value {transformation:[-0.996043090006683f,0.04111075144006912f,0.07879130006524543f,0.35564282994232566f,-0.07591285357190573f,-0.8545611926283092f,-0.5137727189295404f,1.2119938132426429f,0.046210404807890265f,-0.5177210389483076f,0.8543006053595985f,0.20913553746471347f,0f,0f,0f,1f],start_interpolation:0}
execute if entity @s[tag=aj.evermore_microphone.bone.right_straight] run data modify entity @s {} merge value {transformation:[-0.8930424473535389f,0.15372656384075797f,-0.42289872403982853f,0.01070784206685288f,0.22219612868432037f,0.9679113930447183f,-0.11737297649771741f,0.7600707281170624f,0.3912851487374682f,-0.19878550949187956f,-0.8985434066273877f,-0.06669650849343561f,0f,0f,0f,1f],start_interpolation:0}
execute if entity @s[tag=aj.evermore_microphone.bone.microphone] run data modify entity @s {} merge value {transformation:[-0.8930424473535389f,0.3468875344923381f,-0.2866081395191501f,-0.14121103756325995f,0.22219612868432037f,0.8938310108817367f,0.389480428755841f,0.8771121324902315f,0.3912851487374682f,0.2841393362418511f,-0.8753061007313598f,0.36444391565184725f,0f,0f,0f,1f],start_interpolation:0}
execute if entity @s[tag=aj.evermore_microphone.bone.right_bend] run data modify entity @s {} merge value {transformation:[-0.8930424473535389f,-0.28660813951915004f,-0.34688753449233817f,-0.30597078569445546f,0.22219612868432037f,0.3894804287558412f,-0.8938310108817366f,0.9298172851688841f,0.3912851487374682f,-0.8753061007313597f,-0.28413933624185134f,-0.0352922616296769f,0f,0f,0f,1f],start_interpolation:0}
execute if entity @s[tag=aj.evermore_microphone.bone.head] run data modify entity @s {} merge value {transformation:[-1f,-2.599471433363046e-17f,1.196740266445962e-16f,0f,0f,0.9772125867467905f,0.21226295085022875f,1.221435546875f,-1.2246467991473532e-16f,0.21226295085022875f,-0.9772125867467905f,0f,0f,0f,0f,1f],start_interpolation:0}
execute if entity @s[tag=aj.evermore_microphone.bone.hair] run data modify entity @s {} merge value {transformation:[-1f,0f,1.2246467991473532e-16f,-0.010937499999999998f,0f,1f,0f,0.815185546875f,-1.2246467991473532e-16f,0f,-1f,-0.007968750000000002f,0f,0f,0f,1f],start_interpolation:0}
execute if entity @s[tag=aj.evermore_microphone.bone.outfit] run data modify entity @s {} merge value {transformation:[-1f,0f,1.2246467991473532e-16f,0f,0f,1f,0f,-0.216064453125f,-1.2246467991473532e-16f,0f,-1f,0f,0f,0f,0f,1f],start_interpolation:0}
execute if entity @s[tag=aj.evermore_microphone.bone.chest] run data modify entity @s {} merge value {transformation:[-1f,0f,1.2246467991473532e-16f,-0.010937499999999998f,0f,1f,0f,0.471435546875f,-1.2246467991473532e-16f,0f,-1f,-0.007968750000000002f,0f,0f,0f,1f],start_interpolation:0}
execute if entity @s[tag=aj.evermore_microphone.bone.right_leg] run data modify entity @s {} merge value {transformation:[-1f,-5.0199570017876455e-17f,1.1170318257166576e-16f,0.10625000000000001f,0f,0.9121257055457775f,0.4099105966947152f,0.5146484375f,-1.2246467991473532e-16f,0.4099105966947152f,-0.9121257055457775f,-0.062499999999999986f,0f,0f,0f,1f],start_interpolation:0}
execute if entity @s[tag=aj.evermore_microphone.bone.left_leg] run data modify entity @s {} merge value {transformation:[-1f,-5.0199570017876455e-17f,1.1170318257166576e-16f,-0.10624999999999998f,0f,0.9121257055457775f,0.4099105966947152f,0.5146484375f,-1.2246467991473532e-16f,0.4099105966947152f,-0.9121257055457775f,-0.06250000000000001f,0f,0f,0f,1f],start_interpolation:0}