execute if entity @s[tag=aj.evermore_microphone.bone.left_straight] run data modify entity @s {} merge value {transformation:[-0.9348606196057501f,0.33441772149690974f,0.11916547091825025f,-0.12391848518247783f,-0.15647373279954346f,-0.08683537419238219f,-0.9838575042823254f,0.9693883005526055f,-0.3186716066017337f,-0.9384159021125358f,0.1335065609181272f,0.18082704695198853f,0f,0f,0f,1f],start_interpolation:0}
execute if entity @s[tag=aj.evermore_microphone.bone.left_bend] run data modify entity @s {} merge value {transformation:[-0.9348606196057501f,0.3263046578086677f,-0.13986025955474746f,0.2493924373239364f,-0.15647373279954346f,-0.7323461934141237f,-0.6627103620252366f,0.9245418298352177f,-0.3186716066017337f,-0.5976573627792192f,0.7356997239782401f,0.22071486278736835f,0f,0f,0f,1f],start_interpolation:0}
execute if entity @s[tag=aj.evermore_microphone.bone.right_straight] run data modify entity @s {} merge value {transformation:[-0.9800055142602269f,0.13077539359413215f,-0.14995662189396006f,0.03365994223466062f,0.14044878294504387f,0.9885144246829213f,-0.05579759459913242f,0.5108381530669546f,0.1409373314235949f,-0.07574317542916324f,-0.9871168319844935f,-0.02622651039146004f,0f,0f,0f,1f],start_interpolation:0}
execute if entity @s[tag=aj.evermore_microphone.bone.microphone] run data modify entity @s {} merge value {transformation:[-0.9800055142602269f,0.1867939443887748f,0.06853622661944263f,-0.2942005152281836f,0.14044878294504387f,0.40544182566028164f,0.9032668849097224f,0.3334528434610228f,0.1409373314235949f,0.8948323576765321f,-0.42357020700971715f,0.21489835185583084f,0f,0f,0f,1f],start_interpolation:0}
execute if entity @s[tag=aj.evermore_microphone.bone.right_bend] run data modify entity @s {} merge value {transformation:[-0.9800055142602269f,0.06853622661944267f,-0.18679394438877478f,-0.29105805077755426f,0.14044878294504387f,0.9032668849097225f,-0.4054418256602814f,0.6609136414288396f,0.1409373314235949f,-0.4235702070097169f,-0.8948323576765322f,-0.07228133033327942f,0f,0f,0f,1f],start_interpolation:0}
execute if entity @s[tag=aj.evermore_microphone.bone.head] run data modify entity @s {} merge value {transformation:[-1f,-5.838940703550696e-17f,1.0764885030812205e-16f,0f,0f,0.8790195702391201f,0.47678569099400686f,0.956337890625f,-1.2246467991473532e-16f,0.47678569099400686f,-0.8790195702391201f,0f,0f,0f,0f,1f],start_interpolation:0}
execute if entity @s[tag=aj.evermore_microphone.bone.hair] run data modify entity @s {} merge value {transformation:[-1f,0f,1.2246467991473532e-16f,-0.010937499999999998f,0f,1f,0f,0.550087890625f,-1.2246467991473532e-16f,0f,-1f,-0.007968750000000002f,0f,0f,0f,1f],start_interpolation:0}
execute if entity @s[tag=aj.evermore_microphone.bone.outfit] run data modify entity @s {} merge value {transformation:[-1f,0f,1.2246467991473532e-16f,0f,0f,1f,0f,-0.48116210937500004f,-1.2246467991473532e-16f,0f,-1f,0f,0f,0f,0f,1f],start_interpolation:0}
execute if entity @s[tag=aj.evermore_microphone.bone.chest] run data modify entity @s {} merge value {transformation:[-1f,0f,1.2246467991473532e-16f,-0.010937499999999998f,0f,1f,0f,0.20633789062499996f,-1.2246467991473532e-16f,0f,-1f,-0.007968750000000002f,0f,0f,0f,1f],start_interpolation:0}
execute if entity @s[tag=aj.evermore_microphone.bone.right_leg] run data modify entity @s {} merge value {transformation:[-1f,-9.893782426692322e-17f,7.217274247211336e-17f,0.10625000000000001f,0f,0.5893351660443062f,0.8078886445937521f,0.3025703125f,-1.2246467991473532e-16f,0.8078886445937521f,-0.5893351660443062f,-0.062499999999999986f,0f,0f,0f,1f],start_interpolation:0}
execute if entity @s[tag=aj.evermore_microphone.bone.left_leg] run data modify entity @s {} merge value {transformation:[-1f,-9.893782426692322e-17f,7.217274247211336e-17f,-0.10624999999999998f,0f,0.5893351660443062f,0.8078886445937521f,0.3025703125f,-1.2246467991473532e-16f,0.8078886445937521f,-0.5893351660443062f,-0.06250000000000001f,0f,0f,0f,1f],start_interpolation:0}