execute if entity @s[tag=aj.evermore_microphone.bone.left_straight] run data modify entity @s {} merge value {transformation:[-0.9960117240598823f,-0.057006407436511565f,0.06863610599708646f,0.008824261849005088f,-0.075641207322117f,0.13153066544084635f,-0.9884220211041136f,1.2336027647579422f,0.04731863575921607f,-0.9896716392621699f,-0.1353181183360752f,0.34516015497545194f,0f,0f,0f,1f],start_interpolation:0}
execute if entity @s[tag=aj.evermore_microphone.bone.left_bend] run data modify entity @s {} merge value {transformation:[-0.9960117240598823f,-0.004936479474978286f,0.08908578284807273f,0.3631535159525886f,-0.075641207322117f,-0.4828133161777863f,-0.8724504051671141f,1.1766228104350072f,0.04731863575921607f,-0.8757093883771044f,0.4805143221778977f,0.21663909395988573f,0f,0f,0f,1f],start_interpolation:0}
execute if entity @s[tag=aj.evermore_microphone.bone.right_straight] run data modify entity @s {} merge value {transformation:[-0.8665522273043615f,0.1499654904901412f,-0.47602267699753703f,0.006245897189825045f,0.23502397782456258f,0.9640307061196652f,-0.12413109000544219f,0.8124882072607517f,0.4402850976371669f,-0.21944281560459214f,-0.870628441689197f,-0.07652183579972616f,0f,0f,0f,1f],start_interpolation:0}
execute if entity @s[tag=aj.evermore_microphone.bone.microphone] run data modify entity @s {} merge value {transformation:[-0.8665522273043615f,0.320569185118719f,-0.3825214175783764f,-0.10508599057680917f,0.23502397782456258f,0.9382487002944232f,0.2538761632043178f,0.9948884020470575f,0.4402850976371669f,0.13009524952182663f,-0.8883829460601347f,0.35735995210625f,0f,0f,0f,1f],start_interpolation:0}
execute if entity @s[tag=aj.evermore_microphone.bone.right_bend] run data modify entity @s {} merge value {transformation:[-0.8665522273043615f,-0.3825214175783763f,-0.3205691851187191f,-0.3065848606987436f,0.23502397782456258f,0.253876163204318f,-0.9382487002944231f,0.9854998632977979f,0.4402850976371669f,-0.8883829460601347f,-0.13009524952182683f,-0.028674605712760252f,0f,0f,0f,1f],start_interpolation:0}
execute if entity @s[tag=aj.evermore_microphone.bone.head] run data modify entity @s {} merge value {transformation:[-1f,-1.9468724207774375e-17f,1.209072644812552e-16f,0f,0f,0.9872827378917378f,0.15897419746925612f,1.27625f,-1.2246467991473532e-16f,0.15897419746925612f,-0.9872827378917378f,0f,0f,0f,0f,1f],start_interpolation:0}
execute if entity @s[tag=aj.evermore_microphone.bone.hair] run data modify entity @s {} merge value {transformation:[-1f,0f,1.2246467991473532e-16f,-0.010937499999999998f,0f,1f,0f,0.87f,-1.2246467991473532e-16f,0f,-1f,-0.007968750000000002f,0f,0f,0f,1f],start_interpolation:0}
execute if entity @s[tag=aj.evermore_microphone.bone.outfit] run data modify entity @s {} merge value {transformation:[-1f,0f,1.2246467991473532e-16f,0f,0f,1f,0f,-0.16125f,-1.2246467991473532e-16f,0f,-1f,0f,0f,0f,0f,1f],start_interpolation:0}
execute if entity @s[tag=aj.evermore_microphone.bone.chest] run data modify entity @s {} merge value {transformation:[-1f,0f,1.2246467991473532e-16f,-0.010937499999999998f,0f,1f,0f,0.52625f,-1.2246467991473532e-16f,0f,-1f,-0.007968750000000002f,0f,0f,0f,1f],start_interpolation:0}
execute if entity @s[tag=aj.evermore_microphone.bone.right_leg] run data modify entity @s {} merge value {transformation:[-1f,-3.7965614501836746e-17f,1.1643113819814912e-16f,0.10625000000000001f,0f,0.9507323930394708f,0.3100127688103205f,0.5585f,-1.2246467991473532e-16f,0.3100127688103205f,-0.9507323930394708f,-0.062499999999999986f,0f,0f,0f,1f],start_interpolation:0}
execute if entity @s[tag=aj.evermore_microphone.bone.left_leg] run data modify entity @s {} merge value {transformation:[-1f,-3.7965614501836746e-17f,1.1643113819814912e-16f,-0.10624999999999998f,0f,0.9507323930394708f,0.3100127688103205f,0.5585f,-1.2246467991473532e-16f,0.3100127688103205f,-0.9507323930394708f,-0.06250000000000001f,0f,0f,0f,1f],start_interpolation:0}