execute if entity @s[tag=aj.evermore_microphone.bone.left_straight] run data modify entity @s {} merge value {transformation:[-0.8033470805160629f,0.08261986559428494f,0.5897520038418697f,-0.005362279497828415f,-0.1902402759762352f,0.9028316698870226f,-0.38562107469055185f,0.39745527926267704f,-0.5643067478090301f,-0.4219821485065365f,-0.7095695601694051f,-0.06044075198924458f,0f,0f,0f,1f],start_interpolation:0}
execute if entity @s[tag=aj.evermore_microphone.bone.left_bend] run data modify entity @s {} merge value {transformation:[-0.8033470805160629f,0.21290883776513048f,0.5561504248203175f,0.31276755040214316f,-0.1902402759762352f,0.7932155994357177f,-0.5784614509267846f,0.4551881237923665f,-0.5643067478090301f,-0.5705075280952359f,-0.5967235999722647f,0.09574330568995122f,0f,0f,0f,1f],start_interpolation:0}
execute if entity @s[tag=aj.evermore_microphone.bone.head] run data modify entity @s {} merge value {transformation:[-1f,-8.20568813299404e-17f,9.090800873972906e-17f,0f,0f,0.7423202249254459f,0.6700452847880025f,0.8125f,-1.2246467991473532e-16f,0.6700452847880025f,-0.7423202249254459f,0f,0f,0f,0f,1f],start_interpolation:0}