execute if entity @s[tag=aj.evermore_microphone.bone.left_straight] run data modify entity @s {} merge value {transformation:[-0.9732204614233662f,-0.10420739496890156f,0.20489693092061087f,0.02776794737508459f,-0.13058031537801099f,0.9841866302745f,-0.11968900544621333f,0.3725892662362318f,-0.18918434053237446f,-0.14323929496726742f,-0.971438000942217f,-0.02112236549388013f,0f,0f,0f,1f],start_interpolation:0}
execute if entity @s[tag=aj.evermore_microphone.bone.left_bend] run data modify entity @s {} merge value {transformation:[-0.9732204614233662f,-0.09114999280525943f,0.2110298847995027f,0.3828277731133381f,-0.13058031537801099f,0.9747410886660763f,-0.18118662009610784f,0.4246800136470624f,-0.18918434053237446f,-0.2038908749249786f,-0.9605403668871273f,-0.008785264387274672f,0f,0f,0f,1f],start_interpolation:0}
execute if entity @s[tag=aj.evermore_microphone.bone.head] run data modify entity @s {} merge value {transformation:[-1f,-8.783907314031016e-17f,8.533402051040266e-17f,0f,0f,0.6968051569629343f,0.7172604640086198f,0.8125f,-1.2246467991473532e-16f,0.7172604640086198f,-0.6968051569629343f,0f,0f,0f,0f,1f],start_interpolation:0}