execute if entity @s[tag=aj.evermore_microphone.bone.left_straight] run data modify entity @s {} merge value {transformation:[-0.7676188908818328f,0.21836049030127863f,0.602561145973361f,-0.04598792784275535f,-0.19318061300474632f,0.8176143501309268f,-0.5423910261233059f,0.4379829512924314f,-0.6110994101784547f,-0.5327527294490076f,-0.5854332072441545f,-0.04088323480364736f,0f,0f,0f,1f],start_interpolation:0}
execute if entity @s[tag=aj.evermore_microphone.bone.left_bend] run data modify entity @s {} merge value {transformation:[-0.7676188908818328f,0.38944773212415384f,0.50901051296088f,0.2618648161370205f,-0.19318061300474632f,0.6166725377405087f,-0.7631488923898084f,0.4871446187009024f,-0.6110994101784547f,-0.684138469273607f,-0.39813573783260203f,0.1372822735433779f,0f,0f,0f,1f],start_interpolation:0}
execute if entity @s[tag=aj.evermore_microphone.bone.right_straight] run data modify entity @s {} merge value {transformation:[-0.9961946980917455f,0.08715574274765818f,1.2246467991473532e-16f,0.0477731976439415f,0.08715574274765818f,0.9961946980917455f,0f,0.37871803385624364f,-1.2199866483456202e-16f,1.0673500138322974e-17f,-1f,-0.00796874999999999f,0f,0f,0f,1f],start_interpolation:0}
execute if entity @s[tag=aj.evermore_microphone.bone.microphone] run data modify entity @s {} merge value {transformation:[-0.9961946980917455f,-1.031122174493839e-16f,0.08715574274765818f,-0.30821174524856504f,0.08715574274765818f,2.2119965816619248e-16f,0.9961946980917455f,0.10041953113756297f,-1.2199866483456202e-16f,1f,-2.1137110478670833e-16f,0.02987437499999998f,0f,0f,0f,1f],start_interpolation:0}
execute if entity @s[tag=aj.evermore_microphone.bone.right_bend] run data modify entity @s {} merge value {transformation:[-0.9961946980917455f,0.08715574274765818f,1.2246467991473532e-16f,-0.27424019095169244f,0.08715574274765818f,0.9961946980917455f,0f,0.5166833495932333f,-1.2199866483456202e-16f,1.0673500138322974e-17f,-1f,-0.09375000000000003f,0f,0f,0f,1f],start_interpolation:0}
execute if entity @s[tag=aj.evermore_microphone.bone.head] run data modify entity @s {} merge value {transformation:[-1f,-7.917629576785344e-17f,9.342757630967406e-17f,0f,0f,0.7628940554511062f,0.646523518642102f,0.8125f,-1.2246467991473532e-16f,0.646523518642102f,-0.7628940554511062f,0f,0f,0f,0f,1f],start_interpolation:0}
execute if entity @s[tag=aj.evermore_microphone.bone.hair] run data modify entity @s {} merge value {transformation:[-1f,0f,1.2246467991473532e-16f,-0.010937499999999998f,0f,1f,0f,0.40625f,-1.2246467991473532e-16f,0f,-1f,-0.007968750000000002f,0f,0f,0f,1f],start_interpolation:0}
execute if entity @s[tag=aj.evermore_microphone.bone.outfit] run data modify entity @s {} merge value {transformation:[-1f,0f,1.2246467991473532e-16f,0f,0f,1f,0f,-0.625f,-1.2246467991473532e-16f,0f,-1f,0f,0f,0f,0f,1f],start_interpolation:0}
execute if entity @s[tag=aj.evermore_microphone.bone.chest] run data modify entity @s {} merge value {transformation:[-1f,0f,1.2246467991473532e-16f,-0.010937499999999998f,0f,1f,0f,0.0625f,-1.2246467991473532e-16f,0f,-1f,-0.007968750000000002f,0f,0f,0f,1f],start_interpolation:0}
execute if entity @s[tag=aj.evermore_microphone.bone.right_leg] run data modify entity @s {} merge value {transformation:[-1f,-1.1507915602278503e-16f,4.1885387376769936e-17f,0.10625000000000001f,0f,0.3420201433256689f,0.9396926207859083f,0.1875f,-1.2246467991473532e-16f,0.9396926207859083f,-0.3420201433256689f,-0.062499999999999986f,0f,0f,0f,1f],start_interpolation:0}
execute if entity @s[tag=aj.evermore_microphone.bone.left_leg] run data modify entity @s {} merge value {transformation:[-1f,-1.1507915602278503e-16f,4.1885387376769936e-17f,-0.10624999999999998f,0f,0.3420201433256689f,0.9396926207859083f,0.1875f,-1.2246467991473532e-16f,0.9396926207859083f,-0.3420201433256689f,-0.06250000000000001f,0f,0f,0f,1f],start_interpolation:0}