execute if entity @s[tag=aj.evermore_microphone.bone.left_straight] run data modify entity @s {} merge value {transformation:[-0.7774091015061908f,0.28778486921522695f,0.5592986303810441f,-0.07400318094934377f,-0.19255321447744012f,0.7376173468570599f,-0.6471815117955368f,0.4928093016480226f,-0.5987974185730447f,-0.6108195467290862f,-0.5180165372301656f,-0.009945295746773372f,0f,0f,0f,1f],start_interpolation:0}
execute if entity @s[tag=aj.evermore_microphone.bone.left_bend] run data modify entity @s {} merge value {transformation:[-0.7774091015061908f,0.47820552754798296f,0.40860073705010913f,0.24068932924826414f,-0.19255321447744012f,0.4374870490912871f,-0.8783668604130068f,0.5385792226136914f,-0.5987974185730447f,-0.7615277771033391f,-0.24802640224440814f,0.15910942935452288f,0f,0f,0f,1f],start_interpolation:0}
execute if entity @s[tag=aj.evermore_microphone.bone.right_straight] run data modify entity @s {} merge value {transformation:[-0.9954202609833019f,0.09380722712325784f,-0.018404025738423382f,0.04594159962679123f,0.0939637362815477f,0.9955448278748752f,-0.007830195118693633f,0.3950216885448495f,0.01758750374404476f,-0.009523645889604223f,-0.9997999699344977f,-0.010142586197102711f,0f,0f,0f,1f],start_interpolation:0}
execute if entity @s[tag=aj.evermore_microphone.bone.microphone] run data modify entity @s {} merge value {transformation:[-0.9954202609833019f,0.022648358445578567f,0.09287387083381214f,-0.31022693626542697f,0.0939637362815477f,0.053067610809185886f,0.9941602712576159f,0.1256397227234835f,0.01758750374404476f,0.9983340525809612f,-0.054952699381630415f,0.05523104841893661f,0f,0f,0f,1f],start_interpolation:0}
execute if entity @s[tag=aj.evermore_microphone.bone.right_bend] run data modify entity @s {} merge value {transformation:[-0.9954202609833019f,0.09287387083381214f,-0.022648358445578547f,-0.2766652608479818f,0.0939637362815477f,0.9941602712576159f,-0.053067610809185664f,0.5345100261498411f,0.01758750374404476f,-0.05495269938163019f,-0.9983340525809612f,-0.0910949850474069f,0f,0f,0f,1f],start_interpolation:0}
execute if entity @s[tag=aj.evermore_microphone.bone.head] run data modify entity @s {} merge value {transformation:[-1f,-7.598930652819482e-17f,9.603761304813142e-17f,0f,0f,0.7842066227992965f,0.6204997765976406f,0.8303906249999999f,-1.2246467991473532e-16f,0.6204997765976406f,-0.7842066227992965f,0f,0f,0f,0f,1f],start_interpolation:0}
execute if entity @s[tag=aj.evermore_microphone.bone.hair] run data modify entity @s {} merge value {transformation:[-1f,0f,1.2246467991473532e-16f,-0.010937499999999998f,0f,1f,0f,0.42414062499999994f,-1.2246467991473532e-16f,0f,-1f,-0.007968750000000002f,0f,0f,0f,1f],start_interpolation:0}
execute if entity @s[tag=aj.evermore_microphone.bone.outfit] run data modify entity @s {} merge value {transformation:[-1f,0f,1.2246467991473532e-16f,0f,0f,1f,0f,-0.6071093750000001f,-1.2246467991473532e-16f,0f,-1f,0f,0f,0f,0f,1f],start_interpolation:0}
execute if entity @s[tag=aj.evermore_microphone.bone.chest] run data modify entity @s {} merge value {transformation:[-1f,0f,1.2246467991473532e-16f,-0.010937499999999998f,0f,1f,0f,0.08039062499999994f,-1.2246467991473532e-16f,0f,-1f,-0.007968750000000002f,0f,0f,0f,1f],start_interpolation:0}
execute if entity @s[tag=aj.evermore_microphone.bone.right_leg] run data modify entity @s {} merge value {transformation:[-1f,-1.1354427114624476e-16f,4.588350811006749e-17f,0.10625000000000001f,0f,0.3746672766548965f,0.927159334636719f,0.20181249999999995f,-1.2246467991473532e-16f,0.927159334636719f,-0.3746672766548965f,-0.062499999999999986f,0f,0f,0f,1f],start_interpolation:0}
execute if entity @s[tag=aj.evermore_microphone.bone.left_leg] run data modify entity @s {} merge value {transformation:[-1f,-1.1354427114624476e-16f,4.588350811006749e-17f,-0.10624999999999998f,0f,0.3746672766548965f,0.927159334636719f,0.20181249999999995f,-1.2246467991473532e-16f,0.927159334636719f,-0.3746672766548965f,-0.06250000000000001f,0f,0f,0f,1f],start_interpolation:0}