execute if entity @s[tag=aj.evermore_microphone.bone.left_straight] run data modify entity @s {} merge value {transformation:[-0.7887128913180422f,0.32238636693339234f,0.523449143168868f,-0.08946565691448494f,-0.19166543941846492f,0.6800757186997988f,-0.7076449506408414f,0.5292753527997246f,-0.5841201369592225f,-0.6584558050852315f,-0.47459416173010277f,0.011351726274647686f,0f,0f,0f,1f],start_interpolation:0}
execute if entity @s[tag=aj.evermore_microphone.bone.left_bend] run data modify entity @s {} merge value {transformation:[-0.7887128913180422f,0.5115261232657844f,0.3409882700114647f,0.23124714377446445f,-0.19166543941846492f,0.3224157494279599f,-0.9269910699965419f,0.57185621263269f,-0.5841201369592225f,-0.7964854736512679f,-0.15625157874803924f,0.17155147724084802f,0f,0f,0f,1f],start_interpolation:0}
execute if entity @s[tag=aj.evermore_microphone.bone.right_straight] run data modify entity @s {} merge value {transformation:[-0.9947970604530203f,0.09756925422618759f,-0.029309540149506142f,0.04487109653065091f,0.09796363971117902f,0.9951135827131363f,-0.012332185303678021f,0.4046597179621241f,0.027963079382790555f,-0.01513929092036739f,-0.9994943061678041f,-0.01143631324222958f,0f,0f,0f,1f],start_interpolation:0}
execute if entity @s[tag=aj.evermore_microphone.bone.microphone] run data modify entity @s {} merge value {transformation:[-0.9947970604530203f,0.03628014629116454f,0.09519747632748274f,-0.31090077722815507f,0.09796363971117902f,0.08417427113004573f,0.9916238285631623f,0.14107072940389348f,0.027963079382790555f,0.9957903610021626f,-0.08729045266588153f,0.06996825843131604f,0f,0f,0f,1f],start_interpolation:0}
execute if entity @s[tag=aj.evermore_microphone.bone.right_bend] run data modify entity @s {} merge value {transformation:[-0.9947970604530203f,0.09519747632748275f,-0.03628014629116452f,-0.2780523719613305f,0.09796363971117902f,0.9916238285631623f,-0.08417427113004551f,0.545045919642169f,0.027963079382790555f,-0.08729045266588131f,-0.9957903610021626f,-0.08952358178051673f,0f,0f,0f,1f],start_interpolation:0}
execute if entity @s[tag=aj.evermore_microphone.bone.head] run data modify entity @s {} merge value {transformation:[-1f,-7.42858772463993e-17f,9.736121542149866e-17f,0f,0f,0.7950146563832554f,0.6065902209365184f,0.840947265625f,-1.2246467991473532e-16f,0.6065902209365184f,-0.7950146563832554f,0f,0f,0f,0f,1f],start_interpolation:0}
execute if entity @s[tag=aj.evermore_microphone.bone.hair] run data modify entity @s {} merge value {transformation:[-1f,0f,1.2246467991473532e-16f,-0.010937499999999998f,0f,1f,0f,0.434697265625f,-1.2246467991473532e-16f,0f,-1f,-0.007968750000000002f,0f,0f,0f,1f],start_interpolation:0}
execute if entity @s[tag=aj.evermore_microphone.bone.outfit] run data modify entity @s {} merge value {transformation:[-1f,0f,1.2246467991473532e-16f,0f,0f,1f,0f,-0.596552734375f,-1.2246467991473532e-16f,0f,-1f,0f,0f,0f,0f,1f],start_interpolation:0}
execute if entity @s[tag=aj.evermore_microphone.bone.chest] run data modify entity @s {} merge value {transformation:[-1f,0f,1.2246467991473532e-16f,-0.010937499999999998f,0f,1f,0f,0.090947265625f,-1.2246467991473532e-16f,0f,-1f,-0.007968750000000002f,0f,0f,0f,1f],start_interpolation:0}
execute if entity @s[tag=aj.evermore_microphone.bone.right_leg] run data modify entity @s {} merge value {transformation:[-1f,-1.125733210913509e-16f,4.821664862972319e-17f,0.10625000000000001f,0f,0.39371881479046444f,0.919230925763484f,0.21025781249999992f,-1.2246467991473532e-16f,0.919230925763484f,-0.39371881479046444f,-0.062499999999999986f,0f,0f,0f,1f],start_interpolation:0}
execute if entity @s[tag=aj.evermore_microphone.bone.left_leg] run data modify entity @s {} merge value {transformation:[-1f,-1.125733210913509e-16f,4.821664862972319e-17f,-0.10624999999999998f,0f,0.39371881479046444f,0.919230925763484f,0.21025781249999992f,-1.2246467991473532e-16f,0.919230925763484f,-0.39371881479046444f,-0.06250000000000001f,0f,0f,0f,1f],start_interpolation:0}