execute if entity @s[tag=aj.evermore_microphone.bone.left_straight] run data modify entity @s {} merge value {transformation:[-0.9178499621795202f,0.36370177961745986f,0.15897315002900983f,-0.13140335264983366f,-0.1640441642117946f,0.017123866342483862f,-0.986304357381401f,0.9096676217868711f,-0.3614428849972111f,-0.9313580346486401f,0.043946014384872466f,0.16780553405697463f,0f,0f,0f,1f],start_interpolation:0}
execute if entity @s[tag=aj.evermore_microphone.bone.left_bend] run data modify entity @s {} merge value {transformation:[-0.9178499621795202f,0.37912846921358995f,-0.11752893583630113f,0.23852351382851258f,-0.1640441642117946f,-0.6319496796987812f,-0.7574490837783496f,0.8808109344095845f,-0.3614428849972111f,-0.6759446768489029f,0.6422288024719267f,0.22281812825022573f,0f,0f,0f,1f],start_interpolation:0}
execute if entity @s[tag=aj.evermore_microphone.bone.right_straight] run data modify entity @s {} merge value {transformation:[-0.9830757882527098f,0.12682215501809602f,-0.13220489986335332f,0.03524562415401622f,0.134408055691708f,0.9896590904963591f,-0.05009350420058482f,0.4952092077987024f,0.12448481480280225f,-0.06701511467188062f,-0.9899558097657828f,-0.02397821773991357f,0f,0f,0f,1f],start_interpolation:0}
execute if entity @s[tag=aj.evermore_microphone.bone.microphone] run data modify entity @s {} merge value {transformation:[-0.9830757882527098f,0.16559292978528142f,0.07836438066137012f,-0.2992643942193f,0.134408055691708f,0.36127667305286076f,0.9227207812079617f,0.3028580679577412f,0.12448481480280225f,0.9176372633633528f,-0.3774193738674908f,0.1959670243259866f,0f,0f,0f,1f],start_interpolation:0}
execute if entity @s[tag=aj.evermore_microphone.bone.right_bend] run data modify entity @s {} merge value {transformation:[-0.9830757882527098f,0.07836438066137016f,-0.1655929297852814f,-0.28940381498513773f,0.134408055691708f,0.9227207812079619f,-0.36127667305286054f,0.6438887684494319f,0.12448481480280225f,-0.3774193738674906f,-0.9176372633633529f,-0.07479754028706395f,0f,0f,0f,1f],start_interpolation:0}
execute if entity @s[tag=aj.evermore_microphone.bone.head] run data modify entity @s {} merge value {transformation:[-1f,-6.056475659227861e-17f,1.0644016199506942e-16f,0f,0f,0.869149881167184f,0.49454876813825954f,0.939453125f,-1.2246467991473532e-16f,0.49454876813825954f,-0.869149881167184f,0f,0f,0f,0f,1f],start_interpolation:0}
execute if entity @s[tag=aj.evermore_microphone.bone.hair] run data modify entity @s {} merge value {transformation:[-1f,0f,1.2246467991473532e-16f,-0.010937499999999998f,0f,1f,0f,0.533203125f,-1.2246467991473532e-16f,0f,-1f,-0.007968750000000002f,0f,0f,0f,1f],start_interpolation:0}
execute if entity @s[tag=aj.evermore_microphone.bone.outfit] run data modify entity @s {} merge value {transformation:[-1f,0f,1.2246467991473532e-16f,0f,0f,1f,0f,-0.498046875f,-1.2246467991473532e-16f,0f,-1f,0f,0f,0f,0f,1f],start_interpolation:0}
execute if entity @s[tag=aj.evermore_microphone.bone.chest] run data modify entity @s {} merge value {transformation:[-1f,0f,1.2246467991473532e-16f,-0.010937499999999998f,0f,1f,0f,0.189453125f,-1.2246467991473532e-16f,0f,-1f,-0.007968750000000002f,0f,0f,0f,1f],start_interpolation:0}
execute if entity @s[tag=aj.evermore_microphone.bone.right_leg] run data modify entity @s {} merge value {transformation:[-1f,-1.0126562604985709e-16f,6.886850373972911e-17f,0.10625000000000001f,0f,0.5623540092349733f,0.8268965886356962f,0.2890625f,-1.2246467991473532e-16f,0.8268965886356962f,-0.5623540092349733f,-0.062499999999999986f,0f,0f,0f,1f],start_interpolation:0}
execute if entity @s[tag=aj.evermore_microphone.bone.left_leg] run data modify entity @s {} merge value {transformation:[-1f,-1.0126562604985709e-16f,6.886850373972911e-17f,-0.10624999999999998f,0f,0.5623540092349733f,0.8268965886356962f,0.2890625f,-1.2246467991473532e-16f,0.8268965886356962f,-0.5623540092349733f,-0.06250000000000001f,0f,0f,0f,1f],start_interpolation:0}