execute if entity @s[tag=aj.evermore_microphone.bone.left_straight] run data modify entity @s {} merge value {transformation:[-0.9874522239785816f,0.15080026563536122f,0.04687627591925136f,-0.06747828554732727f,-0.11308458622225295f,-0.4680458575173392f,-0.876438789431299f,1.2178013833484391f,-0.11022695549952892f,-0.8707424160710007f,0.4792261085710394f,0.20968376421575913f,0f,0f,0f,1f],start_interpolation:0}
execute if entity @s[tag=aj.evermore_microphone.bone.left_bend] run data modify entity @s {} merge value {transformation:[-0.9874522239785816f,0.1323127557263377f,-0.08620580045365733f,0.30706307839656805f,-0.11308458622225295f,-0.9734897378010736f,-0.19882053906711816f,1.1009529578144415f,-0.11022695549952892f,-0.1865772362001864f,0.9762371398452352f,0.19207965878308048f,0f,0f,0f,1f],start_interpolation:0}
execute if entity @s[tag=aj.evermore_microphone.bone.right_straight] run data modify entity @s {} merge value {transformation:[-0.9581790719009333f,0.14682069195534925f,-0.2456349946258034f,0.02539573753501989f,0.17164138137373566f,0.9816757326607534f,-0.08277676065834491f,0.5957401765851621f,0.22898057203872524f,-0.12147608949388165f,-0.9658216488100132f,-0.0389681501660881f,0f,0f,0f,1f],start_interpolation:0}
execute if entity @s[tag=aj.evermore_microphone.bone.microphone] run data modify entity @s {} merge value {transformation:[-0.9581790719009333f,0.28568074643681957f,-0.01671458304498271f,-0.2538772444070731f,0.17164138137373566f,0.6204603776243682f,0.7652242520976071f,0.5098315787009305f,0.22898057203872524f,0.7303529495480442f,-0.6435467867337153f,0.29960617986632254f,0f,0f,0f,1f],start_interpolation:0}
execute if entity @s[tag=aj.evermore_microphone.bone.right_bend] run data modify entity @s {} merge value {transformation:[-0.9581790719009333f,-0.016714583044982648f,-0.28568074643681957f,-0.29851059853213785f,0.17164138137373566f,0.7652242520976072f,-0.620460377624368f,0.7531346630831548f,0.22898057203872524f,-0.6435467867337152f,-0.7303529495480443f,-0.058896389134827115f,0f,0f,0f,1f],start_interpolation:0}
execute if entity @s[tag=aj.evermore_microphone.bone.head] run data modify entity @s {} merge value {transformation:[-1f,-4.6989345638880643e-17f,1.1309111027418727e-16f,0f,0f,0.9234589953031821f,0.3836971253392934f,1.0475f,-1.2246467991473532e-16f,0.3836971253392934f,-0.9234589953031821f,0f,0f,0f,0f,1f],start_interpolation:0}
execute if entity @s[tag=aj.evermore_microphone.bone.hair] run data modify entity @s {} merge value {transformation:[-1f,0f,1.2246467991473532e-16f,-0.010937499999999998f,0f,1f,0f,0.6412500000000001f,-1.2246467991473532e-16f,0f,-1f,-0.007968750000000002f,0f,0f,0f,1f],start_interpolation:0}
execute if entity @s[tag=aj.evermore_microphone.bone.outfit] run data modify entity @s {} merge value {transformation:[-1f,0f,1.2246467991473532e-16f,0f,0f,1f,0f,-0.38999999999999996f,-1.2246467991473532e-16f,0f,-1f,0f,0f,0f,0f,1f],start_interpolation:0}
execute if entity @s[tag=aj.evermore_microphone.bone.chest] run data modify entity @s {} merge value {transformation:[-1f,0f,1.2246467991473532e-16f,-0.010937499999999998f,0f,1f,0f,0.29750000000000004f,-1.2246467991473532e-16f,0f,-1f,-0.007968750000000002f,0f,0f,0f,1f],start_interpolation:0}
execute if entity @s[tag=aj.evermore_microphone.bone.right_leg] run data modify entity @s {} merge value {transformation:[-1f,-8.457778260586134e-17f,8.856746872353435e-17f,0.10625000000000001f,0f,0.7232082653153421f,0.6906300058494228f,0.37549999999999994f,-1.2246467991473532e-16f,0.6906300058494228f,-0.7232082653153421f,-0.062499999999999986f,0f,0f,0f,1f],start_interpolation:0}
execute if entity @s[tag=aj.evermore_microphone.bone.left_leg] run data modify entity @s {} merge value {transformation:[-1f,-8.457778260586134e-17f,8.856746872353435e-17f,-0.10624999999999998f,0f,0.7232082653153421f,0.6906300058494228f,0.37549999999999994f,-1.2246467991473532e-16f,0.6906300058494228f,-0.7232082653153421f,-0.06250000000000001f,0f,0f,0f,1f],start_interpolation:0}