execute if entity @s[tag=aj.evermore_microphone.bone.left_straight] run data modify entity @s {} merge value {transformation:[-0.9963859190925118f,-0.0775965238281756f,0.0345525646508868f,0.018528827764174083f,-0.08080929923485954f,0.7406078000139245f,-0.6670606746883718f,1.0594292534638403f,0.02617169064736299f,-0.6674420319760497f,-0.7442017042175733f,0.24599880810032038f,0f,0f,0f,1f],start_interpolation:0}
execute if entity @s[tag=aj.evermore_microphone.bone.left_bend] run data modify entity @s {} merge value {transformation:[-0.9963859190925118f,-0.06244876685499582f,0.05757822290120382f,0.37016680194812795f,-0.08080929923485954f,0.488043587638038f,-0.8690703732854801f,1.079072292495196f,0.02617169064736299f,-0.8705823384859601f,-0.4913261997135667f,0.141571710793153f,0f,0f,0f,1f],start_interpolation:0}
execute if entity @s[tag=aj.evermore_microphone.bone.right_straight] run data modify entity @s {} merge value {transformation:[-0.8225075851472228f,0.13975555433094305f,-0.5513162952506802f,-0.0003505048960416868f,0.2507768221932415f,0.9591406869184013f,-0.13099667227970577f,0.890715906843184f,0.5104823775860864f,-0.24600310512541934f,-0.8239479440126715f,-0.09213780173232843f,0f,0f,0f,1f],start_interpolation:0}
execute if entity @s[tag=aj.evermore_microphone.bone.microphone] run data modify entity @s {} merge value {transformation:[-0.8225075851472228f,0.23928244306679244f,-0.5159701394608718f,-0.059022051537700015f,0.2507768221932415f,0.9668239988065176f,0.04860391735687531f,1.1664592959780653f,0.5104823775860864f,-0.08941626122670235f,-0.8552265631996556f,0.3250502665295635f,0f,0f,0f,1f],start_interpolation:0}
execute if entity @s[tag=aj.evermore_microphone.bone.right_bend] run data modify entity @s {} merge value {transformation:[-0.8225075851472228f,-0.5159701394608718f,-0.23928244306679256f,-0.3060981477748773f,0.2507768221932415f,0.048603917356875526f,-0.9668239988065176f,1.0678465223170788f,0.5104823775860864f,-0.8552265631996556f,0.08941626122670215f,-0.019828759637388768f,0f,0f,0f,1f],start_interpolation:0}
execute if entity @s[tag=aj.evermore_microphone.bone.head] run data modify entity @s {} merge value {transformation:[-1f,-9.802701621772963e-18f,1.2207172017929898e-16f,0f,0f,0.9967912402522103f,0.08004513324656534f,1.357451171875f,-1.2246467991473532e-16f,0.08004513324656534f,-0.9967912402522103f,0f,0f,0f,0f,1f],start_interpolation:0}
execute if entity @s[tag=aj.evermore_microphone.bone.hair] run data modify entity @s {} merge value {transformation:[-1f,0f,1.2246467991473532e-16f,-0.010937499999999998f,0f,1f,0f,0.951201171875f,-1.2246467991473532e-16f,0f,-1f,-0.007968750000000002f,0f,0f,0f,1f],start_interpolation:0}
execute if entity @s[tag=aj.evermore_microphone.bone.outfit] run data modify entity @s {} merge value {transformation:[-1f,0f,1.2246467991473532e-16f,0f,0f,1f,0f,-0.08004882812500003f,-1.2246467991473532e-16f,0f,-1f,0f,0f,0f,0f,1f],start_interpolation:0}
execute if entity @s[tag=aj.evermore_microphone.bone.chest] run data modify entity @s {} merge value {transformation:[-1f,0f,1.2246467991473532e-16f,-0.010937499999999998f,0f,1f,0f,0.607451171875f,-1.2246467991473532e-16f,0f,-1f,-0.007968750000000002f,0f,0f,0f,1f],start_interpolation:0}
execute if entity @s[tag=aj.evermore_microphone.bone.right_leg] run data modify entity @s {} merge value {transformation:[-1f,-1.9084794402695972e-17f,1.2096846055573908e-16f,0.10625000000000001f,0f,0.987782441761674f,0.15583917269847558f,0.6234609375f,-1.2246467991473532e-16f,0.15583917269847558f,-0.987782441761674f,-0.062499999999999986f,0f,0f,0f,1f],start_interpolation:0}
execute if entity @s[tag=aj.evermore_microphone.bone.left_leg] run data modify entity @s {} merge value {transformation:[-1f,-1.9084794402695972e-17f,1.2096846055573908e-16f,-0.10624999999999998f,0f,0.987782441761674f,0.15583917269847558f,0.6234609375f,-1.2246467991473532e-16f,0.15583917269847558f,-0.987782441761674f,-0.06250000000000001f,0f,0f,0f,1f],start_interpolation:0}