execute if entity @s[tag=aj.evermore_microphone.bone.left_straight] run data modify entity @s {} merge value {transformation:[-0.9964057232752397f,-0.07958534987533938f,0.02901390545180691f,0.019594503570838584f,-0.08213894872099976f,0.8240018908705724f,-0.5606015313435472f,1.0350265361692514f,0.020708156058798353f,-0.560969745999676f,-0.8275772570254112f,0.2073495229741465f,0f,0f,0f,1f],start_interpolation:0}
execute if entity @s[tag=aj.evermore_microphone.bone.left_bend] run data modify entity @s {} merge value {transformation:[-0.9964057232752397f,-0.06919510936780501f,0.04886380525423778f,0.3712394817064071f,-0.08213894872099976f,0.6482082768865116f,-0.7570199620081549f,1.0635651003916666f,0.020708156058798353f,-0.7583126443726209f,-0.6515620505042077f,0.11258958607221174f,0f,0f,0f,1f],start_interpolation:0}
execute if entity @s[tag=aj.evermore_microphone.bone.right_straight] run data modify entity @s {} merge value {transformation:[-0.814253040262955f,0.13744463672122287f,-0.5640043956026457f,-0.0015103420692523517f,0.2531036079951299f,0.9584128645417824f,-0.13184591271883508f,0.904459317882129f,0.52242755482687f,-0.25010748272969785f,-0.8151783222339954f,-0.09500107814873723f,0f,0f,0f,1f],start_interpolation:0}
execute if entity @s[tag=aj.evermore_microphone.bone.microphone] run data modify entity @s {} merge value {transformation:[-0.814253040262955f,0.2201359026856738f,-0.5371519066067794f,-0.05231656378525762f,0.2531036079951299f,0.9673549004676344f,0.012769501208000612f,1.1958505047404158f,0.52242755482687f,-0.12555748042238293f,-0.8433888599380484f,0.31702488943826646f,0f,0f,0f,1f],start_interpolation:0}
execute if entity @s[tag=aj.evermore_microphone.bone.right_bend] run data modify entity @s {} merge value {transformation:[-0.814253040262955f,-0.5371519066067794f,-0.2201359026856739f,-0.30585192695067276f,0.2531036079951299f,0.012769501208000827f,-0.9673549004676344f,1.082211862276853f,0.52242755482687f,-0.8433888599380484f,0.12555748042238274f,-0.018413178935615185f,0f,0f,0f,1f],start_interpolation:0}
execute if entity @s[tag=aj.evermore_microphone.bone.head] run data modify entity @s {} merge value {transformation:[-1f,-8.103245060212819e-18f,1.221962980049425e-16f,0f,0f,0.9978084953965528f,0.06616801730796679f,1.371640625f,-1.2246467991473532e-16f,0.06616801730796679f,-0.9978084953965528f,0f,0f,0f,0f,1f],start_interpolation:0}
execute if entity @s[tag=aj.evermore_microphone.bone.hair] run data modify entity @s {} merge value {transformation:[-1f,0f,1.2246467991473532e-16f,-0.010937499999999998f,0f,1f,0f,0.965390625f,-1.2246467991473532e-16f,0f,-1f,-0.007968750000000002f,0f,0f,0f,1f],start_interpolation:0}
execute if entity @s[tag=aj.evermore_microphone.bone.outfit] run data modify entity @s {} merge value {transformation:[-1f,0f,1.2246467991473532e-16f,0f,0f,1f,0f,-0.06585937500000005f,-1.2246467991473532e-16f,0f,-1f,0f,0f,0f,0f,1f],start_interpolation:0}
execute if entity @s[tag=aj.evermore_microphone.bone.chest] run data modify entity @s {} merge value {transformation:[-1f,0f,1.2246467991473532e-16f,-0.010937499999999998f,0f,1f,0f,0.621640625f,-1.2246467991473532e-16f,0f,-1f,-0.007968750000000002f,0f,0f,0f,1f],start_interpolation:0}
execute if entity @s[tag=aj.evermore_microphone.bone.right_leg] run data modify entity @s {} merge value {transformation:[-1f,-1.5722569424684758e-17f,1.214512191676335e-16f,0.10625000000000001f,0f,0.991724464982006f,0.12838452226087899f,0.6348125f,-1.2246467991473532e-16f,0.12838452226087899f,-0.991724464982006f,-0.062499999999999986f,0f,0f,0f,1f],start_interpolation:0}
execute if entity @s[tag=aj.evermore_microphone.bone.left_leg] run data modify entity @s {} merge value {transformation:[-1f,-1.5722569424684758e-17f,1.214512191676335e-16f,-0.10624999999999998f,0f,0.991724464982006f,0.12838452226087899f,0.6348125f,-1.2246467991473532e-16f,0.12838452226087899f,-0.991724464982006f,-0.06250000000000001f,0f,0f,0f,1f],start_interpolation:0}