execute if entity @s[tag=aj.evermore_microphone.bone.left_straight] run data modify entity @s {} merge value {transformation:[-0.9961713611727184f,-0.06858211318308924f,0.054213586218172974f,0.014039704569038802f,-0.07716952810629452f,0.3984428897752498f,-0.9139409868910574f,1.1598675326532923f,0.041078986247778275f,-0.9146254738082086f,-0.4022098451678735f,0.3284205796547503f,0f,0f,0f,1f],start_interpolation:0}
execute if entity @s[tag=aj.evermore_microphone.bone.left_bend] run data modify entity @s {} merge value {transformation:[-0.9961713611727184f,-0.03295062586212021f,0.08097453571702595f,0.36655205900095517f,-0.07716952810629452f,-0.10379988515009991f,-0.9915999434119982f,1.1382655692012147f,0.041078986247778275f,-0.99405223207743f,0.10085968863095995f,0.20203475918175556f,0f,0f,0f,1f],start_interpolation:0}
execute if entity @s[tag=aj.evermore_microphone.bone.right_straight] run data modify entity @s {} merge value {transformation:[-0.8486275486492426f,0.14630011791167222f,-0.50835770789141f,0.0034639416025065706f,0.24217079360728427f,0.9618243026237103f,-0.12746496619083825f,0.8454433144234821f,0.47030265829271634f,-0.2312796713536324f,-0.8516602158263354f,-0.0829596346692323f,0f,0f,0f,1f],start_interpolation:0}
execute if entity @s[tag=aj.evermore_microphone.bone.microphone] run data modify entity @s {} merge value {transformation:[-0.8486275486492426f,0.29227478307476695f,-0.4409157911122885f,-0.08423073505757361f,0.24217079360728427f,0.9556832824340162f,0.1674000310626092f,1.0679486142207453f,0.47030265829271634f,0.03528335095682261f,-0.8817995774256541f,0.3467011229717964f,0f,0f,0f,1f],start_interpolation:0}
execute if entity @s[tag=aj.evermore_microphone.bone.right_bend] run data modify entity @s {} merge value {transformation:[-0.8486275486492426f,-0.44091579111228846f,-0.29227478307476706f,-0.3065758986657904f,0.24217079360728427f,0.16740003106260942f,-0.9556832824340162f,1.0203062106393168f,0.47030265829271634f,-0.8817995774256541f,-0.03528335095682281f,-0.02478972314934401f,0f,0f,0f,1f],start_interpolation:0}
execute if entity @s[tag=aj.evermore_microphone.bone.head] run data modify entity @s {} merge value {transformation:[-1f,-1.53913045501781e-17f,1.2149364415829433e-16f,0f,0f,0.9920708913205254f,0.12567953928344178f,1.310546875f,-1.2246467991473532e-16f,0.12567953928344178f,-0.9920708913205254f,0f,0f,0f,0f,1f],start_interpolation:0}
execute if entity @s[tag=aj.evermore_microphone.bone.hair] run data modify entity @s {} merge value {transformation:[-1f,0f,1.2246467991473532e-16f,-0.010937499999999998f,0f,1f,0f,0.904296875f,-1.2246467991473532e-16f,0f,-1f,-0.007968750000000002f,0f,0f,0f,1f],start_interpolation:0}
execute if entity @s[tag=aj.evermore_microphone.bone.outfit] run data modify entity @s {} merge value {transformation:[-1f,0f,1.2246467991473532e-16f,0f,0f,1f,0f,-0.126953125f,-1.2246467991473532e-16f,0f,-1f,0f,0f,0f,0f,1f],start_interpolation:0}
execute if entity @s[tag=aj.evermore_microphone.bone.chest] run data modify entity @s {} merge value {transformation:[-1f,0f,1.2246467991473532e-16f,-0.010937499999999998f,0f,1f,0f,0.560546875f,-1.2246467991473532e-16f,0f,-1f,-0.007968750000000002f,0f,0f,0f,1f],start_interpolation:0}
execute if entity @s[tag=aj.evermore_microphone.bone.right_leg] run data modify entity @s {} merge value {transformation:[-1f,-3.0080340833254466e-17f,1.1871297705800248e-16f,0.10625000000000001f,0f,0.9693650213323145f,0.24562462298678747f,0.5859375f,-1.2246467991473532e-16f,0.24562462298678747f,-0.9693650213323145f,-0.062499999999999986f,0f,0f,0f,1f],start_interpolation:0}
execute if entity @s[tag=aj.evermore_microphone.bone.left_leg] run data modify entity @s {} merge value {transformation:[-1f,-3.0080340833254466e-17f,1.1871297705800248e-16f,-0.10624999999999998f,0f,0.9693650213323145f,0.24562462298678747f,0.5859375f,-1.2246467991473532e-16f,0.24562462298678747f,-0.9693650213323145f,-0.06250000000000001f,0f,0f,0f,1f],start_interpolation:0}