execute if entity @s[tag=aj.evermore_microphone.bone.left_straight] run data modify entity @s {} merge value {transformation:[-0.9915944925122236f,0.11870618846382594f,0.051470411304129084f,-0.05676156545909011f,-0.10507652050570254f,-0.5067214975695264f,-0.8556823293368353f,1.2536666008379744f,-0.07549362395487616f,-0.853898216839272f,0.5149354794737615f,0.2135288389136692f,0f,0f,0f,1f],start_interpolation:0}
execute if entity @s[tag=aj.evermore_microphone.bone.left_bend] run data modify entity @s {} merge value {transformation:[-0.9915944925122236f,0.11442484093970334f,-0.06039303101641094f,0.3163661543578882f,-0.10507652050570254f,-0.9845420324910764f,-0.14012819522407366f,1.1270998914679924f,-0.07549362395487616f,-0.13260445706787183f,0.9882898212103046f,0.18697424480776298f,0f,0f,0f,1f],start_interpolation:0}
execute if entity @s[tag=aj.evermore_microphone.bone.right_straight] run data modify entity @s {} merge value {transformation:[-0.9524815710703692f,0.14907415120108727f,-0.2656233314582822f,0.02371631157502041f,0.17784651273797758f,0.9801473087940752f,-0.08764628326787252f,0.6137027585811389f,0.24728419819766378f,-0.13072165278716127f,-0.9600845664910624f,-0.04179002024116926f,0f,0f,0f,1f],start_interpolation:0}
execute if entity @s[tag=aj.evermore_microphone.bone.microphone] run data modify entity @s {} merge value {transformation:[-0.9524815710703692f,0.30184620138832896f,-0.040837819221371946f,-0.24306922324538266f,0.17784651273797758f,0.6599557865522735f,0.729951352970258f,0.548873286755792f,0.24728419819766378f,0.6880023477457081f,-0.6822780187124105f,0.3132524401428853f,0f,0f,0f,1f],start_interpolation:0}
execute if entity @s[tag=aj.evermore_microphone.bone.right_bend] run data modify entity @s {} merge value {transformation:[-0.9524815710703692f,-0.04083781922137188f,-0.30184620138832896f,-0.29976197741087374f,0.17784651273797758f,0.7299513529702581f,-0.6599557865522734f,0.7725775052645267f,0.24728419819766378f,-0.6822780187124103f,-0.6880023477457082f,-0.0561456830214165f,0f,0f,0f,1f],start_interpolation:0}
execute if entity @s[tag=aj.evermore_microphone.bone.head] run data modify entity @s {} merge value {transformation:[-1f,-4.4640813828427126e-17f,1.1403857052486359e-16f,0f,0f,0.9311955953688988f,0.36451990777673854f,1.066669921875f,-1.2246467991473532e-16f,0.36451990777673854f,-0.9311955953688988f,0f,0f,0f,0f,1f],start_interpolation:0}
execute if entity @s[tag=aj.evermore_microphone.bone.hair] run data modify entity @s {} merge value {transformation:[-1f,0f,1.2246467991473532e-16f,-0.010937499999999998f,0f,1f,0f,0.660419921875f,-1.2246467991473532e-16f,0f,-1f,-0.007968750000000002f,0f,0f,0f,1f],start_interpolation:0}
execute if entity @s[tag=aj.evermore_microphone.bone.outfit] run data modify entity @s {} merge value {transformation:[-1f,0f,1.2246467991473532e-16f,0f,0f,1f,0f,-0.370830078125f,-1.2246467991473532e-16f,0f,-1f,0f,0f,0f,0f,1f],start_interpolation:0}
execute if entity @s[tag=aj.evermore_microphone.bone.chest] run data modify entity @s {} merge value {transformation:[-1f,0f,1.2246467991473532e-16f,-0.010937499999999998f,0f,1f,0f,0.316669921875f,-1.2246467991473532e-16f,0f,-1f,-0.007968750000000002f,0f,0f,0f,1f],start_interpolation:0}
execute if entity @s[tag=aj.evermore_microphone.bone.right_leg] run data modify entity @s {} merge value {transformation:[-1f,-8.120031593335137e-17f,9.167391405924863e-17f,0.10625000000000001f,0f,0.7485743164729257f,0.6630508975313224f,0.3908359375f,-1.2246467991473532e-16f,0.6630508975313224f,-0.7485743164729257f,-0.062499999999999986f,0f,0f,0f,1f],start_interpolation:0}
execute if entity @s[tag=aj.evermore_microphone.bone.left_leg] run data modify entity @s {} merge value {transformation:[-1f,-8.120031593335137e-17f,9.167391405924863e-17f,-0.10624999999999998f,0f,0.7485743164729257f,0.6630508975313224f,0.3908359375f,-1.2246467991473532e-16f,0.6630508975313224f,-0.7485743164729257f,-0.06250000000000001f,0f,0f,0f,1f],start_interpolation:0}