execute if entity @s[tag=aj.evermore_microphone.bone.left_straight] run data modify entity @s {} merge value {transformation:[-0.8205379594741667f,0.378167444034345f,0.42861036074096626f,-0.11719710079845802f,-0.1881365059408846f,0.5293882658080274f,-0.8272561387847929f,0.6194839257415901f,-0.5397426351459796f,-0.7594323197608196f,-0.36323606581446993f,0.06014777471792328f,0f,0f,0f,1f],start_interpolation:0}
execute if entity @s[tag=aj.evermore_microphone.bone.left_bend] run data modify entity @s {} merge value {transformation:[-0.8205379594741667f,0.5402998454952932f,0.18653024961044004f,0.21871621835796048f,-0.1881365059408846f,0.052860788007149606f,-0.9807193238759082f,0.6509979996345416f,-0.5397426351459796f,-0.8398105822440114f,0.058275841964301245f,0.19563627984451293f,0f,0f,0f,1f],start_interpolation:0}
execute if entity @s[tag=aj.evermore_microphone.bone.right_straight] run data modify entity @s {} merge value {transformation:[-0.9929182945731287f,0.10568505621785768f,-0.05425798737713958f,0.04246141650235924f,0.10701727260832902f,0.9940080148244291f,-0.022256905181808367f,0.4266591394512697f,0.051580652045744496f,-0.02790583016191562f,-0.9982788693433865f,-0.014415781977350516f,0f,0f,0f,1f],start_interpolation:0}
execute if entity @s[tag=aj.evermore_microphone.bone.microphone] run data modify entity @s {} merge value {transformation:[-0.9929182945731287f,0.06783138059395799f,0.09753032404697114f,-0.3110159934832197f,0.10701727260832902f,0.15425525906578821f,0.9822182132367641f,0.17768085389292704f,0.051580652045744496f,0.9856998624618268f,-0.16042199810896152f,0.10279463949584515f,0f,0f,0f,1f],start_interpolation:0}
execute if entity @s[tag=aj.evermore_microphone.bone.right_bend] run data modify entity @s {} merge value {transformation:[-0.9929182945731287f,0.09753032404697115f,-0.06783138059395796f,-0.28108921836612727f,0.10701727260832902f,0.9822182132367641f,-0.154255259065788f,0.5690862269650241f,0.051580652045744496f,-0.1604219981089613f,-0.9856998624618268f,-0.08593490565319807f,0f,0f,0f,1f],start_interpolation:0}
execute if entity @s[tag=aj.evermore_microphone.bone.head] run data modify entity @s {} merge value {transformation:[-1f,-7.067117319630454e-17f,1.0001591426206383e-16f,0f,0f,0.8166919174712154f,0.5770739224199872f,0.864990234375f,-1.2246467991473532e-16f,0.5770739224199872f,-0.8166919174712154f,0f,0f,0f,0f,1f],start_interpolation:0}
execute if entity @s[tag=aj.evermore_microphone.bone.hair] run data modify entity @s {} merge value {transformation:[-1f,0f,1.2246467991473532e-16f,-0.010937499999999998f,0f,1f,0f,0.458740234375f,-1.2246467991473532e-16f,0f,-1f,-0.007968750000000002f,0f,0f,0f,1f],start_interpolation:0}
execute if entity @s[tag=aj.evermore_microphone.bone.outfit] run data modify entity @s {} merge value {transformation:[-1f,0f,1.2246467991473532e-16f,0f,0f,1f,0f,-0.572509765625f,-1.2246467991473532e-16f,0f,-1f,0f,0f,0f,0f,1f],start_interpolation:0}
execute if entity @s[tag=aj.evermore_microphone.bone.chest] run data modify entity @s {} merge value {transformation:[-1f,0f,1.2246467991473532e-16f,-0.010937499999999998f,0f,1f,0f,0.114990234375f,-1.2246467991473532e-16f,0f,-1f,-0.007968750000000002f,0f,0f,0f,1f],start_interpolation:0}
execute if entity @s[tag=aj.evermore_microphone.bone.right_leg] run data modify entity @s {} merge value {transformation:[-1f,-1.101837416577396e-16f,5.3452230083683854e-17f,0.10625000000000001f,0f,0.4364705817293556f,0.8997185289215944f,0.2294921875f,-1.2246467991473532e-16f,0.8997185289215944f,-0.4364705817293556f,-0.062499999999999986f,0f,0f,0f,1f],start_interpolation:0}
execute if entity @s[tag=aj.evermore_microphone.bone.left_leg] run data modify entity @s {} merge value {transformation:[-1f,-1.101837416577396e-16f,5.3452230083683854e-17f,-0.10624999999999998f,0f,0.4364705817293556f,0.8997185289215944f,0.2294921875f,-1.2246467991473532e-16f,0.8997185289215944f,-0.4364705817293556f,-0.06250000000000001f,0f,0f,0f,1f],start_interpolation:0}