execute if entity @s[tag=aj.red_microphone.bone.left_straight] run data modify entity @s {} merge value {transformation:[0.9411760152563704f,-0.3379167180033274f,1.2246467991473532e-16f,0.8085160961375332f,-0.3379167180033274f,-0.9411760152563704f,0f,1.6636008699950382f,1.1526081945179746e-16f,-4.138286270811537e-17f,-1f,-0.0079687499999999f,0f,0f,0f,1f],start_interpolation:0}
execute if entity @s[tag=aj.red_microphone.bone.left_bend] run data modify entity @s {} merge value {transformation:[0.9411760152563704f,-0.3379167180033274f,1.2246467991473532e-16f,0.4704687692512478f,-0.3379167180033274f,-0.9411760152563704f,0f,1.7716910057211388f,1.1526081945179746e-16f,-4.138286270811537e-17f,-1f,-0.062499999999999944f,0f,0f,0f,1f],start_interpolation:0}
execute if entity @s[tag=aj.red_microphone.bone.right_straight] run data modify entity @s {} merge value {transformation:[-0.991948308613926f,0.10887823169820095f,-0.06468449350690081f,-0.042905192035932405f,0.11076059119348657f,0.9935002863066829f,-0.026254000590548568f,0.9983377932692815f,0.06140557365940627f,-0.033207104222019244f,-0.9975603459203595f,-0.015670576984019136f,0f,0f,0f,1f],start_interpolation:0}
execute if entity @s[tag=aj.red_microphone.bone.microphone] run data modify entity @s {} merge value {transformation:[-0.991948308613926f,0.08109033266287688f,0.09727749475904172f,-0.39243062925754046f,0.11076059119348657f,0.18305364776459546f,0.9768436177191029f,0.7804237206193436f,0.06140557365940627f,0.9797528872061053f,-0.19056136947151658f,0.11135576251139541f,0f,0f,0f,1f],start_interpolation:0}
execute if entity @s[tag=aj.red_microphone.bone.right_bend] run data modify entity @s {} merge value {transformation:[-0.991948308613926f,0.09727749475904174f,-0.08109033266287685f,-0.36667814861315273f,0.11076059119348657f,0.9768436177191029f,-0.18305364776459523f,1.1416122953524992f,0.06140557365940627f,-0.19056136947151636f,-0.9797528872061053f,-0.08443803494826217f,0f,0f,0f,1f],start_interpolation:0}