execute if entity @s[tag=aj.microphone.bone.left_straight] run data modify entity @s {} merge value {transformation:[-0.831230763012178f,-0.00997586215767654f,-0.5558380166886784f,0.09281202405997391f,0.49815927942824484f,0.4304414703073787f,-0.7527001215352327f,1.4673339252263016f,0.24676456581471384f,-0.9025633622155474f,-0.3528266234915425f,0.4325258666431566f,0f,0f,0f,1f],start_interpolation:0}
execute if entity @s[tag=aj.microphone.bone.left_bend] run data modify entity @s {} merge value {transformation:[-0.831230763012178f,-0.2697583058294568f,-0.48609245525744765f,0.3572039451913303f,0.49815927942824484f,0.02668595770828175f,-0.8666747902072172f,1.25497789568047f,0.24676456581471384f,-0.9625582143939209f,0.11220041426422067f,0.3144794408657828f,0f,0f,0f,1f],start_interpolation:0}
execute if entity @s[tag=aj.microphone.bone.right_straight] run data modify entity @s {} merge value {transformation:[-0.6779963963537007f,0.12598725825603918f,-0.7241878881122781f,-0.016988742604165608f,0.24330586471921112f,0.968131483157694f,-0.059360656264235395f,0.9710075107185703f,0.6936304078719678f,-0.21644547136867948f,-0.6870430955910682f,-0.043017251545713134f,0f,0f,0f,1f],start_interpolation:0}
execute if entity @s[tag=aj.microphone.bone.microphone] run data modify entity @s {} merge value {transformation:[-0.6779963963537007f,0.11332924842608025f,-0.7262763716262393f,0.009852178029056191f,0.24330586471921112f,0.9669480457440517f,-0.07624783947756485f,1.3016633826103365f,0.6936304078719678f,-0.22840306101919766f,-0.6831609612620062f,0.3435323166192974f,0f,0f,0f,1f],start_interpolation:0}
execute if entity @s[tag=aj.microphone.bone.right_bend] run data modify entity @s {} merge value {transformation:[-0.6779963963537007f,-0.7262763716262393f,-0.11332924842608041f,-0.29097630417100867f,0.24330586471921112f,-0.07624783947756464f,-0.9669480457440517f,1.1527800934956391f,0.6936304078719678f,-0.6831609612620062f,0.22840306101919752f,0.10522247959955552f,0f,0f,0f,1f],start_interpolation:0}
execute if entity @s[tag=aj.microphone.bone.head] run data modify entity @s {} merge value {transformation:[-0.9883949049351626f,0.03568778616771272f,-0.14765464373550333f,0.023697680954159434f,0.007375659147821297f,0.9821397069601616f,0.18800849891519086f,1.4314597144865966f,0.15172709563669223f,0.18473759208849666f,-0.9710051032404508f,0.09199110358299031f,0f,0f,0f,1f],start_interpolation:0}
execute if entity @s[tag=aj.microphone.bone.outfit] run data modify entity @s {} merge value {transformation:[-0.988241218269037f,0.031596907938879246f,-0.14960257324936477f,-0.02172287420797948f,0.012637028566556605f,0.9919462859821289f,0.12602726385694735f,0.005536928387286366f,0.15237978876195357f,0.12265480477732042f,-0.9806814971446641f,-0.08432517828440779f,0f,0f,0f,1f],start_interpolation:0}
execute if entity @s[tag=aj.microphone.bone.chest] run data modify entity @s {} merge value {transformation:[-0.988241218269037f,0.031596907938879246f,-0.14960257324936477f,-0.012001033830398468f,0.012637028566556605f,0.9919462859821289f,0.12602726385694735f,0.6886424972588068f,0.15237978876195357f,0.12265480477732042f,-0.9806814971446641f,-0.006148151740787676f,0f,0f,0f,1f],start_interpolation:0}