execute if entity @s[tag=aj.microphone.bone.left_straight] run data modify entity @s {} merge value {transformation:[-0.9550096882495929f,0.16551477216098012f,-0.246092168802492f,-0.042292255748633656f,0.27932383875746547f,0.7808512734492694f,-0.5587928792087883f,1.2457379169160927f,0.09967290730789778f,-0.6023920226473396f,-0.7919527527571568f,0.27298584006508153f,0f,0f,0f,1f],start_interpolation:0}
execute if entity @s[tag=aj.microphone.bone.left_bend] run data modify entity @s {} merge value {transformation:[-0.9550096882495929f,0.025057907629247478f,-0.2955141225299723f,0.28508696412439516f,0.27932383875746547f,0.41087498049681886f,-0.8678478803935238f,1.1259542095805657f,0.09967290730789778f,-0.9113472728148051f,-0.3993888579840561f,0.18691703192243111f,0f,0f,0f,1f],start_interpolation:0}
execute if entity @s[tag=aj.microphone.bone.right_straight] run data modify entity @s {} merge value {transformation:[-0.7215070239408546f,0.12375688063351929f,-0.6812575496094498f,-0.014967635581671662f,0.2512489631356317f,0.9636314800117401f,-0.09104026171784305f,0.9711585965135787f,0.6452143619970662f,-0.23685144125853289f,-0.7263606692590637f,-0.07022815032491475f,0f,0f,0f,1f],start_interpolation:0}
execute if entity @s[tag=aj.microphone.bone.microphone] run data modify entity @s {} merge value {transformation:[-0.7215070239408546f,0.11184844821691686f,-0.6833136461651259f,-0.016114842367435878f,0.2512489631356317f,0.961895842620224f,-0.10784408408994604f,1.3130103593239657f,0.6452143619970662f,-0.24949210925678003f,-0.7221164133928284f,0.3074097257753522f,0f,0f,0f,1f],start_interpolation:0}
execute if entity @s[tag=aj.microphone.bone.right_bend] run data modify entity @s {} merge value {transformation:[-0.7215070239408546f,-0.6833136461651259f,-0.11184844821691702f,-0.2999974073451318f,0.2512489631356317f,-0.10784408408994584f,-0.961895842620224f,1.1523650377329564f,0.6452143619970662f,-0.7221164133928284f,0.24949210925677986f,0.05629350197970274f,0f,0f,0f,1f],start_interpolation:0}
execute if entity @s[tag=aj.microphone.bone.head] run data modify entity @s {} merge value {transformation:[-0.9961538272301291f,0.018582098469570298f,-0.08562860568310823f,0.010436195340893847f,0.00434552549976411f,0.9865285716555968f,0.163531323346014f,1.435434177293256f,0.08751382121069187f,0.1625302523336344f,-0.9828149613093342f,0.054640207388581774f,0f,0f,0f,1f],start_interpolation:0}
execute if entity @s[tag=aj.microphone.bone.outfit] run data modify entity @s {} merge value {transformation:[-0.9961149139846766f,0.013914927121191795f,-0.08695661527746146f,-0.00956651239581936f,0.007489034384610985f,0.9972455697243411f,0.07379151732523444f,0.0018936708145155245f,0.0877439029294152f,0.07285360985144236f,-0.9934753942752318f,-0.05008685677286663f,0f,0f,0f,1f],start_interpolation:0}
execute if entity @s[tag=aj.microphone.bone.chest] run data modify entity @s {} merge value {transformation:[-0.9961149139846766f,0.013914927121191795f,-0.08695661527746146f,-0.01158794239969967f,0.007489034384610985f,0.9972455697243411f,0.07379151732523444f,0.6881699374672672f,0.0877439029294152f,0.07285360985144236f,-0.9934753942752318f,-0.006957058109840274f,0f,0f,0f,1f],start_interpolation:0}