execute if entity @s[tag=aj.microphone.bone.left_straight] run data modify entity @s {} merge value {transformation:[-0.7385804377747333f,0.42421374294528535f,0.5239672100740989f,-0.13959555659297018f,-0.07223331710944403f,0.7229395066873804f,-0.6871250377987791f,1.1359772396829613f,-0.6702844805273728f,-0.5453450008636356f,-0.5033066115174641f,0.20986131638615346f,0f,0f,0f,1f],start_interpolation:0}
execute if entity @s[tag=aj.microphone.bone.left_bend] run data modify entity @s {} merge value {transformation:[-0.7385804377747333f,0.47601884164065056f,0.4773939665931869f,0.15624495114142478f,-0.07223331710944403f,0.6481733685888171f,-0.7580591218048841f,1.1331644509613448f,-0.6702844805273728f,-0.5943713878168422f,-0.44434375038795276f,0.41334009190309884f,0f,0f,0f,1f],start_interpolation:0}
execute if entity @s[tag=aj.microphone.bone.right_straight] run data modify entity @s {} merge value {transformation:[-0.8714524344607042f,0.33048739648127f,-0.3624206606135254f,-0.07368302327768692f,0.38770137879196975f,0.9167438646787597f,-0.09627215306960535f,0.9391003688689898f,0.3004301838286521f,-0.22440759198584148f,-0.9270290919403762f,0.08324679875153007f,0f,0f,0f,1f],start_interpolation:0}
execute if entity @s[tag=aj.microphone.bone.microphone] run data modify entity @s {} merge value {transformation:[-0.8714524344607042f,0.3241119489797382f,-0.3681332625572809f,-0.17191874819932523f,0.38770137879196975f,0.9149240594038573f,-0.11225687687964807f,1.3163812517709619f,0.3004301838286521f,-0.24055230211436887f,-0.9229714484165585f,0.411093084427192f,0f,0f,0f,1f],start_interpolation:0}
execute if entity @s[tag=aj.microphone.bone.right_bend] run data modify entity @s {} merge value {transformation:[-0.8714524344607042f,-0.36813326255728085f,-0.3241119489797383f,-0.35865512492475504f,0.38770137879196975f,-0.11225687687964786f,-0.9149240594038573f,1.1601427485669296f,0.3004301838286521f,-0.9229714484165585f,0.24055230211436868f,0.07916742464054155f,0f,0f,0f,1f],start_interpolation:0}
execute if entity @s[tag=aj.microphone.bone.head] run data modify entity @s {} merge value {transformation:[-0.9596921866260444f,-0.00936647262427167f,0.2808970916892883f,-0.03293695064238252f,-0.003082810375481252f,0.9997352127386911f,0.022803523642471984f,1.415549518000391f,-0.28103630229760446f,0.021018410998520393f,-0.9594669474192359f,0.1770848853566551f,0f,0f,0f,1f],start_interpolation:0}
execute if entity @s[tag=aj.microphone.bone.outfit] run data modify entity @s {} merge value {transformation:[-0.9612425715875975f,-0.04391593418984336f,0.2721839622238899f,0.03019220475551731f,0.023332841675827408f,0.9707326906671879f,0.2390264039167481f,0.02012127516630835f,-0.27471493783009576f,0.2361131804755401f,-0.9320849043615779f,-0.16232781157693382f,0f,0f,0f,1f],start_interpolation:0}
execute if entity @s[tag=aj.microphone.bone.chest] run data modify entity @s {} merge value {transformation:[-0.9612425715875975f,-0.04391593418984336f,0.2721839622238899f,-0.008344624677767726f,0.023332841675827408f,0.9707326906671879f,0.2390264039167481f,0.6896599446120409f,-0.27471493783009576f,0.2361131804755401f,-0.9320849043615779f,-0.010432246214147997f,0f,0f,0f,1f],start_interpolation:0}