execute if entity @s[tag=aj.red_microphone.bone.left_straight] run data modify entity @s {} merge value {transformation:[-0.3736466872358584f,-0.8679333926215332f,-0.32723046785124354f,0.6592580137013202f,0.0020989537008297976f,0.351990036755053f,-0.936001393384934f,1.281226150198235f,0.9275687292654007f,-0.3504206614879487f,-0.12969815916703697f,0.5436039864693316f,0f,0f,0f,1f],start_interpolation:0}
execute if entity @s[tag=aj.red_microphone.bone.left_bend] run data modify entity @s {} merge value {transformation:[-0.3736466872358584f,-0.927286508703729f,0.022975724008556908f,0.7630923692225065f,0.0020989537008297976f,-0.025614954530646772f,-0.9996696796931247f,1.2338402270338877f,0.9275687292654007f,-0.37347503916653074f,0.011517274353246412f,0.20315409179733304f,0f,0f,0f,1f],start_interpolation:0}
execute if entity @s[tag=aj.red_microphone.bone.right_straight] run data modify entity @s {} merge value {transformation:[-0.4532430976945205f,0.19840844037505326f,-0.8690251924888106f,0.01767938722626626f,0.23642964361585925f,0.9667534694400624f,0.09741023018800557f,0.9298403507546127f,0.8594601317175528f,-0.16131280207578502f,-0.48508397404419107f,0.11763730488045543f,0f,0f,0f,1f],start_interpolation:0}
execute if entity @s[tag=aj.red_microphone.bone.microphone] run data modify entity @s {} merge value {transformation:[-0.4532430976945205f,0.18321164094501793f,-0.8723555404847895f,0.18026570394099245f,0.23642964361585925f,0.9683062711324815f,0.08052321966480887f,1.2101349965736543f,0.8594601317175528f,-0.16975411602592475f,-0.4821947968200234f,0.5106702684189043f,0f,0f,0f,1f],start_interpolation:0}
execute if entity @s[tag=aj.red_microphone.bone.right_bend] run data modify entity @s {} merge value {transformation:[-0.4532430976945205f,-0.8723555404847895f,-0.18321164094501813f,-0.1860107253523507f,0.23642964361585925f,0.08052321966480908f,-0.9683062711324815f,1.1226217235488374f,0.8594601317175528f,-0.4821947968200235f,0.16975411602592463f,0.3444216825921862f,0f,0f,0f,1f],start_interpolation:0}
execute if entity @s[tag=aj.red_microphone.bone.hat] run data modify entity @s {} merge value {transformation:[-0.9156783380697151f,0.026321216207735643f,-0.4010490927146328f,0.19028109091615464f,0.0188526949316164f,0.999567764569591f,0.022557923822155684f,1.879856996947986f,0.4014694970775487f,0.013094945998224278f,-0.9157787753085368f,0.3385311253139807f,0f,0f,0f,1f],start_interpolation:0}
execute if entity @s[tag=aj.red_microphone.bone.head] run data modify entity @s {} merge value {transformation:[-0.9156783380697151f,0.12922348573002382f,-0.3805712442180397f,0.15042023921596082f,0.0188526949316164f,0.9596698986206533f,0.2804964555484444f,1.3702415268025403f,0.4014694970775487f,0.2496697346840569f,-0.8811851488189599f,0.2715469742301489f,0f,0f,0f,1f],start_interpolation:0}
execute if entity @s[tag=aj.red_microphone.bone.outfit] run data modify entity @s {} merge value {transformation:[-0.911644105426855f,0.20056031895461443f,-0.35872075978578727f,-0.13788521928129743f,0.038095952381384635f,0.9103220357367205f,0.41214377305050753f,0.06165360043100465f,0.409211098887389f,0.3620626323068652f,-0.8375302542800465f,-0.2489180597109698f,0f,0f,0f,1f],start_interpolation:0}
execute if entity @s[tag=aj.red_microphone.bone.chest] run data modify entity @s {} merge value {transformation:[-0.911644105426855f,0.20056031895461443f,-0.35872075978578727f,-0.012829663457649219f,0.038095952381384635f,0.9103220357367205f,0.41214377305050753f,0.6912009451706677f,0.409211098887389f,0.3620626323068652f,-0.8375302542800465f,-0.0021983228197133033f,0f,0f,0f,1f],start_interpolation:0}