execute if entity @s[tag=aj.red_microphone.bone.left_straight] run data modify entity @s {} merge value {transformation:[-0.9761326485658784f,-0.06269093259191807f,0.2079300348062269f,0.015345804551112563f,-0.10606194710979114f,0.9730992117209385f,-0.20452087307501887f,1.01548093050964f,-0.18951494869546048f,-0.2216929658758791f,-0.9565230332313557f,0.08265783612288918f,0f,0f,0f,1f],start_interpolation:0}
execute if entity @s[tag=aj.red_microphone.bone.left_bend] run data modify entity @s {} merge value {transformation:[-0.9761326485658784f,-0.05483203827011687f,0.21013923951253746f,0.3721229013924507f,-0.10606194710979114f,0.9647252536207344f,-0.2409482276375773f,1.0541107386617836f,-0.18951494869546048f,-0.257485208517993f,-0.9475154096981233f,0.09494486075896447f,0f,0f,0f,1f],start_interpolation:0}
execute if entity @s[tag=aj.red_microphone.bone.right_straight] run data modify entity @s {} merge value {transformation:[-0.8166399859547454f,0.17860915898978708f,-0.548814997667515f,-0.01102574281799612f,0.2895390925199409f,0.9493765356531685f,-0.12186594049986739f,0.9653070000658621f,0.49926570805790627f,-0.25842399632415924f,-0.8270131745512211f,-0.05258161720429087f,0f,0f,0f,1f],start_interpolation:0}
execute if entity @s[tag=aj.red_microphone.bone.microphone] run data modify entity @s {} merge value {transformation:[-0.8166399859547454f,0.16900381355158972f,-0.5518485701212362f,-0.0707946796312634f,0.2895390925199409f,0.9471050870839146f,-0.13841628488909774f,1.3257808546948016f,0.49926570805790627f,-0.27281800714907045f,-0.8223770958220123f,0.3023276438846036f,0f,0f,0f,1f],start_interpolation:0}
execute if entity @s[tag=aj.red_microphone.bone.right_bend] run data modify entity @s {} merge value {transformation:[-0.8166399859547454f,-0.5518485701212362f,-0.16900381355158983f,-0.3103563978977184f,0.2895390925199409f,-0.13841628488909752f,-0.9471050870839146f,1.155053475173716f,0.49926570805790627f,-0.8223770958220125f,0.2728180071490703f,0.014372902781304209f,0f,0f,0f,1f],start_interpolation:0}
execute if entity @s[tag=aj.red_microphone.bone.hat] run data modify entity @s {} merge value {transformation:[-0.9972809533392748f,0.0108757809577914f,0.07288633270555833f,0.001994480588519469f,-0.0006921570432589846f,0.9876238620073023f,-0.15683949793469948f,1.9511430400203835f,-0.07369003341928045f,-0.1564634928101098f,-0.9849309388948679f,0.03492720397513912f,0f,0f,0f,1f],start_interpolation:0}
execute if entity @s[tag=aj.red_microphone.bone.head] run data modify entity @s {} merge value {transformation:[-0.9972809533392748f,-0.008359173323683662f,0.07321765038603613f,0.0012317822445491065f,-0.0006921570432589846f,0.9945644440620219f,0.10412054324785647f,1.435824482034154f,-0.07369003341928045f,0.10378675652001991f,-0.9918659627922108f,0.050089443007655936f,0f,0f,0f,1f],start_interpolation:0}
execute if entity @s[tag=aj.red_microphone.bone.outfit] run data modify entity @s {} merge value {transformation:[-0.9972952565003038f,0.0016423763260654755f,0.07348111296106503f,-0.0011291337241700148f,0.006541796607560325f,0.9977659760455386f,0.06648505052294837f,0.001535891468692152f,-0.07320776092149338f,0.06678592401020791f,-0.9950780190994896f,-0.04591532275701794f,0f,0f,0f,1f],start_interpolation:0}
execute if entity @s[tag=aj.red_microphone.bone.chest] run data modify entity @s {} merge value {transformation:[-0.9972952565003038f,0.0016423763260654755f,0.07348111296106503f,-0.010322364249063586f,0.006541796607560325f,0.9977659760455386f,0.06648505052294837f,0.68810135364675f,-0.07320776092149338f,0.06678592401020791f,-0.9950780190994896f,-0.00873023784977789f,0f,0f,0f,1f],start_interpolation:0}