execute if entity @s[tag=aj.red_microphone.bone.left_straight] run data modify entity @s {} merge value {transformation:[-0.3217665288959933f,-0.653248932459893f,-0.6853700701972868f,0.5735425696947926f,0.7484564592768642f,0.26785445227498983f,-0.6066851909872244f,1.5882427376342014f,0.5798958781099963f,-0.7081806440707592f,0.40274178565746205f,0.48354230229562983f,0f,0f,0f,1f],start_interpolation:0}
execute if entity @s[tag=aj.red_microphone.bone.left_bend] run data modify entity @s {} merge value {transformation:[-0.3217665288959933f,-0.8802974762591853f,-0.3486296805694158f,0.6421294371163957f,0.7484564592768642f,-0.010967031804642147f,-0.6630932459165421f,1.2930394660668538f,0.5798958781099963f,-0.47429534839075227f,0.662393155947381f,0.29097023797673954f,0f,0f,0f,1f],start_interpolation:0}
execute if entity @s[tag=aj.red_microphone.bone.right_straight] run data modify entity @s {} merge value {transformation:[-0.5220982559834525f,0.15874222078427866f,-0.8379822900512353f,-0.001972201446290206f,0.22439916117075887f,0.9734762068055783f,0.04459922924538823f,0.9560707158099877f,0.8228356017850085f,-0.16475734315622542f,-0.5438718510009546f,0.04979064093689847f,0f,0f,0f,1f],start_interpolation:0}
execute if entity @s[tag=aj.red_microphone.bone.microphone] run data modify entity @s {} merge value {transformation:[-0.5220982559834525f,0.14409323606194813f,-0.8406250950454863f,0.1188958482722296f,0.22439916117075887f,0.9741063055397241f,0.02760293414855682f,1.2500915763248275f,0.8228356017850085f,-0.17422412240830903f,-0.5409136045674553f,0.4478069187759507f,0f,0f,0f,1f],start_interpolation:0}
execute if entity @s[tag=aj.red_microphone.bone.right_bend] run data modify entity @s {} merge value {transformation:[-0.5220982559834525f,-0.8406250950454863f,-0.14409323606194832f,-0.23025376518596002f,0.22439916117075887f,0.027602934148557034f,-0.9741063055397241f,1.141053299390197f,0.8228356017850085f,-0.5409136045674553f,0.17422412240830892f,0.25896627302958386f,0f,0f,0f,1f],start_interpolation:0}
execute if entity @s[tag=aj.red_microphone.bone.hat] run data modify entity @s {} merge value {transformation:[-0.9398851132646043f,0.015938459237165484f,-0.34111865879885134f,0.12772999126963305f,0.01574453572581995f,0.9998704783593297f,0.003337079601047843f,1.9133549777613539f,0.34112766445769294f,-0.002234283471398424f,-0.9400143214435668f,0.2659251020366041f,0f,0f,0f,1f],start_interpolation:0}
execute if entity @s[tag=aj.red_microphone.bone.head] run data modify entity @s {} merge value {transformation:[-0.9398851132646043f,0.103683374945405f,-0.32537014556273064f,0.09712346439090291f,0.01574453572581995f,0.9649370182355073f,0.2620088938061969f,1.4023193585574734f,0.34112766445769294f,0.2411354569504434f,-0.9085623852784908f,0.20518361848888317f,0f,0f,0f,1f],start_interpolation:0}
execute if entity @s[tag=aj.red_microphone.bone.outfit] run data modify entity @s {} merge value {transformation:[-0.938236169953966f,0.12949795252120389f,-0.3208475801419244f,-0.08902984235832767f,0.0285014868616505f,0.953092478076631f,0.3013343549620951f,0.03224892132231616f,0.34481959723424616f,0.27357815798517754f,-0.8979167204349463f,-0.18808498361480955f,0f,0f,0f,1f],start_interpolation:0}
execute if entity @s[tag=aj.red_microphone.bone.chest] run data modify entity @s {} merge value {transformation:[-0.938236169953966f,0.12949795252120389f,-0.3208475801419244f,-0.012818712263127462f,0.0285014868616505f,0.953092478076631f,0.3013343549620951f,0.6902129931536535f,0.34481959723424616f,0.27357815798517754f,-0.8979167204349463f,-0.003383809521216412f,0f,0f,0f,1f],start_interpolation:0}