execute if entity @s[tag=aj.red_microphone.bone.left_straight] run data modify entity @s {} merge value {transformation:[-0.9953190082143651f,-0.08988737169871225f,0.035501159083477445f,0.02515246383842995f,-0.09127088706965328f,0.9950428870638688f,-0.03948769526218958f,1.0032544554360814f,-0.03177573068697917f,-0.04254307596658348f,-0.9985891996344693f,0.01061813255049493f,0f,0f,0f,1f],start_interpolation:0}
execute if entity @s[tag=aj.red_microphone.bone.left_bend] run data modify entity @s {} merge value {transformation:[-0.9953190082143651f,-0.08954976987430592f,0.03634433384492939f,0.3789920049994996f,-0.09127088706965328f,0.9946278487778178f,-0.04883715398268842f,1.0459118208996312f,-0.03177573068697917f,-0.051925727256043996f,-0.9981452909212364f,-0.033097518713616596f,0f,0f,0f,1f],start_interpolation:0}
execute if entity @s[tag=aj.red_microphone.bone.right_straight] run data modify entity @s {} merge value {transformation:[-0.7820575423812324f,0.13414926608470729f,-0.6085967259306948f,-0.0069370395216589165f,0.26623799160029654f,0.9548756058141408f,-0.13164311318758132f,0.968343336662723f,0.5634743403503547f,-0.2649840595771985f,-0.7824833007398434f,-0.09854468420522461f,0f,0f,0f,1f],start_interpolation:0}
execute if entity @s[tag=aj.red_microphone.bone.microphone] run data modify entity @s {} merge value {transformation:[-0.7820575423812324f,0.12350735708437344f,-0.6108452612165047f,0.00571723332215196f,0.26623799160029654f,0.9524326845183124f,-0.14828794047353094f,1.3383916814925427f,0.5634743403503547f,-0.27859991781634474f,-0.7777395152359551f,0.33049072004766944f,0f,0f,0f,1f],start_interpolation:0}
execute if entity @s[tag=aj.red_microphone.bone.right_bend] run data modify entity @s {} merge value {transformation:[-0.7820575423812324f,-0.6108452612165047f,-0.12350735708437358f,-0.30474917726364037f,0.26623799160029654f,-0.14828794047353072f,-0.9524326845183124f,1.1500976768249962f,0.5634743403503547f,-0.7777395152359552f,0.2785999178163446f,-0.007118407465217948f,0f,0f,0f,1f],start_interpolation:0}
execute if entity @s[tag=aj.red_microphone.bone.hat] run data modify entity @s {} merge value {transformation:[-0.9999239398849803f,0.0016073380011099854f,0.012228283176659836f,0.0008269405599203147f,-0.00005125938849448214f,0.9909213936876233f,-0.13444251152315428f,1.9529703339235849f,-0.012333361965558513f,-0.13443291262458223f,-0.9908459417012808f,0.005933006084098785f,0f,0f,0f,1f],start_interpolation:0}
execute if entity @s[tag=aj.red_microphone.bone.head] run data modify entity @s {} merge value {transformation:[-0.9999239398849803f,-0.0016123432881783352f,0.012227624218116144f,0.0008100980437284479f,-0.00005125938849448214f,0.9919528484388401f,0.12660783485450933f,1.4374401367781173f,-0.012333361965558513f,0.12659757826748771f,-0.9918774830388246f,0.009441132896973469f,0f,0f,0f,1f],start_interpolation:0}
execute if entity @s[tag=aj.red_microphone.bone.outfit] run data modify entity @s {} merge value {transformation:[-0.9999233777869126f,0.001080130724971264f,0.012331742489536324f,-0.0007425898734177445f,0.0012351973567731767f,0.999920182370823f,0.012573908500933643f,0.00005487462005915322f,-0.012317176734182353f,0.012588177195964625f,-0.9998449004481554f,-0.008654371822225681f,0f,0f,0f,1f],start_interpolation:0}
execute if entity @s[tag=aj.red_microphone.bone.chest] run data modify entity @s {} merge value {transformation:[-0.9999233777869126f,0.001080130724971264f,0.012331742489536324f,-0.010838393371580863f,0.0012351973567731767f,0.999920182370823f,0.012573908500933643f,0.6876137083044566f,-0.012317176734182353f,0.012588177195964625f,-0.9998449004481554f,-0.008102233170976358f,0f,0f,0f,1f],start_interpolation:0}