execute if entity @s[tag=aj.red_microphone.bone.left_straight] run data modify entity @s {} merge value {transformation:[-0.7895831296666426f,0.6136431303348714f,-0.0007680746382671133f,-0.22223127035519208f,0.01720519575073634f,0.020886959066827582f,-0.999633791035557f,1.4053015736951857f,-0.6134023659760441f,-0.7893071921208884f,-0.02704984068771088f,0.4459064875542843f,0f,0f,0f,1f],start_interpolation:0}
execute if entity @s[tag=aj.red_microphone.bone.left_bend] run data modify entity @s {} merge value {transformation:[-0.7895831296666426f,0.5966053476427152f,-0.14359853937260242f,0.06545265100751313f,0.01720519575073634f,-0.21239420834197298f,-0.9770325897849905f,1.344948912648274f,-0.6134023659760441f,-0.7739190910081634f,0.1574381719535949f,0.6521312377098996f,0f,0f,0f,1f],start_interpolation:0}
execute if entity @s[tag=aj.red_microphone.bone.right_straight] run data modify entity @s {} merge value {transformation:[-0.8260795450328045f,0.38105255855081516f,-0.41520059356926764f,-0.1291733385252044f,0.41659064731667894f,0.9090777513140338f,0.005465769304522861f,0.8887132625839774f,0.3795323673241388f,-0.16845352382095602f,-0.9097134672333029f,0.19783210998489312f,0f,0f,0f,1f],start_interpolation:0}
execute if entity @s[tag=aj.red_microphone.bone.microphone] run data modify entity @s {} merge value {transformation:[-0.8260795450328045f,0.3737482728885061f,-0.4217876406335934f,-0.1473063925067758f,0.41659064731667894f,0.9090346851966867f,-0.010400657557640636f,1.24361626029525f,0.3795323673241388f,-0.18430455670498122f,-0.9066349941024313f,0.6392869103934888f,0f,0f,0f,1f],start_interpolation:0}
execute if entity @s[tag=aj.red_microphone.bone.right_bend] run data modify entity @s {} merge value {transformation:[-0.8260795450328045f,-0.42178764063359336f,-0.3737482728885062f,-0.39804173943205295f,0.41659064731667894f,-0.010400657557640434f,-0.9090346851966867f,1.1272590769671857f,0.3795323673241388f,-0.9066349941024313f,0.18430455670498103f,0.22768426345593423f,0f,0f,0f,1f],start_interpolation:0}
execute if entity @s[tag=aj.red_microphone.bone.hat] run data modify entity @s {} merge value {transformation:[-0.9640527165166444f,0.06068409163843693f,0.25868861745136046f,-0.03954246173566529f,0.008685956698836261f,0.9802482394695811f,-0.19758021958944394f,1.8714881937622527f,-0.26556903797902437f,-0.1882307892954942f,-0.9455380775135874f,0.29925234609647877f,0f,0f,0f,1f],start_interpolation:0}
execute if entity @s[tag=aj.red_microphone.bone.head] run data modify entity @s {} merge value {transformation:[-0.9640527165166444f,-0.008337209589193664f,0.26558021521405617f,-0.05354130850715301f,0.008685956698836261f,0.9979846144433457f,0.06285907643763483f,1.3572588683150184f,-0.26556903797902437f,0.0629062816468462f,-0.9620373619544427f,0.33325123645191124f,0f,0f,0f,1f],start_interpolation:0}
execute if entity @s[tag=aj.red_microphone.bone.outfit] run data modify entity @s {} merge value {transformation:[-0.9678405101796341f,-0.07138841134287068f,0.2412228048530376f,0.04907953279822359f,0.04571620877861167f,0.8930118244200247f,0.44770515934142363f,0.07355437071123305f,-0.24737577712891767f,0.4443349819358816f,-0.8610294122257984f,-0.30548030008091853f,0f,0f,0f,1f],start_interpolation:0}
execute if entity @s[tag=aj.red_microphone.bone.chest] run data modify entity @s {} merge value {transformation:[-0.9678405101796341f,-0.07138841134287068f,0.2412228048530376f,-0.008663511353917104f,0.04571620877861167f,0.8930118244200247f,0.44770515934142363f,0.691567671522018f,-0.24737577712891767f,0.4443349819358816f,-0.8610294122257984f,-0.009567000691021867f,0f,0f,0f,1f],start_interpolation:0}