execute if entity @s[tag=aj.red_microphone.bone.left_straight] run data modify entity @s {} merge value {transformation:[-0.6887126435534203f,0.5163224814261776f,0.5090049015319733f,-0.16675680387527342f,-0.05646265396651748f,0.6617156468841868f,-0.7476258231065185f,1.164578303468179f,-0.7228325278490977f,-0.5436391246429533f,-0.42657899484237f,0.2132181024698601f,0f,0f,0f,1f],start_interpolation:0}
execute if entity @s[tag=aj.red_microphone.bone.left_bend] run data modify entity @s {} merge value {transformation:[-0.6887126435534203f,0.5703240953938713f,0.4476665285933513f,0.111731666439573f,-0.05646265396651748f,0.573377193285505f,-0.8173436015086273f,1.152107375966703f,-0.7228325278490977f,-0.5881913127828386f,-0.3626901104939093f,0.439540389820802f,0f,0f,0f,1f],start_interpolation:0}
execute if entity @s[tag=aj.red_microphone.bone.right_straight] run data modify entity @s {} merge value {transformation:[-0.8723357216522728f,0.3509068949857907f,-0.3404331649249819f,-0.08771038498229095f,0.40231479297762235f,0.9108656787351584f,-0.0920137090531194f,0.9336569207220204f,0.2778006408933956f,-0.21722814355826603f,-0.9357557039983503f,0.09959749956476321f,0f,0f,0f,1f],start_interpolation:0}
execute if entity @s[tag=aj.red_microphone.bone.microphone] run data modify entity @s {} merge value {transformation:[-0.8723357216522728f,0.3449120722070271f,-0.34650548505797596f,-0.18803897023717045f,0.40231479297762235f,0.9091210888322131f,-0.10789649295461042f,1.3130586259191555f,0.2778006408933956f,-0.23352624753201964f,-0.9318220300212015f,0.42434791197367705f,0f,0f,0f,1f],start_interpolation:0}
execute if entity @s[tag=aj.red_microphone.bone.right_bend] run data modify entity @s {} merge value {transformation:[-0.8723357216522728f,-0.3465054850579759f,-0.34491207220702713f,-0.3688569581343383f,0.40231479297762235f,-0.10789649295461021f,-0.9091210888322131f,1.1592851953918304f,0.2778006408933956f,-0.9318220300212015f,0.23352624753201945f,0.08802340317680261f,0f,0f,0f,1f],start_interpolation:0}
execute if entity @s[tag=aj.red_microphone.bone.hat] run data modify entity @s {} merge value {transformation:[-0.9511121553705855f,0.07327323682477502f,0.30002783316142495f,-0.024217138614297657f,-0.003293625700809946f,0.9689873054018894f,-0.24708855497519208f,1.922394901710617f,-0.30882813980604545f,-0.23599710747211722f,-0.921374269951539f,0.13434482413678905f,0f,0f,0f,1f],start_interpolation:0}
execute if entity @s[tag=aj.red_microphone.bone.head] run data modify entity @s {} merge value {transformation:[-0.9511121553705855f,-0.0068764054581730155f,0.30876914184272725f,-0.04193160370219988f,-0.003293625700809946f,0.9999210874883786f,0.01212315246959736f,1.4106642543397387f,-0.30882813980604545f,0.010513507694054625f,-0.9510597490273178f,0.1943584365449861f,0f,0f,0f,1f],start_interpolation:0}
execute if entity @s[tag=aj.red_microphone.bone.outfit] run data modify entity @s {} merge value {transformation:[-0.9532211175358302f,-0.0559088049362665f,0.29705842289748613f,0.03843730339368322f,0.025674774146834674f,0.9642190057863183f,0.26386078688003833f,0.02459943352190619f,-0.3011815184506716f,0.2591445820599815f,-0.9176784723053633f,-0.17816190016623726f,0f,0f,0f,1f],start_interpolation:0}
execute if entity @s[tag=aj.red_microphone.bone.chest] run data modify entity @s {} merge value {transformation:[-0.9532211175358302f,-0.0559088049362665f,0.29705842289748613f,-0.0080586716655838f,0.025674774146834674f,0.9642190057863183f,0.26386078688003833f,0.6898834584876813f,-0.3011815184506716f,0.2591445820599815f,-0.9176784723053633f,-0.010606923184237584f,0f,0f,0f,1f],start_interpolation:0}