execute if entity @s[tag=aj.red_microphone.bone.left_straight] run data modify entity @s {} merge value {transformation:[-0.29841652562404825f,-0.4426529173991406f,-0.8455802575465569f,0.5182649093773928f,0.7370106963244277f,0.4560456262585041f,-0.4988362659970417f,1.499704180862628f,0.6064345065527308f,-0.7720626797666872f,0.19014838356827385f,0.5376998628673006f,0f,0f,0f,1f],start_interpolation:0}
execute if entity @s[tag=aj.red_microphone.bone.left_bend] run data modify entity @s {} merge value {transformation:[-0.29841652562404825f,-0.7506920929393728f,-0.5894140809590284f,0.5724658109228474f,0.7370106963244277f,0.21113914496107264f,-0.6420556790251837f,1.2167941047081374f,0.6064345065527308f,-0.6260045072229202f,0.49026069207997325f,0.3233233693687527f,0f,0f,0f,1f],start_interpolation:0}
execute if entity @s[tag=aj.red_microphone.bone.right_straight] run data modify entity @s {} merge value {transformation:[-0.4998717785160239f,0.16688943669072018f,-0.849868296246119f,0.002737286552304208f,0.22381453516325087f,0.972820493083962f,0.05939143107835415f,0.9513819280519209f,0.8366810974874985f,-0.1605247773925604f,-0.5236377917513058f,0.06462476403335882f,0f,0f,0f,1f],start_interpolation:0}
execute if entity @s[tag=aj.red_microphone.bone.microphone] run data modify entity @s {} merge value {transformation:[-0.4998717785160239f,0.152031771696916f,-0.852651479467387f,0.13652335763718132f,0.22381453516325087f,0.9737088512049749f,0.04240432683991208f,1.2405460545037839f,0.8366810974874985f,-0.1696390682590098f,-0.520756495521016f,0.46206621184989216f,0f,0f,0f,1f],start_interpolation:0}
execute if entity @s[tag=aj.red_microphone.bone.right_bend] run data modify entity @s {} merge value {transformation:[-0.4998717785160239f,-0.852651479467387f,-0.1520317716969162f,-0.21827552238437486f,0.22381453516325087f,0.0424043268399123f,-0.9737088512049749f,1.1373671156641887f,0.8366810974874985f,-0.520756495521016f,0.16963906825900968f,0.28060698993993893f,0f,0f,0f,1f],start_interpolation:0}
execute if entity @s[tag=aj.red_microphone.bone.hat] run data modify entity @s {} merge value {transformation:[-0.9313999495684387f,0.020029112454541323f,-0.3634459637940598f,0.14511605881686568f,0.016701348860700578f,0.9997849055056666f,0.012296652766453309f,1.905975843486266f,0.36361407960933373f,0.005383063933197069f,-0.9315341237617375f,0.2850351521994893f,0f,0f,0f,1f],start_interpolation:0}
execute if entity @s[tag=aj.red_microphone.bone.head] run data modify entity @s {} merge value {transformation:[-0.9313999495684387f,0.11341337429303339f,-0.34587792712946863f,0.11094802037916988f,0.016701348860700578f,0.9625354530349284f,0.2706410290349167f,1.3955738147050816f,0.36361407960933373f,0.24629841287006654f,-0.8983996287441036f,0.22095703134984676f,0f,0f,0f,1f],start_interpolation:0}
execute if entity @s[tag=aj.red_microphone.bone.outfit] run data modify entity @s {} merge value {transformation:[-0.9293001775919947f,0.14793069383889318f,-0.33840462430030505f,-0.10170235201423905f,0.030763146992657642f,0.9440984196067754f,0.3282252319415697f,0.038432336520341726f,0.3680418572860906f,0.294609375133129f,-0.8819016426841896f,-0.20254394540402618f,0f,0f,0f,1f],start_interpolation:0}
execute if entity @s[tag=aj.red_microphone.bone.chest] run data modify entity @s {} merge value {transformation:[-0.9293001775919947f,0.14793069383889318f,-0.33840462430030505f,-0.012860882542305498f,0.030763146992657642f,0.9440984196067754f,0.3282252319415697f,0.6904520167372665f,0.3680418572860906f,0.294609375133129f,-0.8819016426841896f,-0.00300219590107302f,0f,0f,0f,1f],start_interpolation:0}