execute if entity @s[tag=aj.red_microphone.bone.left_straight] run data modify entity @s {} merge value {transformation:[-0.9093198522197995f,0.07647373944120088f,0.40900999197432986f,-0.031243703616689655f,-0.10862131094200898f,0.9052557393996771f,-0.4107474371109129f,1.048816317539317f,-0.40167003518833894f,-0.4179280003299891f,-0.8148603373412988f,0.15707026635163404f,0f,0f,0f,1f],start_interpolation:0}
execute if entity @s[tag=aj.red_microphone.bone.left_bend] run data modify entity @s {} merge value {transformation:[-0.9093198522197995f,0.10319583838783697f,0.40309803435193464f,0.3145404293353856f,-0.10862131094200898f,0.8762958600013675f,-0.46936870001492764f,1.0762600643266023f,-0.40167003518833894f,-0.4705913138636277f,-0.785623954667819f,0.24987815418273046f,0f,0f,0f,1f],start_interpolation:0}
execute if entity @s[tag=aj.red_microphone.bone.right_straight] run data modify entity @s {} merge value {transformation:[-0.8500967093297009f,0.24068219778922734f,-0.46840971857355973f,-0.027917874135989507f,0.32705643756922165f,0.9384187780644356f,-0.11137451961998072f,0.9573116710173224f,0.41275861157744964f,-0.24787552651159198f,-0.8764633774010511f,0.006444249662692039f,0f,0f,0f,1f],start_interpolation:0}
execute if entity @s[tag=aj.red_microphone.bone.microphone] run data modify entity @s {} merge value {transformation:[-0.8500967093297009f,0.23247066393701424f,-0.47253886104266385f,-0.06700058565611999f,0.32705643756922165f,0.936332098956038f,-0.1277352226643476f,1.3355329900893524f,0.41275861157744964f,-0.2631341689580896f,-0.8720038633488912f,0.4266685489298655f,0f,0f,0f,1f],start_interpolation:0}
execute if entity @s[tag=aj.red_microphone.bone.right_bend] run data modify entity @s {} merge value {transformation:[-0.8500967093297009f,-0.4725388610426638f,-0.23247066393701435f,-0.324696840997972f,0.32705643756922165f,-0.1277352226643474f,-0.936332098956038f,1.1592458499854752f,0.41275861157744964f,-0.8720038633488914f,0.26313416895808944f,0.04151996527342273f,0f,0f,0f,1f],start_interpolation:0}
execute if entity @s[tag=aj.red_microphone.bone.hat] run data modify entity @s {} merge value {transformation:[-0.9872718099472458f,0.028475416172393256f,0.15647211878573877f,-0.0019684118288888566f,-0.0017429871363487809f,0.9818448955148821f,-0.18967752409606348f,1.94490622916449f,-0.15903249755736046f,-0.18753600141087368f,-0.9692981547983514f,0.07082537364808966f,0f,0f,0f,1f],start_interpolation:0}
execute if entity @s[tag=aj.red_microphone.bone.head] run data modify entity @s {} merge value {transformation:[-0.9872718099472458f,-0.01299282447404905f,0.15851044065195166f,-0.006227483369001098f,-0.0017429871363487809f,0.9974814976518699f,0.07090573910499125f,1.4303807568945197f,-0.15903249755736046f,0.06972695572279859f,-0.9848080099015741f,0.10290480788920547f,0f,0f,0f,1f],start_interpolation:0}
execute if entity @s[tag=aj.red_microphone.bone.outfit] run data modify entity @s {} merge value {transformation:[-0.9875155918454827f,-0.00830331115866813f,0.15730229141963709f,0.005708526421584339f,0.013461995404276545f,0.9905076758593596f,0.13679663279271523f,0.006525972846690209f,-0.1569449920889524f,0.13720641051894064f,-0.9780299946170908f,-0.09432940723177169f,0f,0f,0f,1f],start_interpolation:0}
execute if entity @s[tag=aj.red_microphone.bone.chest] run data modify entity @s {} merge value {transformation:[-0.9875155918454827f,-0.00830331115866813f,0.15730229141963709f,-0.009547449151059732f,0.013461995404276545f,0.9905076758593596f,0.13679663279271523f,0.6887373387423013f,-0.1569449920889524f,0.13720641051894064f,-0.9780299946170908f,-0.009510262370577859f,0f,0f,0f,1f],start_interpolation:0}