execute if entity @s[tag=aj.red_microphone.bone.left_straight] run data modify entity @s {} merge value {transformation:[-0.5002673278574071f,0.8254999041713449f,0.2613092208313942f,-0.2545101801796689f,0.030698160826130083f,0.31850725603445257f,-0.947423216295282f,1.3164933194456216f,-0.8653266571649708f,-0.465943168279678f,-0.1846801026997576f,0.22253549211609794f,0f,0f,0f,1f],start_interpolation:0}
execute if entity @s[tag=aj.red_microphone.bone.left_bend] run data modify entity @s {} merge value {transformation:[-0.5002673278574071f,0.8565575727331113f,0.12665593263629876f,-0.052503345079641106f,0.030698160826130083f,0.163729248356785f,-0.9860275635875578f,1.2579222339644323f,-0.8653266571649708f,-0.48938927024004447f,-0.10820313569215136f,0.5135609143754564f,0f,0f,0f,1f],start_interpolation:0}
execute if entity @s[tag=aj.red_microphone.bone.right_straight] run data modify entity @s {} merge value {transformation:[-0.8641804945837327f,0.4194545532926597f,-0.277938753150889f,-0.1494583787717675f,0.4525144207003083f,0.8894052009696041f,-0.06472316081962204f,0.9067635466804406f,0.22005174809412414f,-0.18170378700036388f,-0.9584158606525911f,0.15769977523488427f,0f,0f,0f,1f],start_interpolation:0}
execute if entity @s[tag=aj.red_microphone.bone.microphone] run data modify entity @s {} merge value {transformation:[-0.8641804945837327f,0.4145399682478583f,-0.2852169130785903f,-0.24969111007329858f,0.4525144207003083f,0.8881401653410359f,-0.080235564223491f,1.2892891735729184f,0.22005174809412414f,-0.19840277576954968f,-0.9550987209328984f,0.47879454883272876f,0f,0f,0f,1f],start_interpolation:0}
execute if entity @s[tag=aj.red_microphone.bone.right_bend] run data modify entity @s {} merge value {transformation:[-0.8641804945837327f,-0.2852169130785902f,-0.4145399682478584f,-0.4150325415277561f,0.4525144207003083f,-0.0802355642234908f,-0.8881401653410359f,1.1490926625367541f,0.22005174809412414f,-0.9550987209328984f,0.19840277576954946f,0.12884778539769007f,0f,0f,0f,1f],start_interpolation:0}
execute if entity @s[tag=aj.red_microphone.bone.hat] run data modify entity @s {} merge value {transformation:[-0.9154272976938468f,0.10840692135941633f,0.3876090840503031f,-0.05500942596450925f,-0.0024709052428596515f,0.9615118740956144f,-0.2747522713289555f,1.8936330085946966f,-0.4024757846929706f,-0.2524734745958723f,-0.8799263533735452f,0.19399383217696167f,0f,0f,0f,1f],start_interpolation:0}
execute if entity @s[tag=aj.red_microphone.bone.head] run data modify entity @s {} merge value {transformation:[-0.9154272976938468f,0.004392432082586134f,0.4024594006571861f,-0.08492276802688715f,-0.0024709052428596515f,0.9998602719776659f,-0.016532729600057583f,1.3839035260411119f,-0.4024757846929706f,-0.01612895102440587f,-0.9152885335644876f,0.2651608047735526f,0f,0f,0f,1f],start_interpolation:0}
execute if entity @s[tag=aj.red_microphone.bone.outfit] run data modify entity @s {} merge value {transformation:[-0.92083415047054f,-0.11323035736918287f,0.37315325738528177f,0.07784587069131323f,0.03556821533420892f,0.9285380347214824f,0.3695294577344363f,0.04913010112898086f,-0.3883289448201596f,0.35354773969807013f,-0.8510021306490644f,-0.24306407104242325f,0f,0f,0f,1f],start_interpolation:0}
execute if entity @s[tag=aj.red_microphone.bone.chest] run data modify entity @s {} merge value {transformation:[-0.92083415047054f,-0.11323035736918287f,0.37315325738528177f,-0.007098058500982566f,0.03556821533420892f,0.9285380347214824f,0.3695294577344363f,0.6908337152215392f,-0.3883289448201596f,0.35354773969807013f,-0.8510021306490644f,-0.011028771062580227f,0f,0f,0f,1f],start_interpolation:0}