execute if entity @s[tag=aj.red_microphone.bone.left_straight] run data modify entity @s {} merge value {transformation:[-0.9602380982715633f,-0.031140038888831836f,0.2774402505149783f,0.004504147650904289f,-0.10917673523089641f,0.956506921434286f,-0.2705086869818183f,1.0237666562053676f,-0.2569498688696583f,-0.29004276792622596f,-0.921874155002492f,0.10886317942998736f,0f,0f,0f,1f],start_interpolation:0}
execute if entity @s[tag=aj.red_microphone.bone.left_bend] run data modify entity @s {} merge value {transformation:[-0.9602380982715633f,-0.018073647538390927f,0.2785967298667913f,0.3598285113063839f,-0.10917673523089641f,0.9427446929129352f,-0.3151394682816139f,1.0596954391635274f,-0.2569498688696583f,-0.33302520512590855f,-0.9072325929102811f,0.14610360143063683f,0f,0f,0f,1f],start_interpolation:0}
execute if entity @s[tag=aj.red_microphone.bone.right_straight] run data modify entity @s {} merge value {transformation:[-0.8288200953227336f,0.19785641452434977f,-0.5233642028461476f,-0.014922423701977716f,0.30068621005209184f,0.9463431996735691f,-0.11841601038753442f,0.9632415713317743f,0.47185278707847456f,-0.25551396764787637f,-0.8438409563792906f,-0.03370570840505163f,0f,0f,0f,1f],start_interpolation:0}
execute if entity @s[tag=aj.red_microphone.bone.microphone] run data modify entity @s {} merge value {transformation:[-0.8288200953227336f,0.18869231525128274f,-0.5267375625055852f,-0.08185261758760887f,0.30068621005209184f,0.9441324226785778f,-0.13491394120545416f,1.325619666917973f,0.47185278707847456f,-0.2702021069721514f,-0.8392531017006049f,0.3179713796619007f,0f,0f,0f,1f],start_interpolation:0}
execute if entity @s[tag=aj.red_microphone.bone.right_bend] run data modify entity @s {} merge value {transformation:[-0.8288200953227336f,-0.5267375625055852f,-0.18869231525128285f,-0.3140184018633704f,0.30068621005209184f,-0.13491394120545394f,-0.9441324226785778f,1.1566621146879772f,0.47185278707847456f,-0.839253101700605f,0.27020210697215125f,0.023000225043605688f,0f,0f,0f,1f],start_interpolation:0}
execute if entity @s[tag=aj.red_microphone.bone.hat] run data modify entity @s {} merge value {transformation:[-0.9949579076442912f,0.015749204575090388f,0.09904910181998715f,0.001408671848484283f,-0.0010165836556247417f,0.9859592246386505f,-0.16698315456243612f,1.9496569894920759f,-0.100288227493387f,-0.16624190177329917f,-0.980971916785099f,0.04634847300653145f,0f,0f,0f,1f],start_interpolation:0}
execute if entity @s[tag=aj.red_microphone.bone.head] run data modify entity @s {} merge value {transformation:[-0.9949579076442912f,-0.01042323050872166f,0.09975027960791027f,-0.00012354053650957554f,-0.0010165836556247417f,0.9955818993584739f,0.09389168348392092f,1.4345218095490861f,-0.100288227493387f,0.0933168684404686f,-0.9905726795600103f,0.06677125725748023f,0f,0f,0f,1f],start_interpolation:0}
execute if entity @s[tag=aj.red_microphone.bone.outfit] run data modify entity @s {} merge value {transformation:[-0.9950070769817524f,-0.0001647207153461007f,0.0998042565390629f,0.00011324549180044378f,0.008722160371224467f,0.9960290793987816f,0.08860020829814244f,0.002730007913337662f,-0.09942253605037334f,0.08902834300997364f,-0.9910545461609117f,-0.06120698581935688f,0f,0f,0f,1f],start_interpolation:0}
execute if entity @s[tag=aj.red_microphone.bone.chest] run data modify entity @s {} merge value {transformation:[-0.9950070769817524f,-0.0001647207153461007f,0.0998042565390629f,-0.01008757473519226f,0.008722160371224467f,0.9960290793987816f,0.08860020829814244f,0.6883014315389361f,-0.09942253605037334f,0.08902834300997364f,-0.9910545461609117f,-0.008984899902770724f,0f,0f,0f,1f],start_interpolation:0}