execute if entity @s[tag=aj.red_microphone.bone.left_straight] run data modify entity @s {} merge value {transformation:[-0.8994484672994215f,-0.4170329632601387f,0.13067502526186595f,0.25444565398241625f,-0.14620626465817235f,0.005361905811195999f,-0.9892395959224318f,1.3467024300110646f,0.41184485288446415f,-0.9088755456719801f,-0.06579558976127792f,0.7179664997391957f,0f,0f,0f,1f],start_interpolation:0}
execute if entity @s[tag=aj.red_microphone.bone.left_bend] run data modify entity @s {} merge value {transformation:[-0.8994484672994215f,-0.35725782774793746f,0.25171273147289663f,0.5753817426582393f,-0.14620626465817235f,-0.2967939340182384f,-0.9436827268233121f,1.3446825166145049f,0.41184485288446415f,-0.8855959604937247f,0.21471751654155144f,0.5569414184066679f,0f,0f,0f,1f],start_interpolation:0}
execute if entity @s[tag=aj.red_microphone.bone.right_straight] run data modify entity @s {} merge value {transformation:[-0.6224340788524573f,0.2729923015533838f,-0.7335196117185139f,-0.023806501333982433f,0.3260244528201921f,0.9424528005854614f,0.07409976269810015f,0.8970459830084734f,0.7115362771119876f,-0.1930231125052307f,-0.675616906532397f,0.1933886241580662f,0f,0f,0f,1f],start_interpolation:0}
execute if entity @s[tag=aj.red_microphone.bone.microphone] run data modify entity @s {} merge value {transformation:[-0.6224340788524573f,0.2601490411101593f,-0.7381722657297264f,0.05949032604268811f,0.3260244528201921f,0.9436024796345731f,0.057640407621557276f,1.208213758061417f,0.7115362771119876f,-0.20478485499897134f,-0.6721452889938775f,0.5879904026678455f,0f,0f,0f,1f],start_interpolation:0}
execute if entity @s[tag=aj.red_microphone.bone.right_bend] run data modify entity @s {} merge value {transformation:[-0.6224340788524573f,-0.7381722657297263f,-0.26014904111015946f,-0.2640240394123933f,0.3260244528201921f,0.057640407621557484f,-0.9436024796345731f,1.1149881415456748f,0.7115362771119876f,-0.6721452889938775f,0.2047848549989712f,0.3511296256906578f,0f,0f,0f,1f],start_interpolation:0}
execute if entity @s[tag=aj.red_microphone.bone.hat] run data modify entity @s {} merge value {transformation:[-0.987355333134835f,0.006363332960556939f,-0.15839493086532835f,0.10495063672594335f,0.018027554065783487f,0.9972190737949976f,-0.07231269704451959f,1.8651212387434886f,0.15749429648277524f,-0.07425380026019088f,-0.9847242861442563f,0.3654634967606306f,0f,0f,0f,1f],start_interpolation:0}
execute if entity @s[tag=aj.red_microphone.bone.head] run data modify entity @s {} merge value {transformation:[-0.987355333134835f,0.047142132403522496f,-0.1513508027155714f,0.0912693211377141f,0.018027554065783487f,0.9819555610445029f,0.18825058679372275f,1.3504610914302444f,0.15749429648277524f,0.18314173605768952f,-0.9703889174393796f,0.33860375406761223f,0f,0f,0f,1f],start_interpolation:0}
execute if entity @s[tag=aj.red_microphone.bone.outfit] run data modify entity @s {} merge value {transformation:[-0.9838651774523656f,0.1216924281836188f,-0.13114978276535572f,-0.08366354437623794f,0.04732459424082083f,0.8839481219069925f,0.4651839427119583f,0.07978566618894267f,0.17253896770459387f,0.4514716720901496f,-0.8754448206046783f,-0.31038677456197783f,0f,0f,0f,1f],start_interpolation:0}
execute if entity @s[tag=aj.red_microphone.bone.chest] run data modify entity @s {} merge value {transformation:[-0.9838651774523656f,0.1216924281836188f,-0.13114978276535572f,-0.011806125209796675f,0.04732459424082083f,0.8839481219069925f,0.4651839427119583f,0.6917245472929949f,0.17253896770459387f,0.4514716720901496f,-0.8754448206046783f,-0.005089055954924536f,0f,0f,0f,1f],start_interpolation:0}