execute if entity @s[tag=aj.red_microphone.bone.left_straight] run data modify entity @s {} merge value {transformation:[-0.8564533345603663f,0.5161859636288696f,0.006303703115211584f,-0.1925389733869759f,-0.0017407982928592108f,0.009323204093574178f,-0.9999550227318895f,1.4010984365107997f,-0.5162215177050768f,-0.8564257871047352f,-0.0070863135904454255f,0.49518239723536495f,0f,0f,0f,1f],start_interpolation:0}
execute if entity @s[tag=aj.red_microphone.bone.left_bend] run data modify entity @s {} merge value {transformation:[-0.8564533345603663f,0.5023780382796786f,-0.11876023061063476f,0.11803039207076627f,-0.0017407982928592108f,-0.2328647495265136f,-0.9725075722323493f,1.3473036186231195f,-0.5162215177050768f,-0.8327006155168952f,0.20031233006495422f,0.6671879689195963f,0f,0f,0f,1f],start_interpolation:0}
execute if entity @s[tag=aj.red_microphone.bone.right_straight] run data modify entity @s {} merge value {transformation:[-0.8107639274356799f,0.36889326519565474f,-0.4545103000619014f,-0.11758254605679272f,0.40708187387598377f,0.9132672944960185f,0.015073047652685079f,0.8883243052402591f,0.42064973782315496f,-0.17280222133181827f,-0.8906139401402271f,0.2016437415236895f,0f,0f,0f,1f],start_interpolation:0}
execute if entity @s[tag=aj.red_microphone.bone.microphone] run data modify entity @s {} merge value {transformation:[-0.8107639274356799f,0.36090478247797875f,-0.4608791511379031f,-0.15850293325915893f,0.40708187387598377f,0.9133912604174405f,-0.0008679600549032859f,1.2372537946044966f,0.42064973782315496f,-0.18831925917856093f,-0.88746248072341f,0.5704906510250705f,0f,0f,0f,1f],start_interpolation:0}
execute if entity @s[tag=aj.red_microphone.bone.right_bend] run data modify entity @s {} merge value {transformation:[-0.8107639274356799f,-0.46087915113790306f,-0.36090478247797886f,-0.3860556764528902f,0.40708187387598377f,-0.000867960054903083f,-0.9133912604174405f,1.1249878365940689f,0.42064973782315496f,-0.88746248072341f,0.18831925917856074f,0.2463430123821368f,0f,0f,0f,1f],start_interpolation:0}
execute if entity @s[tag=aj.red_microphone.bone.hat] run data modify entity @s {} merge value {transformation:[-0.9753960683608004f,0.05023264172256166f,0.21466064271744262f,-0.02664364114266455f,0.010403252155689928f,0.9830982271578307f,-0.18278306295637797f,1.869943741689436f,-0.22021417341051847f,-0.17605271217650373f,-0.9594327284205074f,0.31251851397446895f,0f,0f,0f,1f],start_interpolation:0}
execute if entity @s[tag=aj.red_microphone.bone.head] run data modify entity @s {} merge value {transformation:[-0.9753960683608004f,-0.007037256606673772f,0.22034742305219868f,-0.03819692818003083f,0.010403252155689928f,0.9969077052060294f,0.07788966327718455f,1.3552312967104239f,-0.22021417341051847f,0.07826560113038095f,-0.9723066458215855f,0.33937576529714897f,0f,0f,0f,1f],start_interpolation:0}
execute if entity @s[tag=aj.red_microphone.bone.outfit] run data modify entity @s {} merge value {transformation:[-0.9782802840000112f,-0.05092923757337444f,0.2009325725138964f,0.03501385083169493f,0.046685389437335044f,0.8903083956138984f,0.4529585357540915f,0.07541297801544489f,-0.20196078913972831f,0.45250102039619866f,-0.8685934988188992f,-0.3110944515223866f,0f,0f,0f,1f],start_interpolation:0}
execute if entity @s[tag=aj.red_microphone.bone.chest] run data modify entity @s {} merge value {transformation:[-0.9782802840000112f,-0.05092923757337444f,0.2009325725138964f,-0.00909875916903001f,0.046685389437335044f,0.8903083956138984f,0.4529585357540915f,0.6916201347787613f,-0.20196078913972831f,0.45250102039619866f,-0.8685934988188992f,-0.009130550574928882f,0f,0f,0f,1f],start_interpolation:0}