execute if entity @s[tag=aj.red_microphone.bone.left_straight] run data modify entity @s {} merge value {transformation:[-0.6517318184794194f,0.7583355235756717f,0.013148021323413375f,-0.2571914328885184f,0.04645334722367725f,0.05721397725679811f,-0.9972806261720797f,1.4061684425790013f,-0.7570255763930474f,-0.6493487464295828f,-0.07251539282872294f,0.3555932086643635f,0f,0f,0f,1f],start_interpolation:0}
execute if entity @s[tag=aj.red_microphone.bone.left_bend] run data modify entity @s {} merge value {transformation:[-0.6517318184794194f,0.7435088782715829f,-0.14980048301938687f,-0.015834131439111165f,0.04645334722367725f,-0.15800723614882545f,-0.9863446658528277f,1.336024236555367f,-0.7570255763930474f,-0.649790936575713f,0.06843986726194447f,0.6120295034457114f,0f,0f,0f,1f],start_interpolation:0}
execute if entity @s[tag=aj.red_microphone.bone.right_straight] run data modify entity @s {} merge value {transformation:[-0.8472436232469315f,0.4022039345654528f,-0.3470017836949555f,-0.14779551619323747f,0.4333972657806703f,0.9010982307775077f,-0.013740032877864794f,0.8906016324084159f,0.3071563980796279f,-0.1620307795133834f,-0.9377638154722301f,0.18857772161818026f,0f,0f,0f,1f],start_interpolation:0}
execute if entity @s[tag=aj.red_microphone.bone.microphone] run data modify entity @s {} merge value {transformation:[-0.8472436232469315f,0.39608666079459326f,-0.3539683601792688f,-0.19455826406466142f,0.4333972657806703f,0.900721192514147f,-0.02946427276775242f,1.2566623247023856f,0.3071563980796279f,-0.178372336690649f,-0.9347931624815552f,0.6186708524674329f,0f,0f,0f,1f],start_interpolation:0}
execute if entity @s[tag=aj.red_microphone.bone.right_bend] run data modify entity @s {} merge value {transformation:[-0.8472436232469315f,-0.3539683601792687f,-0.3960866607945933f,-0.41554397596959336f,0.4333972657806703f,-0.02946427276775222f,-0.900721192514147f,1.1322206417220309f,0.3071563980796279f,-0.9347931624815552f,0.1783723366906488f,0.1926385415488029f,0f,0f,0f,1f],start_interpolation:0}
execute if entity @s[tag=aj.red_microphone.bone.hat] run data modify entity @s {} merge value {transformation:[-0.9402223186744192f,0.08141046940003098f,0.3306876576749813f,-0.057850483691205004f,0.005165331684258027f,0.9743050107391793f,-0.22517341183434453f,1.8751045439524856f,-0.34052211501617724f,-0.21000495594293567f,-0.9164838283703184f,0.2713565549941512f,0f,0f,0f,1f],start_interpolation:0}
execute if entity @s[tag=aj.red_microphone.bone.head] run data modify entity @s {} merge value {transformation:[-0.9402223186744192f,-0.006951788862822092f,0.3404903289347669f,-0.07770726418337207f,0.005165331684258027f,0.999385539989263f,0.03466787863369769f,1.3620975779581548f,-0.34052211501617724f,0.03435425871672876f,-0.9396086813631159f,0.3184017727747868f,0f,0f,0f,1f],start_interpolation:0}
execute if entity @s[tag=aj.red_microphone.bone.outfit] run data modify entity @s {} merge value {transformation:[-0.9454802371871582f,-0.10360968557782943f,0.3087590551594857f,0.07123165883475772f,0.043433238160491966f,0.8994634372775396f,0.4348322421621556f,0.06911888687169154f,-0.32277031293384f,0.4245356970330491f,-0.8459247998689092f,-0.2918682917102213f,0f,0f,0f,1f],start_interpolation:0}
execute if entity @s[tag=aj.red_microphone.bone.chest] run data modify entity @s {} merge value {transformation:[-0.9454802371871582f,-0.10360968557782943f,0.3087590551594857f,-0.00788076637343239f,0.043433238160491966f,0.8994634372775396f,0.4348322421621556f,0.69144012047211f,-0.32277031293384f,0.4245356970330491f,-0.8459247998689092f,-0.010271263546669246f,0f,0f,0f,1f],start_interpolation:0}