execute if entity @s[tag=aj.red_microphone.bone.left_straight] run data modify entity @s {} merge value {transformation:[-0.9040047246124445f,0.1194350270489404f,-0.410500587322597f,0.005245702203347469f,0.39246808291756563f,0.6126179496865016f,-0.6860525137428748f,1.3570993815612082f,0.16954132761480023f,-0.7813030922988373f,-0.6006839569980917f,0.3639585964203474f,0f,0f,0f,1f],start_interpolation:0}
execute if entity @s[tag=aj.red_microphone.bone.left_bend] run data modify entity @s {} merge value {transformation:[-0.9040047246124445f,-0.09119280887534716f,-0.4176832884947668f,0.3049927056500002f,0.39246808291756563f,0.21042217237508687f,-0.8953721646689491f,1.1881422816324243f,0.16954132761480023f,-0.9733480266494474f,-0.15443237111511737f,0.2613020710981853f,0f,0f,0f,1f],start_interpolation:0}
execute if entity @s[tag=aj.red_microphone.bone.right_straight] run data modify entity @s {} merge value {transformation:[-0.700928121846665f,0.12439466892836534f,-0.7023003163509959f,-0.01634320967204067f,0.24736096833953053f,0.9659552031552987f,-0.07578322267715534f,0.9713067574143335f,0.6689636158616075f,-0.22684027825632705f,-0.7078355520980532f,-0.057127984819501834f,0f,0f,0f,1f],start_interpolation:0}
execute if entity @s[tag=aj.red_microphone.bone.microphone] run data modify entity @s {} merge value {transformation:[-0.700928121846665f,0.112118892455778f,-0.7043643389319169f,0.0575036919029433f,0.24736096833953053f,0.9644854838958603f,-0.09262992333095248f,1.3158885125293656f,0.6689636158616075f,-0.23915916312919733f,-0.7037688365825143f,0.38669330286796094f,0f,0f,0f,1f],start_interpolation:0}
execute if entity @s[tag=aj.red_microphone.bone.right_bend] run data modify entity @s {} merge value {transformation:[-0.700928121846665f,-0.7043643389319169f,-0.11211889245577815f,-0.29625938232207777f,0.24736096833953053f,-0.09262992333095227f,-0.9644854838958603f,1.1527821504646694f,0.6689636158616075f,-0.7037688365825143f,0.23915916312919716f,0.0799817946967425f,0f,0f,0f,1f],start_interpolation:0}
execute if entity @s[tag=aj.red_microphone.bone.hat] run data modify entity @s {} merge value {transformation:[-0.9929174524150866f,-0.004372008361073466f,-0.11872581114662836f,0.021824685894238402f,0.005826558900882004f,0.9963282205051472f,-0.08541737666553023f,1.9488468027530677f,0.11866332163271309f,-0.08550416696241897f,-0.9892462047089967f,0.09422736177302007f,0f,0f,0f,1f],start_interpolation:0}
execute if entity @s[tag=aj.red_microphone.bone.head] run data modify entity @s {} merge value {transformation:[-0.9929174524150866f,0.026505465281279963f,-0.11581188626284016f,0.01624411690765468f,0.005826558900882004f,0.9844868035102863f,0.17536186850473906f,1.43377944812483f,0.11866332163271309f,0.17344507494974226f,-0.9776685645323622f,0.07282248260248604f,0f,0f,0f,1f],start_interpolation:0}
execute if entity @s[tag=aj.red_microphone.bone.outfit] run data modify entity @s {} merge value {transformation:[-0.9928354878884387f,0.021658822543539572f,-0.11750995445217936f,-0.014890440498683455f,0.009991838797534139f,0.9950392641664402f,0.09897992687688402f,0.003410505885572346f,0.11907080728192741f,0.09709664346998138f,-0.9881267047702402f,-0.0667539423856122f,0f,0f,0f,1f],start_interpolation:0}
execute if entity @s[tag=aj.red_microphone.bone.chest] run data modify entity @s {} merge value {transformation:[-0.9928354878884387f,0.021658822543539572f,-0.11750995445217936f,-0.0117955455983206f,0.009991838797534139f,0.9950392641664402f,0.09897992687688402f,0.6883980320291482f,0.11907080728192741f,0.09709664346998138f,-0.9881267047702402f,-0.006571797723991771f,0f,0f,0f,1f],start_interpolation:0}