execute if entity @s[tag=aj.red_microphone.bone.left_straight] run data modify entity @s {} merge value {transformation:[-0.6399062878979993f,0.601679022224165f,0.47801913865866863f,-0.19135769844026762f,-0.03903955024037545f,0.5957968878306568f,-0.8021857527831899f,1.1949312952981623f,-0.7674606545130713f,-0.5319853594476791f,-0.35776489641619597f,0.21428235836696535f,0f,0f,0f,1f],start_interpolation:0}
execute if entity @s[tag=aj.red_microphone.bone.left_bend] run data modify entity @s {} merge value {transformation:[-0.6399062878979993f,0.6554500765953345f,0.4011298291074509f,0.06919703198133653f,-0.03903955024037545f,0.4935940571955435f,-0.8688157573492046f,1.1724814050404702f,-0.7674606545130713f,-0.5716205942689716f,-0.29026546467321146f,0.4603318752637786f,0f,0f,0f,1f],start_interpolation:0}
execute if entity @s[tag=aj.red_microphone.bone.right_straight] run data modify entity @s {} merge value {transformation:[-0.871911396214273f,0.3695771121473044f,-0.321221536215329f,-0.10189222940284728f,0.4158987055814538f,0.9051978607626805f,-0.08743626002030375f,0.9280660684037062f,0.2584546069377529f,-0.20983229267089853f,-0.9429589731823573f,0.11439151836108172f,0f,0f,0f,1f],start_interpolation:0}
execute if entity @s[tag=aj.red_microphone.bone.microphone] run data modify entity @s {} merge value {transformation:[-0.871911396214273f,0.3639147349565989f,-0.32762262259060426f,-0.20345556222908343f,0.4158987055814538f,0.9035340215968317f,-0.10322082402658558f,1.3092017451711888f,0.2584546069377529f,-0.22625723745004137f,-0.9391532775080579f,0.43671867298153755f,0f,0f,0f,1f],start_interpolation:0}
execute if entity @s[tag=aj.red_microphone.bone.right_bend] run data modify entity @s {} merge value {transformation:[-0.871911396214273f,-0.3276226225906042f,-0.36391473495659893f,-0.37920752921776985f,0.4158987055814538f,-0.10322082402658539f,-0.9035340215968317f,1.1579879806960853f,0.2584546069377529f,-0.9391532775080579f,0.22625723745004114f,0.096569835803374f,0f,0f,0f,1f],start_interpolation:0}
execute if entity @s[tag=aj.red_microphone.bone.hat] run data modify entity @s {} merge value {transformation:[-0.9424475282372377f,0.08257295104080205f,0.32399747572463367f,-0.030428407523263992f,-0.003413165015169625f,0.966598564491607f,-0.25627244375340824f,1.916575313823376f,-0.334336666885492f,-0.24262918801986266f,-0.9106865927950852f,0.14659897032060948f,0f,0f,0f,1f],start_interpolation:0}
execute if entity @s[tag=aj.red_microphone.bone.head] run data modify entity @s {} merge value {transformation:[-0.9424475282372377f,-0.004097371319463319f,0.33432898179456666f,-0.051320024363102165f,-0.003413165015169625f,0.9999907062747293f,0.0026339454715554322f,1.405461478584962f,-0.334336666885492f,0.001341235414960562f,-0.9424527543932698f,0.21070730971531537f,0f,0f,0f,1f],start_interpolation:0}
execute if entity @s[tag=aj.red_microphone.bone.outfit] run data modify entity @s {} merge value {transformation:[-0.9451913889860551f,-0.06842669915080289f,0.31926638568746546f,0.04704335566617699f,0.02791289409578712f,0.957281971446616f,0.28780565923288887f,0.029368644630451413f,-0.32532154636575994f,0.2809430796204205f,-0.9029046890362153f,-0.19314836723903908f,0f,0f,0f,1f],start_interpolation:0}
execute if entity @s[tag=aj.red_microphone.bone.chest] run data modify entity @s {} merge value {transformation:[-0.9451913889860551f,-0.06842669915080289f,0.31926638568746546f,-0.007793876806087987f,0.02791289409578712f,0.957281971446616f,0.28780565923288887f,0.6900987486261847f,-0.32532154636575994f,0.2809430796204205f,-0.9029046890362153f,-0.01075322615413284f,0f,0f,0f,1f],start_interpolation:0}