execute if entity @s[tag=aj.red_microphone.bone.left_straight] run data modify entity @s {} merge value {transformation:[-0.277656771398733f,-0.1897218681062462f,-0.9417602296013078f,0.44195461426454624f,0.7257406553335304f,0.6008848515029399f,-0.3350192478505495f,1.424818096688128f,0.6294499332691121f,-0.7764940489125247f,-0.029150874960184675f,0.5681692220724525f,0f,0f,0f,1f],start_interpolation:0}
execute if entity @s[tag=aj.red_microphone.bone.left_bend] run data modify entity @s {} merge value {transformation:[-0.277656771398733f,-0.5521541076781944f,-0.7861504682123701f,0.48670911449825993f,0.7257406553335304f,0.415621147000381f,-0.548233128661654f,1.156649000283953f,0.6294499332691121f,-0.7227619964692283f,0.2853206581503095f,0.3336153896044851f,0f,0f,0f,1f],start_interpolation:0}
execute if entity @s[tag=aj.red_microphone.bone.right_straight] run data modify entity @s {} merge value {transformation:[-0.4809846763919644f,0.17515789902742726f,-0.8590538117512865f,0.007418716690008903f,0.22450032191479577f,0.9717774814804993f,0.07244399179760197f,0.9462586660586276f,0.8474982870403162f,-0.1580134073289845f,-0.5067330821724729f,0.07888089816223331f,0f,0f,0f,1f],start_interpolation:0}
execute if entity @s[tag=aj.red_microphone.bone.microphone] run data modify entity @s {} merge value {transformation:[-0.4809846763919644f,0.16013866535682786f,-0.8619799005393635f,0.15222595894713395f,0.22450032191479577f,0.9728937970519509f,0.0554731026533633f,1.2314228520249644f,0.8474982870403162f,-0.16683305282698463f,-0.5038981900623958f,0.4753484995088526f,0f,0f,0f,1f],start_interpolation:0}
execute if entity @s[tag=aj.red_microphone.bone.right_bend] run data modify entity @s {} merge value {transformation:[-0.4809846763919644f,-0.8619799005393635f,-0.16013866535682805f,-0.20719181050485694f,0.22450032191479577f,0.05547310265336351f,-0.9728937970519509f,1.1334776776542133f,0.8474982870403162f,-0.5038981900623958f,0.16683305282698452f,0.30018800818612346f,0f,0f,0f,1f],start_interpolation:0}
execute if entity @s[tag=aj.red_microphone.bone.hat] run data modify entity @s {} merge value {transformation:[-0.9241775109123708f,0.02346429638893835f,-0.38124185908526204f,0.1609151337730363f,0.017493316347847565f,0.999664141229737f,0.019120371925427315f,1.8986229833523143f,0.3815624617372218f,0.011001433287740225f,-0.9242775861496624f,0.3019357661178326f,0f,0f,0f,1f],start_interpolation:0}
execute if entity @s[tag=aj.red_microphone.bone.head] run data modify entity @s {} merge value {transformation:[-0.9241775109123708f,0.12133742379933415f,-0.3621783509675247f,0.12381905542958133f,0.017493316347847565f,0.9606526952251414f,0.27720097950733463f,1.3887319295445892f,0.3815624617372218f,0.249847210795743f,-0.8899362106637861f,0.23546257133501797f,0f,0f,0f,1f],start_interpolation:0}
execute if entity @s[tag=aj.red_microphone.bone.outfit] run data modify entity @s {} merge value {transformation:[-0.9215898984068104f,0.16509207390610844f,-0.3513070826042436f,-0.11350080081044954f,0.03285658164167839f,0.9349759060594524f,0.35318621169452497f,0.04470406458412646f,0.38677190202669653f,0.3139500951133573f,-0.8670887114828363f,-0.21584069039043316f,0f,0f,0f,1f],start_interpolation:0}
execute if entity @s[tag=aj.red_microphone.bone.chest] run data modify entity @s {} merge value {transformation:[-0.9215898984068104f,0.16509207390610844f,-0.3513070826042436f,-0.012879367828327054f,0.03285658164167839f,0.9349759060594524f,0.35318621169452497f,0.6906738214861466f,0.38677190202669653f,0.3139500951133573f,-0.8670887114828363f,-0.0026792954912118593f,0f,0f,0f,1f],start_interpolation:0}