execute if entity @s[tag=aj.microphone.bone.right_straight] run data modify entity @s {} merge value {transformation:[-0.9514989301768171f,0.14941128141770982f,-0.2689350383596202f,-0.03170782886287182f,0.17886348366608687f,0.9798919685117904f,-0.08842841317653395f,0.9843359709500945f,0.2503150816135614f,-0.13224219837558f,-0.9590903820212096f,-0.04226373883438201f,0f,0f,0f,1f],start_interpolation:0}
execute if entity @s[tag=aj.microphone.bone.microphone] run data modify entity @s {} merge value {transformation:[-0.9514989301768171f,0.3043394891267822f,-0.045025117772435314f,-0.2974845552058876f,0.17886348366608687f,0.6663038930797239f,0.7239108897354944f,0.9411526593161927f,0.2503150816135614f,0.6807470877094172f,-0.6884226626803791f,0.29815780598229646f,0f,0f,0f,1f],start_interpolation:0}
execute if entity @s[tag=aj.microphone.bone.right_bend] run data modify entity @s {} merge value {transformation:[-0.9514989301768171f,-0.045025117772435244f,-0.3043394891267822f,-0.355106291416568f,0.17886348366608687f,0.7239108897354946f,-0.6663038930797238f,1.1434541583458917f,0.2503150816135614f,-0.688422662680379f,-0.6807470877094173f,-0.05569171301495472f,0f,0f,0f,1f],start_interpolation:0}