execute if entity @s[tag=aj.microphone.bone.right_straight] run data modify entity @s {} merge value {transformation:[-0.9942192853984101f,0.10044801947818921f,-0.037923711906722f,-0.044202268328873584f,0.10110497757125445f,0.9947500176618088f,-0.015817265002113896f,1.0004979030402625f,0.03613580014598905f,-0.0195601059491068f,-0.9991554464661987f,-0.012461709490698067f,0f,0f,0f,1f],start_interpolation:0}
execute if entity @s[tag=aj.microphone.bone.microphone] run data modify entity @s {} merge value {transformation:[-0.9942192853984101f,0.04712917921486557f,0.09647203226017274f,-0.3969866405565884f,0.10110497757125445f,0.1085491060657887f,0.9889362340831861f,0.7664671014158566f,0.03613580014598905f,0.9929732786126982f,-0.11268660927083529f,0.07862946546473117f,0f,0f,0f,1f],start_interpolation:0}
execute if entity @s[tag=aj.microphone.bone.right_bend] run data modify entity @s {} merge value {transformation:[-0.9942192853984101f,0.09647203226017276f,-0.04712917921486555f,-0.3673575155321035f,0.10110497757125445f,0.9889362340831861f,-0.10854910606578848f,1.1415908618064934f,0.03613580014598905f,-0.11268660927083507f,-0.9929732786126982f,-0.08828345323497343f,0f,0f,0f,1f],start_interpolation:0}