execute if entity @s[tag=aj.microphone.bone.right_straight] run data modify entity @s {} merge value {transformation:[-0.9394017325658711f,0.15254949837121504f,-0.30700657224061223f,-0.029359192297947312f,0.19031888855438162f,0.9769260206857467f,-0.09692404637930038f,0.9821360512913893f,0.2851369942881219f,-0.1494797667037334f,-0.9467590474004106f,-0.047845792010265176f,0f,0f,0f,1f],start_interpolation:0}
execute if entity @s[tag=aj.microphone.bone.microphone] run data modify entity @s {} merge value {transformation:[-0.9394017325658711f,0.32886859694938f,-0.09679788630329639f,-0.2707013972389007f,0.19031888855438162f,0.7351472161368792f,0.6506437514228671f,0.9789625229985511f,0.2851369942881219f,0.5927934012341425f,-0.753188474381806f,0.31780895992745206f,0f,0f,0f,1f],start_interpolation:0}
execute if entity @s[tag=aj.microphone.bone.right_bend] run data modify entity @s {} merge value {transformation:[-0.9394017325658711f,-0.09679788630329632f,-0.32886859694938f,-0.35165413755818975f,0.19031888855438162f,0.6506437514228672f,-0.7351472161368791f,1.1440135740474235f,0.2851369942881219f,-0.7531884743818059f,-0.5927934012341427f,-0.050512160116787094f,0f,0f,0f,1f],start_interpolation:0}