execute if entity @s[tag=aj.microphone.bone.right_straight] run data modify entity @s {} merge value {transformation:[-0.911172453132865f,0.15476165711954273f,-0.3818554571267117f,-0.024500445855570707f,0.21146806544889324f,0.9710567461494385f,-0.11104077202977072f,0.9781414874346313f,0.35361846380971035f,-0.18192752744782192f,-0.9175273057569363f,-0.05965781720858026f,0f,0f,0f,1f],start_interpolation:0}
execute if entity @s[tag=aj.microphone.bone.microphone] run data modify entity @s {} merge value {transformation:[-0.911172453132865f,0.3514321848897103f,-0.2150817985685477f,-0.21346259087419672f,0.21146806544889324f,0.8468907809303453f,0.48791112148678517f,1.057811894353166f,0.35361846380971035f,0.399088241619362f,-0.8459802346710154f,0.34006721532140943f,0f,0f,0f,1f],start_interpolation:0}
execute if entity @s[tag=aj.microphone.bone.right_bend] run data modify entity @s {} merge value {transformation:[-0.911172453132865f,-0.21508179856854762f,-0.35143218488971034f,-0.34357901009805314f,0.21146806544889324f,0.48791112148678534f,-0.8468907809303452f,1.145204818351257f,0.35361846380971035f,-0.8459802346710152f,-0.3990882416193622f,-0.040574134733478914f,0f,0f,0f,1f],start_interpolation:0}