execute if entity @s[tag=aj.microphone.bone.right_straight] run data modify entity @s {} merge value {transformation:[-0.8395590440089898f,0.14417293755933122f,-0.5237888655729754f,-0.014432525041281286f,0.24538535150469049f,0.9608243852527886f,-0.12885080508293453f,0.9717896338815684f,0.4846923156907182f,-0.23670797362808477f,-0.8420467293038169f,-0.08616946082758552f,0f,0f,0f,1f],start_interpolation:0}
execute if entity @s[tag=aj.microphone.bone.microphone] run data modify entity @s {} merge value {transformation:[-0.8395590440089898f,0.27530787501183496f,-0.4683440888696891f,-0.10303848677894897f,0.24538535150469049f,0.9613060923571436f,0.1252063339610201f,1.2165757141186728f,0.4846923156907182f,-0.009806668828248238f,-0.8746297435811696f,0.3180419095309336f,0f,0f,0f,1f],start_interpolation:0}
execute if entity @s[tag=aj.microphone.bone.right_bend] run data modify entity @s {} merge value {transformation:[-0.8395590440089898f,-0.46834408886968903f,-0.27530787501183507f,-0.32301061795490327f,0.24538535150469049f,0.12520633396102032f,-0.9613060923571436f,1.1474941301927264f,0.4846923156907182f,-0.8746297435811696f,0.009806668828248044f,-0.022979555125433343f,0f,0f,0f,1f],start_interpolation:0}