execute if entity @s[tag=aj.microphone.bone.right_straight] run data modify entity @s {} merge value {transformation:[-0.9622118568053541f,0.14487298852338104f,-0.2305648711740299f,-0.03399092353445171f,0.16688873017764996f,0.9828110092900064f,-0.07893460431300349f,0.9866724810293168f,0.21516620172063328f,-0.1144304907560183f,-0.9698500752293895f,-0.03688104942733844f,0f,0f,0f,1f],start_interpolation:0}
execute if entity @s[tag=aj.microphone.bone.microphone] run data modify entity @s {} merge value {transformation:[-0.9622118568053541f,0.2723019066658494f,0.00011937058150612361f,-0.32219805636912546f,0.16688873017764996f,0.5893750888480671f,0.790433524330177f,0.9050369051620851f,0.21516620172063328f,0.7605844307317078f,-0.6125478180237358f,0.27303164425391113f,0f,0f,0f,1f],start_interpolation:0}
execute if entity @s[tag=aj.microphone.bone.right_bend] run data modify entity @s {} merge value {transformation:[-0.9622118568053541f,0.00011937058150618407f,-0.2723019066658494f,-0.35815971686313613f,0.16688873017764996f,0.7904335243301771f,-0.5893750888480669f,1.1429389816564357f,0.21516620172063328f,-0.6125478180237356f,-0.7605844307317079f,-0.06098183460940093f,0f,0f,0f,1f],start_interpolation:0}