execute if entity @s[tag=aj.microphone.bone.right_straight] run data modify entity @s {} merge value {transformation:[-0.9715147579348347f,0.13890770182272938f,-0.19199928512665712f,-0.03620098865229271f,0.15444723851901898f,0.9856292281540974f,-0.06841838292599083f,0.9891476424646093f,0.17973626687084868f,-0.09612322811207474f,-0.9790072519591696f,-0.0316842362161268f,0f,0f,0f,1f],start_interpolation:0}
execute if entity @s[tag=aj.microphone.bone.microphone] run data modify entity @s {} merge value {transformation:[-0.9715147579348347f,0.23398310766608732f,0.037563019603592464f,-0.34426485308373195f,0.15444723851901898f,0.5049443373167638f,0.8492215651557512f,0.8710917734149468f,0.17973626687084868f,0.8308327879535415f,-0.5266989204779867f,0.2427167688940043f,0f,0f,0f,1f],start_interpolation:0}
execute if entity @s[tag=aj.microphone.bone.right_bend] run data modify entity @s {} merge value {transformation:[-0.9715147579348347f,0.03756301960359251f,-0.23398310766608732f,-0.3608101528178899f,0.15444723851901898f,0.8492215651557513f,-0.5049443373167636f,1.1424837964532044f,0.17973626687084868f,-0.5266989204779865f,-0.8308327879535417f,-0.06635970380505335f,0f,0f,0f,1f],start_interpolation:0}