execute if entity @s[tag=aj.microphone.bone.right_straight] run data modify entity @s {} merge value {transformation:[-0.8777886445144909f,0.15183465852277508f,-0.4543493502060776f,-0.019494188333435747f,0.22994473177493308f,0.9655810232811606f,-0.12156770873986628f,0.9746881115519261f,0.420252918955201f,-0.21118599373675126f,-0.8824896374230432f,-0.07240758897606137f,0f,0f,0f,1f],start_interpolation:0}
execute if entity @s[tag=aj.microphone.bone.microphone] run data modify entity @s {} merge value {transformation:[-0.8777886445144909f,0.3342352241932384f,-0.34318203692779187f,-0.15579450868466455f,0.22994473177493308f,0.9224320461981876f,0.31023304220469294f,1.138063211399262f,0.420252918955201f,0.19340614016912805f,-0.8865560044658841f,0.3396416205081081f,0f,0f,0f,1f],start_interpolation:0}
execute if entity @s[tag=aj.microphone.bone.right_bend] run data modify entity @s {} merge value {transformation:[-0.8777886445144909f,-0.3431820369277918f,-0.3342352241932385f,-0.33400096100735144f,0.22994473177493308f,0.31023304220469317f,-0.9224320461981875f,1.1463987870018064f,0.420252918955201f,-0.8865560044658841f,-0.19340614016912824f,-0.03134169666143628f,0f,0f,0f,1f],start_interpolation:0}