execute if entity @s[tag=aj.microphone.bone.right_straight] run data modify entity @s {} merge value {transformation:[-0.9907520085822155f,0.11227014341298462f,-0.0761962754229724f,-0.04233553780739807f,0.1148655461609868f,0.9929106709244616f,-0.030566417347698716f,0.9974352503810593f,0.0722243988929213f,-0.03903606617428748f,-0.9966242129018303f,-0.01706354300421091f,0f,0f,0f,1f],start_interpolation:0}
execute if entity @s[tag=aj.microphone.bone.microphone] run data modify entity @s {} merge value {transformation:[-0.9907520085822155f,0.09572612584180304f,0.09616114767214926f,-0.3898346014217894f,0.1148655461609868f,0.21448489886584132f,0.9699495525354132f,0.7870354021442407f,0.0722243988929213f,0.9720250701447104f,-0.22349697808857968f,0.12495630597675092f,0f,0f,0f,1f],start_interpolation:0}
execute if entity @s[tag=aj.microphone.bone.right_bend] run data modify entity @s {} merge value {transformation:[-0.9907520085822155f,0.09616114767214928f,-0.09572612584180301f,-0.36632685547899835f,0.1148655461609868f,0.9699495525354132f,-0.2144848988658411f,1.1416415191070186f,0.0722243988929213f,-0.22349697808857946f,-0.9720250701447104f,-0.08278760074845856f,0f,0f,0f,1f],start_interpolation:0}