execute if entity @s[tag=aj.microphone.bone.right_straight] run data modify entity @s {} merge value {transformation:[-0.9858028264563443f,0.12261812938479383f,-0.11470650241750283f,-0.04037781534959217f,0.1283803323590013f,0.9907374887996224f,-0.044246113393272564f,0.9945254395978931f,0.10821865649727402f,-0.0583440025468936f,-0.9924135729385875f,-0.02179066797927029f,0f,0f,0f,1f],start_interpolation:0}
execute if entity @s[tag=aj.microphone.bone.microphone] run data modify entity @s {} merge value {transformation:[-0.9858028264563443f,0.1441495785952093f,0.08610276616640258f,-0.3784777907297673f,0.1283803323590013f,0.3165814200646622f,0.9398375895511065f,0.8116241815122945f,0.10821865649727402f,0.9375484539268707f,-0.33059282951277025f,0.16815821526000005f,0f,0f,0f,1f],start_interpolation:0}
execute if entity @s[tag=aj.microphone.bone.right_bend] run data modify entity @s {} merge value {transformation:[-0.9858028264563443f,0.08610276616640261f,-0.14414957859520927f,-0.36489362778863393f,0.1283803323590013f,0.9398375895511066f,-0.316581420064662f,1.1418184448840654f,0.10821865649727402f,-0.33059282951277f,-0.9375484539268708f,-0.07728599844597614f,0f,0f,0f,1f],start_interpolation:0}