execute if entity @s[tag=aj.microphone.bone.right_straight] run data modify entity @s {} merge value {transformation:[-0.9259490149524181f,0.15432025784112355f,-0.34467909673853986f,-0.026953558439383685f,0.2012036773047945f,0.9739646790676947f,-0.10445039094034317f,0.980071398389232f,0.3195864545747749f,-0.16606643835649493f,-0.9328914385414381f,-0.05363988579206266f,0f,0f,0f,1f],start_interpolation:0}
execute if entity @s[tag=aj.microphone.bone.microphone] run data modify entity @s {} merge value {transformation:[-0.9259490149524181f,0.3448451089000212f,-0.15394892846778477f,-0.24247432988292864f,0.2012036773047945f,0.7954521837925106f,0.5716405369974683f,1.017999455327912f,0.3195864545747749f,0.4983349016148262f,-0.8059322700356817f,0.33180351360005567f,0f,0f,0f,1f],start_interpolation:0}
execute if entity @s[tag=aj.microphone.bone.right_bend] run data modify entity @s {} merge value {transformation:[-0.9259490149524181f,-0.15394892846778468f,-0.34484510890002124f,-0.34780919054396536f,0.2012036773047945f,0.5716405369974685f,-0.7954521837925105f,1.1446019989174117f,0.3195864545747749f,-0.8059322700356816f,-0.49833490161482635f,-0.04546562928651991f,0f,0f,0f,1f],start_interpolation:0}