execute if entity @s[tag=aj.microphone.bone.right_straight] run data modify entity @s {} merge value {transformation:[-0.8951065689381237f,0.15391702619980013f,-0.41844208594455456f,-0.02201025797265682f,0.22106388800331936f,0.9682480208090445f,-0.11673271872197577f,0.9763466477781984f,0.3871885686131188f,-0.19699065776116917f,-0.9007106600291495f,-0.06591043742938593f,0f,0f,0f,1f],start_interpolation:0}
execute if entity @s[tag=aj.microphone.bone.microphone] run data modify entity @s {} merge value {transformation:[-0.8951065689381237f,0.34801921901266025f,-0.27868773464513646f,-0.18434311034856657f,0.22106388800331936f,0.8892519530223414f,0.40045189657037117f,1.0979687314686284f,0.3871885686131188f,0.2968393290043781f,-0.8729097462461711f,0.34263351148623045f,0f,0f,0f,1f],start_interpolation:0}
execute if entity @s[tag=aj.microphone.bone.right_bend] run data modify entity @s {} merge value {transformation:[-0.8951065689381237f,-0.2786877346451364f,-0.3480192190126603f,-0.33897272339170437f,0.22106388800331936f,0.4004518965703714f,-0.8892519530223413f,1.1458081217524227f,0.3871885686131188f,-0.872909746246171f,-0.29683932900437826f,-0.03585918143608587f,0f,0f,0f,1f],start_interpolation:0}