execute if entity @s[tag=aj.microphone.bone.right_straight] run data modify entity @s {} merge value {transformation:[-0.796833442119083f,0.1322505577653358f,-0.5895475006234966f,-0.009416904917788071f,0.257458391468135f,0.9570522252815933f,-0.1332899649118078f,0.969475360191991f,0.5466000751768102f,-0.2579938527451924f,-0.7966602348318871f,-0.10099984115034377f,0f,0f,0f,1f],start_interpolation:0}
execute if entity @s[tag=aj.microphone.bone.microphone] run data modify entity @s {} merge value {transformation:[-0.796833442119083f,0.17661578076352333f,-0.5778090787673253f,-0.06007259592694075f,0.257458391468135f,0.9644082594589835f,-0.06026512880542612f,1.2906638447742826f,0.5466000751768102f,-0.1967830660208981f,-0.8139439678160411f,0.27828693575789126f,0f,0f,0f,1f],start_interpolation:0}
execute if entity @s[tag=aj.microphone.bone.right_bend] run data modify entity @s {} merge value {transformation:[-0.796833442119083f,-0.5778090787673253f,-0.17661578076352347f,-0.3107202516553212f,0.257458391468135f,-0.06026512880542591f,-0.9644082594589835f,1.148404538440063f,0.5466000751768102f,-0.8139439678160411f,0.1967830660208979f,-0.015641092043739993f,0f,0f,0f,1f],start_interpolation:0}