execute if entity @s[tag=aj.microphone.bone.right_leg] run data modify entity @s {} merge value {transformation:[-1f,-1.2801044796052349e-17f,1.217938055844715e-16f,0.10625000000000001f,0f,0.9945218953682733f,0.10452846326765346f,0.6875f,-1.2246467991473532e-16f,0.10452846326765346f,-0.9945218953682733f,-0.062499999999999986f,0f,0f,0f,1f],start_interpolation:0}
execute if entity @s[tag=aj.microphone.bone.left_leg] run data modify entity @s {} merge value {transformation:[-1f,1.2801044796052349e-17f,1.217938055844715e-16f,-0.10624999999999998f,0f,0.9945218953682733f,-0.10452846326765346f,0.6875f,-1.2246467991473532e-16f,-0.10452846326765346f,-0.9945218953682733f,-0.06250000000000001f,0f,0f,0f,1f],start_interpolation:0}
execute if entity @s[tag=aj.microphone.bone.left_arm] run data modify entity @s {} merge value {transformation:[-0.9894547085302474f,-0.13488484168004242f,0.05277745022519535f,0.3125f,-0.1397855902252081f,0.7938176496779776f,-0.5918728983701836f,1.45625f,0.03793901069760903f,-0.5930089531741333f,-0.8043015683949679f,-0.14999999999999997f,0f,0f,0f,1f],start_interpolation:0}