execute if entity @s[tag=aj.microphone.bone.right_leg] run data modify entity @s {} merge value {transformation:[-1f,-3.98705998260268e-17f,1.157926297142068e-16f,0.10625000000000001f,0f,0.9455185755993168f,0.3255681544571567f,0.6875f,-1.2246467991473532e-16f,0.3255681544571567f,-0.9455185755993168f,-0.062499999999999986f,0f,0f,0f,1f],start_interpolation:0}
execute if entity @s[tag=aj.microphone.bone.left_leg] run data modify entity @s {} merge value {transformation:[-1f,3.98705998260268e-17f,1.157926297142068e-16f,-0.10624999999999998f,0f,0.9455185755993168f,-0.3255681544571567f,0.6875f,-1.2246467991473532e-16f,-0.3255681544571567f,-0.9455185755993168f,-0.06250000000000001f,0f,0f,0f,1f],start_interpolation:0}
execute if entity @s[tag=aj.microphone.bone.left_arm] run data modify entity @s {} merge value {transformation:[-0.9888960132431915f,-0.10752250971518586f,0.10258452561799637f,0.3125f,-0.13970653710828354f,0.9079625056543691f,-0.39507742508912314f,1.45625f,-0.050663186644084944f,-0.40502221942800576f,-0.9129020995094047f,-0.14999999999999997f,0f,0f,0f,1f],start_interpolation:0}