execute if entity @s[tag=aj.microphone.bone.right_leg] run data modify entity @s {} merge value {transformation:[-1f,-8.542704229054943e-18f,1.221663621095163e-16f,0.10625000000000001f,0f,0.9975640502598242f,0.0697564737441253f,0.6875f,-1.2246467991473532e-16f,0.0697564737441253f,-0.9975640502598242f,-0.062499999999999986f,0f,0f,0f,1f],start_interpolation:0}
execute if entity @s[tag=aj.microphone.bone.left_leg] run data modify entity @s {} merge value {transformation:[-1f,8.542704229054943e-18f,1.221663621095163e-16f,-0.10624999999999998f,0f,0.9975640502598242f,-0.0697564737441253f,0.6875f,-1.2246467991473532e-16f,-0.0697564737441253f,-0.9975640502598242f,-0.06250000000000001f,0f,0f,0f,1f],start_interpolation:0}
execute if entity @s[tag=aj.microphone.bone.left_arm] run data modify entity @s {} merge value {transformation:[-0.9888997488018785f,-0.14101822562745134f,0.046809687677519085f,0.3125f,-0.13970720568257372f,0.7752106263998446f,-0.6160603715522753f,1.45625f,0.05058837316961964f,-0.6157615973391372f,-0.7863068559680791f,-0.14999999999999997f,0f,0f,0f,1f],start_interpolation:0}