execute if entity @s[tag=aj.microphone.bone.right_leg] run data modify entity @s {} merge value {transformation:[-1f,-1.9157696688784726e-17f,1.2095693648649962e-16f,0.10625000000000001f,0f,0.9876883405951378f,0.15643446504023087f,0.6875f,-1.2246467991473532e-16f,0.15643446504023087f,-0.9876883405951378f,-0.062499999999999986f,0f,0f,0f,1f],start_interpolation:0}
execute if entity @s[tag=aj.microphone.bone.left_leg] run data modify entity @s {} merge value {transformation:[-1f,1.9157696688784726e-17f,1.2095693648649962e-16f,-0.10624999999999998f,0f,0.9876883405951378f,-0.15643446504023087f,0.6875f,-1.2246467991473532e-16f,-0.15643446504023087f,-0.9876883405951378f,-0.06250000000000001f,0f,0f,0f,1f],start_interpolation:0}
execute if entity @s[tag=aj.microphone.bone.left_arm] run data modify entity @s {} merge value {transformation:[-0.9899896962726019f,-0.1265684328483466f,0.06245664960910815f,0.3125f,-0.1398611443868011f,0.8203141880531564f,-0.5545480079934516f,1.45625f,0.018954196498287505f,-0.5577320724909088f,-0.8298045997402641f,-0.14999999999999997f,0f,0f,0f,1f],start_interpolation:0}