execute if entity @s[tag=aj.microphone.bone.right_leg] run data modify entity @s {} merge value {transformation:[-1f,3.9870599826026814e-17f,1.1579262971420679e-16f,0.10625000000000001f,0f,0.9455185755993167f,-0.32556815445715676f,0.6875f,-1.2246467991473532e-16f,-0.32556815445715676f,-0.9455185755993167f,-0.062499999999999986f,0f,0f,0f,1f],start_interpolation:0}
execute if entity @s[tag=aj.microphone.bone.left_leg] run data modify entity @s {} merge value {transformation:[-1f,-3.9870599826026814e-17f,1.1579262971420679e-16f,-0.10624999999999998f,0f,0.9455185755993167f,0.32556815445715676f,0.6875f,-1.2246467991473532e-16f,0.32556815445715676f,-0.9455185755993167f,-0.06250000000000001f,0f,0f,0f,1f],start_interpolation:0}
execute if entity @s[tag=aj.microphone.bone.left_arm] run data modify entity @s {} merge value {transformation:[-0.9888960132431915f,-0.10752250971518584f,0.10258452561799637f,0.3125f,-0.13970653710828354f,0.907962505654369f,-0.3950774250891232f,1.45625f,-0.050663186644084944f,-0.4050222194280058f,-0.9129020995094047f,-0.14999999999999997f,0f,0f,0f,1f],start_interpolation:0}