execute if entity @s[tag=aj.microphone.bone.head] run data modify entity @s {} merge value {transformation:[-1f,-8.00957328659154e-18f,1.2220247363447802e-16f,7.654042494670958e-18f,0f,0.9978589232386035f,0.06540312923014306f,1.71875f,-1.2246467991473532e-16f,0.06540312923014306f,-0.9978589232386035f,-0.0625f,0f,0f,0f,1f],start_interpolation:0}
execute if entity @s[tag=aj.microphone.bone.right_leg] run data modify entity @s {} merge value {transformation:[-1f,-3.169619151431765e-17f,1.1829179713786698e-16f,0.10625000000000001f,0f,0.9659258262890683f,0.25881904510252074f,0.6875f,-1.2246467991473532e-16f,0.25881904510252074f,-0.9659258262890683f,-0.062499999999999986f,0f,0f,0f,1f],start_interpolation:0}
execute if entity @s[tag=aj.microphone.bone.left_leg] run data modify entity @s {} merge value {transformation:[-1f,3.169619151431765e-17f,1.1829179713786698e-16f,-0.10624999999999998f,0f,0.9659258262890683f,-0.25881904510252074f,0.6875f,-1.2246467991473532e-16f,-0.25881904510252074f,-0.9659258262890683f,-0.06250000000000001f,0f,0f,0f,1f],start_interpolation:0}
execute if entity @s[tag=aj.microphone.bone.left_straight] run data modify entity @s {} merge value {transformation:[-0.992809667009055f,-0.11970365530496252f,1.2246467991473532e-16f,0.03799798766339868f,-0.11970365530496252f,0.992809667009055f,0f,0.9915788637930123f,-1.215841180865189e-16f,-1.4659469831546045e-17f,-1f,-0.00796874999999981f,0f,0f,0f,1f],start_interpolation:0}
execute if entity @s[tag=aj.microphone.bone.left_bend] run data modify entity @s {} merge value {transformation:[-0.992809667009055f,-0.11970365530496252f,1.2246467991473532e-16f,0.3811573922828007f,-0.11970365530496252f,0.992809667009055f,0f,1.1084969790596704f,-1.215841180865189e-16f,-1.4659469831546045e-17f,-1f,-0.06249999999999994f,0f,0f,0f,1f],start_interpolation:0}