execute if entity @s[tag=aj.microphone.bone.head] run data modify entity @s {} merge value {transformation:[-1f,9.608468044710109e-18f,1.220871621770789e-16f,7.654042494670958e-18f,0f,0.996917333733128f,-0.07845909572784494f,1.71875f,-1.2246467991473532e-16f,-0.07845909572784494f,-0.996917333733128f,-0.0625f,0f,0f,0f,1f],start_interpolation:0}
execute if entity @s[tag=aj.microphone.bone.right_leg] run data modify entity @s {} merge value {transformation:[-1f,3.7843667304341506e-17f,1.1647083184890923e-16f,0.10625000000000001f,0f,0.9510565162951535f,-0.30901699437494745f,0.6875f,-1.2246467991473532e-16f,-0.30901699437494745f,-0.9510565162951535f,-0.062499999999999986f,0f,0f,0f,1f],start_interpolation:0}
execute if entity @s[tag=aj.microphone.bone.left_leg] run data modify entity @s {} merge value {transformation:[-1f,-3.7843667304341506e-17f,1.1647083184890923e-16f,-0.10624999999999998f,0f,0.9510565162951535f,0.30901699437494745f,0.6875f,-1.2246467991473532e-16f,0.30901699437494745f,-0.9510565162951535f,-0.06250000000000001f,0f,0f,0f,1f],start_interpolation:0}
execute if entity @s[tag=aj.microphone.bone.left_straight] run data modify entity @s {} merge value {transformation:[-0.992004949679715f,-0.12619896913582976f,1.2246467991473532e-16f,0.040800344950610024f,-0.12619896913582976f,0.992004949679715f,0f,0.9895868851337458f,-1.2148556863635942e-16f,-1.5454916360788953e-17f,-1f,-0.00796874999999981f,0f,0f,0f,1f],start_interpolation:0}
execute if entity @s[tag=aj.microphone.bone.left_bend] run data modify entity @s {} merge value {transformation:[-0.992004949679715f,-0.12619896913582976f,1.2246467991473532e-16f,0.3831871778549467f,-0.12619896913582976f,0.992004949679715f,0f,1.108748453225089f,-1.2148556863635942e-16f,-1.5454916360788953e-17f,-1f,-0.06249999999999994f,0f,0f,0f,1f],start_interpolation:0}