execute if entity @s[tag=aj.microphone.bone.head] run data modify entity @s {} merge value {transformation:[-1f,5.875626152274417e-18f,1.2232364793422932e-16f,7.654042494670958e-18f,0f,0.9988483864849507f,-0.04797812852134392f,1.71875f,-1.2246467991473532e-16f,-0.04797812852134392f,-0.9988483864849507f,-0.0625f,0f,0f,0f,1f],start_interpolation:0}
execute if entity @s[tag=aj.microphone.bone.right_leg] run data modify entity @s {} merge value {transformation:[-1f,2.336736254364076e-17f,1.2021465881652135e-16f,0.10625000000000001f,0f,0.981627183447664f,-0.19080899537654472f,0.6875f,-1.2246467991473532e-16f,-0.19080899537654472f,-0.981627183447664f,-0.062499999999999986f,0f,0f,0f,1f],start_interpolation:0}
execute if entity @s[tag=aj.microphone.bone.left_leg] run data modify entity @s {} merge value {transformation:[-1f,-2.336736254364076e-17f,1.2021465881652135e-16f,-0.10624999999999998f,0f,0.981627183447664f,0.19080899537654472f,0.6875f,-1.2246467991473532e-16f,0.19080899537654472f,-0.981627183447664f,-0.06250000000000001f,0f,0f,0f,1f],start_interpolation:0}
execute if entity @s[tag=aj.microphone.bone.left_straight] run data modify entity @s {} merge value {transformation:[-0.9938164620563781f,-0.11103530855427768f,1.2246467991473532e-16f,0.034281905679160896f,-0.11103530855427768f,0.9938164620563781f,0f,0.9942632849503081f,-1.2170741491972905e-16f,-1.3597903521333489e-17f,-1f,-0.00796874999999981f,0f,0f,0f,1f],start_interpolation:0}
execute if entity @s[tag=aj.microphone.bone.left_bend] run data modify entity @s {} merge value {transformation:[-0.9938164620563781f,-0.11103530855427768f,1.2246467991473532e-16f,0.3784485339232117f,-0.11103530855427768f,0.9938164620563781f,0f,1.1081823556073818f,-1.2170741491972905e-16f,-1.3597903521333489e-17f,-1f,-0.06249999999999994f,0f,0f,0f,1f],start_interpolation:0}