execute if entity @s[tag=aj.microphone.bone.right_leg] run data modify entity @s {} merge value {transformation:[-1f,3.9870599826026814e-17f,1.1579262971420679e-16f,0.10625000000000001f,0f,0.9455185755993167f,-0.32556815445715676f,0.6875f,-1.2246467991473532e-16f,-0.32556815445715676f,-0.9455185755993167f,-0.062499999999999986f,0f,0f,0f,1f],start_interpolation:0}
execute if entity @s[tag=aj.microphone.bone.left_leg] run data modify entity @s {} merge value {transformation:[-1f,-3.9870599826026814e-17f,1.1579262971420679e-16f,-0.10624999999999998f,0f,0.9455185755993167f,0.32556815445715676f,0.6875f,-1.2246467991473532e-16f,0.32556815445715676f,-0.9455185755993167f,-0.06250000000000001f,0f,0f,0f,1f],start_interpolation:0}
execute if entity @s[tag=aj.microphone.bone.left_arm] run data modify entity @s {} merge value {transformation:[-0.98919378349653f,-0.10720369420037436f,0.10001513206316698f,0.3125f,-0.13974861348159134f,0.8957290531694369f,-0.4220660947507592f,1.45625f,-0.04433941499155012f,-0.4314821331851142f,-0.9010311787170466f,-0.14999999999999997f,0f,0f,0f,1f],start_interpolation:0}