execute if entity @s[tag=aj.microphone.bone.head] run data modify entity @s {} merge value {transformation:[-1f,1.0673500138322974e-17f,1.2199866483456202e-16f,7.654042494670958e-18f,0f,0.9961946980917455f,-0.08715574274765818f,1.71875f,-1.2246467991473532e-16f,-0.08715574274765818f,-0.9961946980917455f,-0.0625f,0f,0f,0f,1f],start_interpolation:0}
execute if entity @s[tag=aj.microphone.bone.right_leg] run data modify entity @s {} merge value {transformation:[-1f,4.188538737676991e-17f,1.1507915602278503e-16f,0.10625000000000001f,0f,0.9396926207859084f,-0.34202014332566866f,0.6875f,-1.2246467991473532e-16f,-0.34202014332566866f,-0.9396926207859084f,-0.062499999999999986f,0f,0f,0f,1f],start_interpolation:0}
execute if entity @s[tag=aj.microphone.bone.left_leg] run data modify entity @s {} merge value {transformation:[-1f,-4.188538737676991e-17f,1.1507915602278503e-16f,-0.10624999999999998f,0f,0.9396926207859084f,0.34202014332566866f,0.6875f,-1.2246467991473532e-16f,0.34202014332566866f,-0.9396926207859084f,-0.06250000000000001f,0f,0f,0f,1f],start_interpolation:0}
execute if entity @s[tag=aj.microphone.bone.left_straight] run data modify entity @s {} merge value {transformation:[-0.9914448613738104f,-0.13052619222005157f,1.2246467991473532e-16f,0.04267580021674655f,-0.13052619222005157f,0.9914448613738104f,0f,0.9882691074145988f,-1.2141697760125282e-16f,-1.5984848350717833e-17f,-1f,-0.00796874999999981f,0f,0f,0f,1f],start_interpolation:0}
execute if entity @s[tag=aj.microphone.bone.left_bend] run data modify entity @s {} merge value {transformation:[-0.9914448613738104f,-0.13052619222005157f,1.2246467991473532e-16f,0.3845394350687661f,-0.13052619222005157f,0.9914448613738104f,0f,1.1089234808206843f,-1.2141697760125282e-16f,-1.5984848350717833e-17f,-1f,-0.06249999999999994f,0f,0f,0f,1f],start_interpolation:0}