execute if entity @s[tag=aj.microphone.bone.right_leg] run data modify entity @s {} merge value {transformation:[-1f,2.754855886670365e-17f,1.1932591810242374e-16f,0.10625000000000001f,0f,0.9743700647852352f,-0.22495105434386495f,0.6875f,-1.2246467991473532e-16f,-0.22495105434386495f,-0.9743700647852352f,-0.062499999999999986f,0f,0f,0f,1f],start_interpolation:0}
execute if entity @s[tag=aj.microphone.bone.left_leg] run data modify entity @s {} merge value {transformation:[-1f,-2.754855886670365e-17f,1.1932591810242374e-16f,-0.10624999999999998f,0f,0.9743700647852352f,0.22495105434386495f,0.6875f,-1.2246467991473532e-16f,0.22495105434386495f,-0.9743700647852352f,-0.06250000000000001f,0f,0f,0f,1f],start_interpolation:0}
execute if entity @s[tag=aj.microphone.bone.left_arm] run data modify entity @s {} merge value {transformation:[-0.9901475030065885f,-0.11722408317290983f,0.07659266684277632f,0.3125f,-0.13988340333644855f,0.8529161487104158f,-0.5029579274054682f,1.45625f,-0.006368340508347784f,-0.5087165788464757f,-0.8609104986268359f,-0.14999999999999997f,0f,0f,0f,1f],start_interpolation:0}