execute if entity @s[tag=aj.microphone.bone.right_leg] run data modify entity @s {} merge value {transformation:[-1f,1.9157696688784732e-17f,1.2095693648649962e-16f,0.10625000000000001f,0f,0.9876883405951378f,-0.15643446504023092f,0.6875f,-1.2246467991473532e-16f,-0.15643446504023092f,-0.9876883405951378f,-0.062499999999999986f,0f,0f,0f,1f],start_interpolation:0}
execute if entity @s[tag=aj.microphone.bone.left_leg] run data modify entity @s {} merge value {transformation:[-1f,-1.9157696688784732e-17f,1.2095693648649962e-16f,-0.10624999999999998f,0f,0.9876883405951378f,0.15643446504023092f,0.6875f,-1.2246467991473532e-16f,0.15643446504023092f,-0.9876883405951378f,-0.06250000000000001f,0f,0f,0f,1f],start_interpolation:0}
execute if entity @s[tag=aj.microphone.bone.left_arm] run data modify entity @s {} merge value {transformation:[-0.9888960132431915f,-0.12123111669105609f,0.08595168024862068f,0.3125f,-0.1397065371082835f,0.9555630659765689f,-0.2595791024537053f,1.45625f,-0.05066318664408493f,-0.26870475114388837f,-0.9618892858493474f,-0.14999999999999997f,0f,0f,0f,1f],start_interpolation:0}