execute if entity @s[tag=aj.microphone.bone.right_leg] run data modify entity @s {} merge value {transformation:[-1f,2.336736254364076e-17f,1.2021465881652135e-16f,0.10625000000000001f,0f,0.981627183447664f,-0.19080899537654472f,0.6875f,-1.2246467991473532e-16f,-0.19080899537654472f,-0.981627183447664f,-0.062499999999999986f,0f,0f,0f,1f],start_interpolation:0}
execute if entity @s[tag=aj.microphone.bone.left_leg] run data modify entity @s {} merge value {transformation:[-1f,-2.336736254364076e-17f,1.2021465881652135e-16f,-0.10624999999999998f,0f,0.981627183447664f,0.19080899537654472f,0.6875f,-1.2246467991473532e-16f,0.19080899537654472f,-0.981627183447664f,-0.06250000000000001f,0f,0f,0f,1f],start_interpolation:0}
execute if entity @s[tag=aj.microphone.bone.left_arm] run data modify entity @s {} merge value {transformation:[-0.9888960132431915f,-0.1186849237781481f,0.08943469047017909f,0.3125f,-0.13970653710828346f,0.947625005311855f,-0.2872088661530463f,1.45625f,-0.050663186644084916f,-0.29651431360978486f,-0.9536836495104573f,-0.14999999999999997f,0f,0f,0f,1f],start_interpolation:0}