execute if entity @s[tag=aj.microphone.bone.right_leg] run data modify entity @s {} merge value {transformation:[-1f,-1.4924690131530345e-17f,1.2155184676135683e-16f,0.10625000000000001f,0f,0.992546151641322f,0.12186934340514746f,0.6875f,-1.2246467991473532e-16f,0.12186934340514746f,-0.992546151641322f,-0.062499999999999986f,0f,0f,0f,1f],start_interpolation:0}
execute if entity @s[tag=aj.microphone.bone.left_leg] run data modify entity @s {} merge value {transformation:[-1f,1.4924690131530345e-17f,1.2155184676135683e-16f,-0.10624999999999998f,0f,0.992546151641322f,-0.12186934340514746f,0.6875f,-1.2246467991473532e-16f,-0.12186934340514746f,-0.992546151641322f,-0.06250000000000001f,0f,0f,0f,1f],start_interpolation:0}
execute if entity @s[tag=aj.microphone.bone.left_arm] run data modify entity @s {} merge value {transformation:[-0.9896727067619036f,-0.1319925263463949f,0.055909806646629354f,0.3125f,-0.1398163791993897f,0.802840510137564f,-0.579567507189308f,1.45625f,0.0316119217723267f,-0.5813992503183611f,-0.8130040578810833f,-0.14999999999999997f,0f,0f,0f,1f],start_interpolation:0}