execute if entity @s[tag=aj.microphone.bone.head] run data modify entity @s {} merge value {transformation:[-1f,9.07567253074387e-18f,1.2212792471311907e-16f,7.654042494670958e-18f,0f,0.9972501850994857f,-0.07410849019539925f,1.71875f,-1.2246467991473532e-16f,-0.07410849019539925f,-0.9972501850994857f,-0.0625f,0f,0f,0f,1f],start_interpolation:0}
execute if entity @s[tag=aj.microphone.bone.right_leg] run data modify entity @s {} merge value {transformation:[-1f,3.580520723499547e-17f,1.1711355583995222e-16f,0.10625000000000001f,0f,0.9563047559630354f,-0.29237170472273677f,0.6875f,-1.2246467991473532e-16f,-0.29237170472273677f,-0.9563047559630354f,-0.062499999999999986f,0f,0f,0f,1f],start_interpolation:0}
execute if entity @s[tag=aj.microphone.bone.left_leg] run data modify entity @s {} merge value {transformation:[-1f,-3.580520723499547e-17f,1.1711355583995222e-16f,-0.10624999999999998f,0f,0.9563047559630354f,0.29237170472273677f,0.6875f,-1.2246467991473532e-16f,0.29237170472273677f,-0.9563047559630354f,-0.06250000000000001f,0f,0f,0f,1f],start_interpolation:0}
execute if entity @s[tag=aj.microphone.bone.left_straight] run data modify entity @s {} merge value {transformation:[-0.992277912105967f,-0.12403445145048535f,1.2246467991473532e-16f,0.039864777986977795f,-0.12403445145048535f,0.992277912105967f,0f,0.9902488395600937f,-1.2151899689251913e-16f,-1.5189839395283467e-17f,-1f,-0.00796874999999981f,0f,0f,0f,1f],start_interpolation:0}
execute if entity @s[tag=aj.microphone.bone.left_bend] run data modify entity @s {} merge value {transformation:[-0.992277912105967f,-0.12403445145048535f,1.2246467991473532e-16f,0.3825107660782766f,-0.12403445145048535f,0.992277912105967f,0f,1.1086631524668853f,-1.2151899689251913e-16f,-1.5189839395283467e-17f,-1f,-0.06249999999999994f,0f,0f,0f,1f],start_interpolation:0}