execute if entity @s[tag=aj.microphone.bone.right_leg] run data modify entity @s {} merge value {transformation:[-1f,-1.0673500138322974e-17f,1.2199866483456202e-16f,0.10625000000000001f,0f,0.9961946980917455f,0.08715574274765818f,0.6875f,-1.2246467991473532e-16f,0.08715574274765818f,-0.9961946980917455f,-0.062499999999999986f,0f,0f,0f,1f],start_interpolation:0}
execute if entity @s[tag=aj.microphone.bone.left_leg] run data modify entity @s {} merge value {transformation:[-1f,1.0673500138322974e-17f,1.2199866483456202e-16f,-0.10624999999999998f,0f,0.9961946980917455f,-0.08715574274765818f,0.6875f,-1.2246467991473532e-16f,-0.08715574274765818f,-0.9961946980917455f,-0.06250000000000001f,0f,0f,0f,1f],start_interpolation:0}
execute if entity @s[tag=aj.microphone.bone.left_arm] run data modify entity @s {} merge value {transformation:[-0.9891970524345426f,-0.13789421586480907f,0.049743106917866015f,0.3125f,-0.13974919856696788f,0.784606957200056f,-0.6040381479783867f,1.45625f,0.04426457900740725f,-0.604464314864243f,-0.7954014955360583f,-0.14999999999999997f,0f,0f,0f,1f],start_interpolation:0}