execute if entity @s[tag=aj.microphone.bone.right_leg] run data modify entity @s {} merge value {transformation:[-1f,-2.546183866652831e-17f,1.1978853283323184e-16f,0.10625000000000001f,0f,0.9781476007338057f,0.20791169081775931f,0.6875f,-1.2246467991473532e-16f,0.20791169081775931f,-0.9781476007338057f,-0.062499999999999986f,0f,0f,0f,1f],start_interpolation:0}
execute if entity @s[tag=aj.microphone.bone.left_leg] run data modify entity @s {} merge value {transformation:[-1f,2.546183866652831e-17f,1.1978853283323184e-16f,-0.10624999999999998f,0f,0.9781476007338057f,-0.20791169081775931f,0.6875f,-1.2246467991473532e-16f,-0.20791169081775931f,-0.9781476007338057f,-0.06250000000000001f,0f,0f,0f,1f],start_interpolation:0}
execute if entity @s[tag=aj.microphone.bone.left_arm] run data modify entity @s {} merge value {transformation:[-0.9888960132431915f,-0.11737417649296061f,0.09114810850654509f,0.3125f,-0.1397065371082835f,0.9433560095109468f,-0.3009344161254977f,1.45625f,-0.05066318664408493f,-0.3103268309575918f,-0.9492789366181495f,-0.14999999999999997f,0f,0f,0f,1f],start_interpolation:0}