execute if entity @s[tag=aj.microphone.bone.head] run data modify entity @s {} merge value {transformation:[-1f,-1.0141080627295086e-17f,1.220440752774557e-16f,7.654042494670958e-18f,0f,0.9965655024977614f,0.08280820751220434f,1.71875f,-1.2246467991473532e-16f,0.08280820751220434f,-0.9965655024977614f,-0.0625f,0f,0f,0f,1f],start_interpolation:0}
execute if entity @s[tag=aj.microphone.bone.right_leg] run data modify entity @s {} merge value {transformation:[-1f,-3.98705998260268e-17f,1.157926297142068e-16f,0.10625000000000001f,0f,0.9455185755993168f,0.3255681544571567f,0.6875f,-1.2246467991473532e-16f,0.3255681544571567f,-0.9455185755993168f,-0.062499999999999986f,0f,0f,0f,1f],start_interpolation:0}
execute if entity @s[tag=aj.microphone.bone.left_leg] run data modify entity @s {} merge value {transformation:[-1f,3.98705998260268e-17f,1.157926297142068e-16f,-0.10624999999999998f,0f,0.9455185755993168f,-0.3255681544571567f,0.6875f,-1.2246467991473532e-16f,-0.3255681544571567f,-0.9455185755993168f,-0.06250000000000001f,0f,0f,0f,1f],start_interpolation:0}
execute if entity @s[tag=aj.microphone.bone.left_straight] run data modify entity @s {} merge value {transformation:[-0.9917272656617703f,-0.12836288615884434f,1.2246467991473532e-16f,0.041737353847142944f,-0.12836288615884434f,0.9917272656617703f,0f,0.9889269733715988f,-1.2145156215198437e-16f,-1.571991976637448e-17f,-1f,-0.00796874999999981f,0f,0f,0f,1f],start_interpolation:0}
execute if entity @s[tag=aj.microphone.bone.left_bend] run data modify entity @s {} merge value {transformation:[-0.9917272656617703f,-0.12836288615884434f,1.2246467991473532e-16f,0.3838634019246388f,-0.12836288615884434f,0.9917272656617703f,0f,1.1088352294806967f,-1.2145156215198437e-16f,-1.571991976637448e-17f,-1f,-0.06249999999999994f,0f,0f,0f,1f],start_interpolation:0}