execute if entity @s[tag=aj.microphone.bone.right_leg] run data modify entity @s {} merge value {transformation:[-1f,3.580520723499547e-17f,1.1711355583995222e-16f,0.10625000000000001f,0f,0.9563047559630354f,-0.29237170472273677f,0.6875f,-1.2246467991473532e-16f,-0.29237170472273677f,-0.9563047559630354f,-0.062499999999999986f,0f,0f,0f,1f],start_interpolation:0}
execute if entity @s[tag=aj.microphone.bone.left_leg] run data modify entity @s {} merge value {transformation:[-1f,-3.580520723499547e-17f,1.1711355583995222e-16f,-0.10624999999999998f,0f,0.9563047559630354f,0.29237170472273677f,0.6875f,-1.2246467991473532e-16f,0.29237170472273677f,-0.9563047559630354f,-0.06250000000000001f,0f,0f,0f,1f],start_interpolation:0}
execute if entity @s[tag=aj.microphone.bone.left_arm] run data modify entity @s {} merge value {transformation:[-0.9896703714356814f,-0.10999193981488271f,0.09194742561985997f,0.3125f,-0.13981596118654252f,0.882288921379802f,-0.44946385417288987f,1.45625f,-0.031686793776646106f,-0.45767677719786565f,-0.8885538333235256f,-0.14999999999999997f,0f,0f,0f,1f],start_interpolation:0}