execute if entity @s[tag=aj.microphone.bone.right_leg] run data modify entity @s {} merge value {transformation:[-1f,3.3755840552672803e-17f,1.1772060590738186e-16f,0.10625000000000001f,0f,0.9612616959383189f,-0.2756373558169991f,0.6875f,-1.2246467991473532e-16f,-0.2756373558169991f,-0.9612616959383189f,-0.062499999999999986f,0f,0f,0f,1f],start_interpolation:0}
execute if entity @s[tag=aj.microphone.bone.left_leg] run data modify entity @s {} merge value {transformation:[-1f,-3.3755840552672803e-17f,1.1772060590738186e-16f,-0.10624999999999998f,0f,0.9612616959383189f,0.2756373558169991f,0.6875f,-1.2246467991473532e-16f,0.2756373558169991f,-0.9612616959383189f,-0.06250000000000001f,0f,0f,0f,1f],start_interpolation:0}
execute if entity @s[tag=aj.microphone.bone.left_arm] run data modify entity @s {} merge value {transformation:[-0.9888960132431915f,-0.11188668701234922f,0.09780615656042412f,0.3125f,-0.1397065371082835f,0.9243017340109594f,-0.355173743389831f,1.45625f,-0.050663186644084916f,-0.36489405828779164f,-0.9296696013882203f,-0.14999999999999997f,0f,0f,0f,1f],start_interpolation:0}