execute if entity @s[tag=aj.microphone.bone.head] run data modify entity @s {} merge value {transformation:[-1f,-2.1373033680837913e-18f,1.2244602795081332e-16f,7.654042494670958e-18f,0f,0.9998476951563913f,0.01745240643728351f,1.71875f,-1.2246467991473532e-16f,0.01745240643728351f,-0.9998476951563913f,-0.0625f,0f,0f,0f,1f],start_interpolation:0}
execute if entity @s[tag=aj.microphone.bone.right_leg] run data modify entity @s {} merge value {transformation:[-1f,-8.542704229054943e-18f,1.221663621095163e-16f,0.10625000000000001f,0f,0.9975640502598242f,0.0697564737441253f,0.6875f,-1.2246467991473532e-16f,0.0697564737441253f,-0.9975640502598242f,-0.062499999999999986f,0f,0f,0f,1f],start_interpolation:0}
execute if entity @s[tag=aj.microphone.bone.left_leg] run data modify entity @s {} merge value {transformation:[-1f,8.542704229054943e-18f,1.221663621095163e-16f,-0.10624999999999998f,0f,0.9975640502598242f,-0.0697564737441253f,0.6875f,-1.2246467991473532e-16f,-0.0697564737441253f,-0.9975640502598242f,-0.06250000000000001f,0f,0f,0f,1f],start_interpolation:0}
execute if entity @s[tag=aj.microphone.bone.left_straight] run data modify entity @s {} merge value {transformation:[-0.9953961983671789f,-0.09584575252022398f,1.2246467991473532e-16f,0.027835639993227967f,-0.09584575252022398f,0.9953961983671789f,0f,0.9990386827857013f,-1.2190087682138094e-16f,-1.1737719403576166e-17f,-1f,-0.007968749999999816f,0f,0f,0f,1f],start_interpolation:0}
execute if entity @s[tag=aj.microphone.bone.left_bend] run data modify entity @s {} merge value {transformation:[-0.9953961983671789f,-0.09584575252022398f,1.2246467991473532e-16f,0.37370179766256995f,-0.09584575252022398f,0.9953961983671789f,0f,1.1076886880102566f,-1.2190087682138094e-16f,-1.1737719403576166e-17f,-1f,-0.06249999999999994f,0f,0f,0f,1f],start_interpolation:0}