execute if entity @s[tag=aj.microphone.bone.right_leg] run data modify entity @s {} merge value {transformation:[-1f,-2.754855886670365e-17f,1.1932591810242374e-16f,0.10625000000000001f,0f,0.9743700647852352f,0.22495105434386495f,0.6875f,-1.2246467991473532e-16f,0.22495105434386495f,-0.9743700647852352f,-0.062499999999999986f,0f,0f,0f,1f],start_interpolation:0}
execute if entity @s[tag=aj.microphone.bone.left_leg] run data modify entity @s {} merge value {transformation:[-1f,2.754855886670365e-17f,1.1932591810242374e-16f,-0.10624999999999998f,0f,0.9743700647852352f,-0.22495105434386495f,0.6875f,-1.2246467991473532e-16f,-0.22495105434386495f,-0.9743700647852352f,-0.06250000000000001f,0f,0f,0f,1f],start_interpolation:0}
execute if entity @s[tag=aj.microphone.bone.left_arm] run data modify entity @s {} merge value {transformation:[-0.9888960132431915f,-0.11603869518006991f,0.09284231908256281f,0.3125f,-0.13970653710828354f,0.9388882221668697f,-0.31459655078456666f,1.45625f,-0.050663186644084916f,-0.32407395374704434f,-0.9446741840559766f,-0.14999999999999997f,0f,0f,0f,1f],start_interpolation:0}