execute if entity @s[tag=aj.microphone.bone.right_leg] run data modify entity @s {} merge value {transformation:[-1f,-3.169619151431765e-17f,1.1829179713786698e-16f,0.10625000000000001f,0f,0.9659258262890683f,0.25881904510252074f,0.6875f,-1.2246467991473532e-16f,0.25881904510252074f,-0.9659258262890683f,-0.062499999999999986f,0f,0f,0f,1f],start_interpolation:0}
execute if entity @s[tag=aj.microphone.bone.left_leg] run data modify entity @s {} merge value {transformation:[-1f,3.169619151431765e-17f,1.1829179713786698e-16f,-0.10624999999999998f,0f,0.9659258262890683f,-0.25881904510252074f,0.6875f,-1.2246467991473532e-16f,-0.25881904510252074f,-0.9659258262890683f,-0.06250000000000001f,0f,0f,0f,1f],start_interpolation:0}
execute if entity @s[tag=aj.microphone.bone.left_arm] run data modify entity @s {} merge value {transformation:[-0.9888960132431915f,-0.1132946613173541f,0.09617169390578295f,0.3125f,-0.1397065371082835f,0.9293600804936659f,-0.3417190721543337f,1.45625f,-0.05066318664408492f,-0.35136044242599784f,-0.934868483273061f,-0.14999999999999997f,0f,0f,0f,1f],start_interpolation:0}