execute if entity @s[tag=aj.microphone.bone.right_leg] run data modify entity @s {} merge value {transformation:[-1f,3.7843667304341506e-17f,1.1647083184890923e-16f,0.10625000000000001f,0f,0.9510565162951535f,-0.30901699437494745f,0.6875f,-1.2246467991473532e-16f,-0.30901699437494745f,-0.9510565162951535f,-0.062499999999999986f,0f,0f,0f,1f],start_interpolation:0}
execute if entity @s[tag=aj.microphone.bone.left_leg] run data modify entity @s {} merge value {transformation:[-1f,-3.7843667304341506e-17f,1.1647083184890923e-16f,-0.10624999999999998f,0f,0.9510565162951535f,0.30901699437494745f,0.6875f,-1.2246467991473532e-16f,0.30901699437494745f,-0.9510565162951535f,-0.06250000000000001f,0f,0f,0f,1f],start_interpolation:0}
execute if entity @s[tag=aj.microphone.bone.left_arm] run data modify entity @s {} merge value {transformation:[-0.9888960132431915f,-0.10900030709070345f,0.10101291029296167f,0.3125f,-0.13970653710828349f,0.9136018192053853f,-0.38185573117844157f,1.45625f,-0.05066318664408494f,-0.3917277740966841f,-0.9186852521513142f,-0.14999999999999997f,0f,0f,0f,1f],start_interpolation:0}