execute if entity @s[tag=aj.microphone.bone.head] run data modify entity @s {} merge value {transformation:[-1f,6.40930612932371e-18f,1.2229684632711994e-16f,7.654042494670958e-18f,0f,0.9986295347545738f,-0.052335956242943835f,1.71875f,-1.2246467991473532e-16f,-0.052335956242943835f,-0.9986295347545738f,-0.0625f,0f,0f,0f,1f],start_interpolation:0}
execute if entity @s[tag=aj.microphone.bone.right_leg] run data modify entity @s {} merge value {transformation:[-1f,2.546183866652831e-17f,1.1978853283323184e-16f,0.10625000000000001f,0f,0.9781476007338057f,-0.20791169081775931f,0.6875f,-1.2246467991473532e-16f,-0.20791169081775931f,-0.9781476007338057f,-0.062499999999999986f,0f,0f,0f,1f],start_interpolation:0}
execute if entity @s[tag=aj.microphone.bone.left_leg] run data modify entity @s {} merge value {transformation:[-1f,-2.546183866652831e-17f,1.1978853283323184e-16f,-0.10624999999999998f,0f,0.9781476007338057f,0.20791169081775931f,0.6875f,-1.2246467991473532e-16f,0.20791169081775931f,-0.9781476007338057f,-0.06250000000000001f,0f,0f,0f,1f],start_interpolation:0}
execute if entity @s[tag=aj.microphone.bone.left_straight] run data modify entity @s {} merge value {transformation:[-0.9935718556765875f,-0.11320321376790671f,1.2246467991473532e-16f,0.03520872777477413f,-0.11320321376790671f,0.9935718556765875f,0f,0.9935891410420179f,-1.2167745927772288e-16f,-1.3863395339406054e-17f,-1f,-0.00796874999999981f,0f,0f,0f,1f],start_interpolation:0}
execute if entity @s[tag=aj.microphone.bone.left_bend] run data modify entity @s {} merge value {transformation:[-0.9935718556765875f,-0.11320321376790671f,1.2246467991473532e-16f,0.3791260043024708f,-0.11320321376790671f,0.9935718556765875f,0f,1.1082587951010665f,-1.2167745927772288e-16f,-1.3863395339406054e-17f,-1f,-0.06249999999999994f,0f,0f,0f,1f],start_interpolation:0}