execute if entity @s[tag=aj.microphone.bone.right_leg] run data modify entity @s {} merge value {transformation:[-1f,-3.169619151431765e-17f,1.1829179713786698e-16f,0.10625000000000001f,0f,0.9659258262890683f,0.25881904510252074f,0.6875f,-1.2246467991473532e-16f,0.25881904510252074f,-0.9659258262890683f,-0.062499999999999986f,0f,0f,0f,1f],start_interpolation:0}
execute if entity @s[tag=aj.microphone.bone.left_leg] run data modify entity @s {} merge value {transformation:[-1f,3.169619151431765e-17f,1.1829179713786698e-16f,-0.10624999999999998f,0f,0.9659258262890683f,-0.25881904510252074f,0.6875f,-1.2246467991473532e-16f,-0.25881904510252074f,-0.9659258262890683f,-0.06250000000000001f,0f,0f,0f,1f],start_interpolation:0}
execute if entity @s[tag=aj.microphone.bone.left_arm] run data modify entity @s {} merge value {transformation:[-0.9899882949286574f,-0.11333653611436913f,0.08413088306826533f,0.3125f,-0.1398608935412005f,0.8680134442056158f,-0.47643634531400025f,1.45625f,-0.019029092519266672f,-0.48343302561978596f,-0.875174498816089f,-0.14999999999999997f,0f,0f,0f,1f],start_interpolation:0}