execute if entity @s[tag=aj.microphone.bone.head] run data modify entity @s {} merge value {transformation:[-1f,-4.807940770445818e-18f,1.223702640847296e-16f,7.654042494670958e-18f,0f,0.9992290362407229f,0.0392598157590686f,1.71875f,-1.2246467991473532e-16f,0.0392598157590686f,-0.9992290362407229f,-0.0625f,0f,0f,0f,1f],start_interpolation:0}
execute if entity @s[tag=aj.microphone.bone.right_leg] run data modify entity @s {} merge value {transformation:[-1f,-1.9157696688784726e-17f,1.2095693648649962e-16f,0.10625000000000001f,0f,0.9876883405951378f,0.15643446504023087f,0.6875f,-1.2246467991473532e-16f,0.15643446504023087f,-0.9876883405951378f,-0.062499999999999986f,0f,0f,0f,1f],start_interpolation:0}
execute if entity @s[tag=aj.microphone.bone.left_leg] run data modify entity @s {} merge value {transformation:[-1f,1.9157696688784726e-17f,1.2095693648649962e-16f,-0.10624999999999998f,0f,0.9876883405951378f,-0.15643446504023087f,0.6875f,-1.2246467991473532e-16f,-0.15643446504023087f,-0.9876883405951378f,-0.06250000000000001f,0f,0f,0f,1f],start_interpolation:0}
execute if entity @s[tag=aj.microphone.bone.left_straight] run data modify entity @s {} merge value {transformation:[-0.9942914830326867f,-0.10669792298194264f,1.2246467991473532e-16f,0.03243268476734662f,-0.10669792298194264f,0.9942914830326867f,0f,0.9956176307671761f,-1.2176558821154545e-16f,-1.3066726985550687e-17f,-1f,-0.00796874999999981f,0f,0f,0f,1f],start_interpolation:0}
execute if entity @s[tag=aj.microphone.bone.left_bend] run data modify entity @s {} merge value {transformation:[-0.9942914830326867f,-0.10669792298194264f,1.2246467991473532e-16f,0.37709310093185705f,-0.10669792298194264f,0.9942914830326867f,0f,1.1080339115522855f,-1.2176558821154545e-16f,-1.3066726985550687e-17f,-1f,-0.06249999999999994f,0f,0f,0f,1f],start_interpolation:0}