execute if entity @s[tag=aj.microphone.bone.head] run data modify entity @s {} merge value {transformation:[-1f,-2.6715529131342774e-18f,1.22435536637248e-16f,7.654042494670958e-18f,0f,0.9997620270799091f,0.02181488503456112f,1.71875f,-1.2246467991473532e-16f,0.02181488503456112f,-0.9997620270799091f,-0.0625f,0f,0f,0f,1f],start_interpolation:0}
execute if entity @s[tag=aj.microphone.bone.right_leg] run data modify entity @s {} merge value {transformation:[-1f,-1.0673500138322974e-17f,1.2199866483456202e-16f,0.10625000000000001f,0f,0.9961946980917455f,0.08715574274765818f,0.6875f,-1.2246467991473532e-16f,0.08715574274765818f,-0.9961946980917455f,-0.062499999999999986f,0f,0f,0f,1f],start_interpolation:0}
execute if entity @s[tag=aj.microphone.bone.left_leg] run data modify entity @s {} merge value {transformation:[-1f,1.0673500138322974e-17f,1.2199866483456202e-16f,-0.10624999999999998f,0f,0.9961946980917455f,-0.08715574274765818f,0.6875f,-1.2246467991473532e-16f,-0.08715574274765818f,-0.9961946980917455f,-0.06250000000000001f,0f,0f,0f,1f],start_interpolation:0}
execute if entity @s[tag=aj.microphone.bone.left_straight] run data modify entity @s {} merge value {transformation:[-0.9951847266721969f,-0.0980171403295606f,1.2246467991473532e-16f,0.028752059136159802f,-0.0980171403295606f,0.9951847266721969f,0f,0.9983504639538827f,-1.2187497900794394e-16f,-1.2003637716617333e-17f,-1f,-0.007968749999999816f,0f,0f,0f,1f],start_interpolation:0}
execute if entity @s[tag=aj.microphone.bone.left_bend] run data modify entity @s {} merge value {transformation:[-0.9951847266721969f,-0.0980171403295606f,1.2246467991473532e-16f,0.37438035635298766f,-0.0980171403295606f,0.9951847266721969f,0f,1.1077547729149384f,-1.2187497900794394e-16f,-1.2003637716617333e-17f,-1f,-0.06249999999999994f,0f,0f,0f,1f],start_interpolation:0}