execute if entity @s[tag=aj.microphone.bone.head] run data modify entity @s {} merge value {transformation:[-1f,7.476289853398312e-18f,1.2223625860049279e-16f,7.654042494670958e-18f,0f,0.9981347984218669f,-0.06104853953485688f,1.71875f,-1.2246467991473532e-16f,-0.06104853953485688f,-0.9981347984218669f,-0.0625f,0f,0f,0f,1f],start_interpolation:0}
execute if entity @s[tag=aj.microphone.bone.right_leg] run data modify entity @s {} merge value {transformation:[-1f,2.9626887508979326e-17f,1.1882695554102554e-16f,0.10625000000000001f,0f,0.9702957262759965f,-0.24192189559966776f,0.6875f,-1.2246467991473532e-16f,-0.24192189559966776f,-0.9702957262759965f,-0.062499999999999986f,0f,0f,0f,1f],start_interpolation:0}
execute if entity @s[tag=aj.microphone.bone.left_leg] run data modify entity @s {} merge value {transformation:[-1f,-2.9626887508979326e-17f,1.1882695554102554e-16f,-0.10624999999999998f,0f,0.9702957262759965f,0.24192189559966776f,0.6875f,-1.2246467991473532e-16f,0.24192189559966776f,-0.9702957262759965f,-0.06250000000000001f,0f,0f,0f,1f],start_interpolation:0}
execute if entity @s[tag=aj.microphone.bone.left_straight] run data modify entity @s {} merge value {transformation:[-0.9930684569549263f,-0.11753739745783764f,1.2246467991473532e-16f,0.037066773188711544f,-0.11753739745783764f,0.9930684569549263f,0f,0.9922469272691392f,-1.2161581071440516e-16f,-1.4394179757685112e-17f,-1f,-0.00796874999999981f,0f,0f,0f,1f],start_interpolation:0}
execute if entity @s[tag=aj.microphone.bone.left_bend] run data modify entity @s {} merge value {transformation:[-0.9930684569549263f,-0.11753739745783764f,1.2246467991473532e-16f,0.3804804367055742f,-0.11753739745783764f,0.9930684569549263f,0f,1.1084161072015855f,-1.2161581071440516e-16f,-1.4394179757685112e-17f,-1f,-0.06249999999999994f,0f,0f,0f,1f],start_interpolation:0}