execute if entity @s[tag=aj.microphone.bone.right_leg] run data modify entity @s {} merge value {transformation:[-1f,-3.375584055267281e-17f,1.1772060590738186e-16f,0.10625000000000001f,0f,0.9612616959383189f,0.27563735581699916f,0.6875f,-1.2246467991473532e-16f,0.27563735581699916f,-0.9612616959383189f,-0.062499999999999986f,0f,0f,0f,1f],start_interpolation:0}
execute if entity @s[tag=aj.microphone.bone.left_leg] run data modify entity @s {} merge value {transformation:[-1f,3.375584055267281e-17f,1.1772060590738186e-16f,-0.10624999999999998f,0f,0.9612616959383189f,-0.27563735581699916f,0.6875f,-1.2246467991473532e-16f,-0.27563735581699916f,-0.9612616959383189f,-0.06250000000000001f,0f,0f,0f,1f],start_interpolation:0}
execute if entity @s[tag=aj.microphone.bone.left_arm] run data modify entity @s {} merge value {transformation:[-0.9888960132431915f,-0.11188668701234922f,0.0978061565604241f,0.3125f,-0.13970653710828354f,0.9243017340109594f,-0.35517374338983104f,1.45625f,-0.05066318664408492f,-0.3648940582877917f,-0.9296696013882202f,-0.14999999999999997f,0f,0f,0f,1f],start_interpolation:0}