execute if entity @s[tag=aj.microphone.bone.right_leg] run data modify entity @s {} merge value {transformation:[-1f,-4.273955692857142e-18f,1.2239007774061617e-16f,0.10625000000000001f,0f,0.9993908270190958f,0.03489949670250097f,0.6875f,-1.2246467991473532e-16f,0.03489949670250097f,-0.9993908270190958f,-0.062499999999999986f,0f,0f,0f,1f],start_interpolation:0}
execute if entity @s[tag=aj.microphone.bone.left_leg] run data modify entity @s {} merge value {transformation:[-1f,4.273955692857142e-18f,1.2239007774061617e-16f,-0.10624999999999998f,0f,0.9993908270190958f,-0.03489949670250097f,0.6875f,-1.2246467991473532e-16f,-0.03489949670250097f,-0.9993908270190958f,-0.06250000000000001f,0f,0f,0f,1f],start_interpolation:0}
execute if entity @s[tag=aj.microphone.bone.left_arm] run data modify entity @s {} merge value {transformation:[-0.9881862481790231f,-0.1476001344851362f,0.04125698983003629f,0.3125f,-0.1396064231893769f,0.7558700485674841f,-0.6396643778442395f,1.45625f,0.06322962528858299f,-0.6378672824173999f,-0.7675463142425389f,-0.14999999999999997f,0f,0f,0f,1f],start_interpolation:0}