execute if entity @s[tag=aj.microphone.bone.right_leg] run data modify entity @s {} merge value {transformation:[-1f,-2.5461838666528304e-17f,1.1978853283323184e-16f,0.10625000000000001f,0f,0.9781476007338057f,0.2079116908177593f,0.6875f,-1.2246467991473532e-16f,0.2079116908177593f,-0.9781476007338057f,-0.062499999999999986f,0f,0f,0f,1f],start_interpolation:0}
execute if entity @s[tag=aj.microphone.bone.left_leg] run data modify entity @s {} merge value {transformation:[-1f,2.5461838666528304e-17f,1.1978853283323184e-16f,-0.10624999999999998f,0f,0.9781476007338057f,-0.2079116908177593f,0.6875f,-1.2246467991473532e-16f,-0.2079116908177593f,-0.9781476007338057f,-0.06250000000000001f,0f,0f,0f,1f],start_interpolation:0}
execute if entity @s[tag=aj.microphone.bone.left_arm] run data modify entity @s {} merge value {transformation:[-0.9901675797947095f,-0.11936694547303241f,0.07293624786020891f,0.3125f,-0.13988624850437673f,0.8450637649669895f,-0.5160417334084411f,1.45625f,-0.000037454765739162146f,-0.5211705723352527f,-0.8534525371272181f,-0.14999999999999997f,0f,0f,0f,1f],start_interpolation:0}