execute if entity @s[tag=aj.microphone.bone.right_leg] run data modify entity @s {} merge value {transformation:[-1f,-2.1265768495757713e-17f,1.2060416625018976e-16f,0.10625000000000001f,0f,0.984807753012208f,0.17364817766693033f,0.6875f,-1.2246467991473532e-16f,0.17364817766693033f,-0.984807753012208f,-0.062499999999999986f,0f,0f,0f,1f],start_interpolation:0}
execute if entity @s[tag=aj.microphone.bone.left_leg] run data modify entity @s {} merge value {transformation:[-1f,2.1265768495757713e-17f,1.2060416625018976e-16f,-0.10624999999999998f,0f,0.984807753012208f,-0.17364817766693033f,0.6875f,-1.2246467991473532e-16f,-0.17364817766693033f,-0.984807753012208f,-0.06250000000000001f,0f,0f,0f,1f],start_interpolation:0}
execute if entity @s[tag=aj.microphone.bone.left_arm] run data modify entity @s {} merge value {transformation:[-0.9888960132431915f,-0.11997066082445358f,0.08770242603865361f,0.3125f,-0.1397065371082835f,0.9516943099725658f,-0.2734227932251694f,1.45625f,-0.05066318664408493f,-0.2826393123880432f,-0.9578873945364772f,-0.14999999999999997f,0f,0f,0f,1f],start_interpolation:0}