execute if entity @s[tag=aj.microphone.bone.right_leg] run data modify entity @s {} merge value {transformation:[-1f,6.409306129323706e-18f,1.2229684632711994e-16f,0.10625000000000001f,0f,0.9986295347545738f,-0.0523359562429438f,0.6875f,-1.2246467991473532e-16f,-0.0523359562429438f,-0.9986295347545738f,-0.062499999999999986f,0f,0f,0f,1f],start_interpolation:0}
execute if entity @s[tag=aj.microphone.bone.left_leg] run data modify entity @s {} merge value {transformation:[-1f,-6.409306129323706e-18f,1.2229684632711994e-16f,-0.10624999999999998f,0f,0.9986295347545738f,0.0523359562429438f,0.6875f,-1.2246467991473532e-16f,0.0523359562429438f,-0.9986295347545738f,-0.06250000000000001f,0f,0f,0f,1f],start_interpolation:0}
execute if entity @s[tag=aj.microphone.bone.left_arm] run data modify entity @s {} merge value {transformation:[-0.9888960132431915f,-0.12824845264679915f,0.07508001988161227f,0.3125f,-0.1397065371082835f,0.9745214050931306f,-0.17547112156854297f,1.45625f,-0.05066318664408493f,-0.18401186214212467f,-0.98161747952553f,-0.14999999999999997f,0f,0f,0f,1f],start_interpolation:0}