execute if entity @s[tag=aj.microphone.bone.right_leg] run data modify entity @s {} merge value {transformation:[-1f,-1.0673500138322974e-17f,1.2199866483456202e-16f,0.10625000000000001f,0f,0.9961946980917455f,0.08715574274765818f,0.6875f,-1.2246467991473532e-16f,0.08715574274765818f,-0.9961946980917455f,-0.062499999999999986f,0f,0f,0f,1f],start_interpolation:0}
execute if entity @s[tag=aj.microphone.bone.left_leg] run data modify entity @s {} merge value {transformation:[-1f,1.0673500138322974e-17f,1.2199866483456202e-16f,-0.10624999999999998f,0f,0.9961946980917455f,-0.08715574274765818f,0.6875f,-1.2246467991473532e-16f,-0.08715574274765818f,-0.9961946980917455f,-0.06250000000000001f,0f,0f,0f,1f],start_interpolation:0}
execute if entity @s[tag=aj.microphone.bone.left_arm] run data modify entity @s {} merge value {transformation:[-0.9888960132431915f,-0.12601489717233563f,0.07877131890712039f,0.3125f,-0.1397065371082835f,0.969016935783155f,-0.20368667520148884f,1.45625f,-0.050663186644084944f,-0.21242980924547922f,-0.9758620894690991f,-0.14999999999999997f,0f,0f,0f,1f],start_interpolation:0}