execute if entity @s[tag=aj.red_microphone.bone.left_straight] run data modify entity @s {} merge value {transformation:[-0.9942914830326867f,-0.10669792298194264f,1.2246467991473532e-16f,0.03243268476734673f,-0.10669792298194264f,0.9942914830326867f,0f,0.9956176307671761f,-1.2176558821154545e-16f,-1.3066726985550687e-17f,-1f,-0.00796874999999999f,0f,0f,0f,1f],start_interpolation:0}
execute if entity @s[tag=aj.red_microphone.bone.left_bend] run data modify entity @s {} merge value {transformation:[-0.9942914830326867f,-0.10669792298194264f,1.2246467991473532e-16f,0.3837617211182285f,-0.10669792298194264f,0.9942914830326867f,0f,1.0458906938627424f,-1.2176558821154545e-16f,-1.3066726985550687e-17f,-1f,-0.06249999999999995f,0f,0f,0f,1f],start_interpolation:0}
execute if entity @s[tag=aj.red_microphone.bone.microphone] run data modify entity @s {} merge value {transformation:[-0.7739043865708405f,0.13837076230554549f,-0.6180012399545759f,0.011591987422536476f,0.2621381217925294f,0.95830865203777f,-0.11370194603716097f,1.3211923289462528f,0.5765029102697541f,-0.24999611910694672f,-0.7779115212425957f,0.32879597994399423f,0f,0f,0f,1f],start_interpolation:0}
execute if entity @s[tag=aj.red_microphone.bone.right_bend] run data modify entity @s {} merge value {transformation:[-0.7739043865708405f,-0.6180012399545759f,-0.13837076230554562f,-0.3041279051305913f,0.2621381217925294f,-0.11370194603716076f,-0.95830865203777f,1.1487680590188616f,0.5765029102697541f,-0.7779115212425957f,0.24999611910694655f,-0.012400104239321932f,0f,0f,0f,1f],start_interpolation:0}