execute if entity @s[tag=aj.red_microphone.bone.left_straight] run data modify entity @s {} merge value {transformation:[-0.992809667009055f,-0.11970365530496252f,1.2246467991473532e-16f,0.03799798766339879f,-0.11970365530496252f,0.992809667009055f,0f,0.9915788637930123f,-1.215841180865189e-16f,-1.4659469831546045e-17f,-1f,-0.00796874999999999f,0f,0f,0f,1f],start_interpolation:0}
execute if entity @s[tag=aj.red_microphone.bone.left_bend] run data modify entity @s {} merge value {transformation:[-0.992809667009055f,-0.11970365530496252f,1.2246467991473532e-16f,0.38863887073936093f,-0.11970365530496252f,0.992809667009055f,0f,1.0464463748716044f,-1.215841180865189e-16f,-1.4659469831546045e-17f,-1f,-0.06249999999999995f,0f,0f,0f,1f],start_interpolation:0}
execute if entity @s[tag=aj.red_microphone.bone.microphone] run data modify entity @s {} merge value {transformation:[-0.7739043865708405f,0.1545007326136827f,-0.6141673420723756f,0.01174523479530265f,0.2621381217925294f,0.9609566335609285f,-0.08857738717264321f,1.3094563626110058f,0.5765029102697541f,-0.2295471020010548f,-0.784189085880071f,0.3343380907115897f,0f,0f,0f,1f],start_interpolation:0}
execute if entity @s[tag=aj.red_microphone.bone.right_bend] run data modify entity @s {} merge value {transformation:[-0.7739043865708405f,-0.6141673420723756f,-0.15450073261368283f,-0.3041279051305913f,0.2621381217925294f,-0.088577387172643f,-0.9609566335609285f,1.1487680590188616f,0.5765029102697541f,-0.784189085880071f,0.22954710200105463f,-0.012400104239321932f,0f,0f,0f,1f],start_interpolation:0}