execute if entity @s[tag=aj.ttpd.bone.left_straight] run data modify entity @s {} merge value {transformation:[-0.9961946980917455f,-0.08715574274765818f,1.2246467991473532e-16f,0.02418504333530158f,-0.08715574274765818f,0.9961946980917455f,0f,2.2518115019836387f,-1.2199866483456202e-16f,-1.0673500138322974e-17f,-1f,-0.007968749999999997f,0f,0f,0f,1f],start_interpolation:0}
execute if entity @s[tag=aj.ttpd.bone.left_bend] run data modify entity @s {} merge value {transformation:[-0.9961946980917455f,-0.08715574274765818f,1.2246467991473532e-16f,0.3764334035303718f,-0.08715574274765818f,0.9961946980917455f,0f,2.2951769882155957f,-1.2199866483456202e-16f,-1.0673500138322974e-17f,-1f,-0.06249999999999995f,0f,0f,0f,1f],start_interpolation:0}
execute if entity @s[tag=aj.ttpd.bone.right_straight] run data modify entity @s {} merge value {transformation:[-0.9961946980917455f,0.08715574274765818f,1.2246467991473532e-16f,-0.0459768023560585f,0.08715574274765818f,0.9961946980917455f,0f,2.2537180338562437f,-1.2199866483456202e-16f,1.0673500138322974e-17f,-1f,-0.007968750000000004f,0f,0f,0f,1f],start_interpolation:0}
execute if entity @s[tag=aj.ttpd.bone.microphone] run data modify entity @s {} merge value {transformation:[-0.9961946980917455f,-1.031122174493839e-16f,0.08715574274765818f,-0.40196174524856504f,0.08715574274765818f,2.2119965816619248e-16f,0.9961946980917455f,1.9754195311375633f,-1.2199866483456202e-16f,1f,-2.1137110478670833e-16f,0.029874374999999967f,0f,0f,0f,1f],start_interpolation:0}
execute if entity @s[tag=aj.ttpd.bone.right_bend] run data modify entity @s {} merge value {transformation:[-0.9961946980917455f,0.08715574274765818f,1.2246467991473532e-16f,-0.36799019095169244f,0.08715574274765818f,0.9961946980917455f,0f,2.3916833495932335f,-1.2199866483456202e-16f,1.0673500138322974e-17f,-1f,-0.09375000000000004f,0f,0f,0f,1f],start_interpolation:0}
execute if entity @s[tag=aj.ttpd.bone.head] run data modify entity @s {} merge value {transformation:[-1f,0f,1.2246467991473532e-16f,0f,0f,1f,0f,2.6875f,-1.2246467991473532e-16f,0f,-1f,0f,0f,0f,0f,1f],start_interpolation:0}
execute if entity @s[tag=aj.ttpd.bone.outfit] run data modify entity @s {} merge value {transformation:[-1f,0f,1.2246467991473532e-16f,0f,0f,1f,0f,1.25f,-1.2246467991473532e-16f,0f,-1f,0f,0f,0f,0f,1f],start_interpolation:0}
execute if entity @s[tag=aj.ttpd.bone.chest] run data modify entity @s {} merge value {transformation:[-1f,0f,1.2246467991473532e-16f,-0.010937499999999998f,0f,1f,0f,1.9375f,-1.2246467991473532e-16f,0f,-1f,-0.007968750000000002f,0f,0f,0f,1f],start_interpolation:0}
execute if entity @s[tag=aj.ttpd.bone.waist] run data modify entity @s {} merge value {transformation:[-1f,0f,1.2246467991473532e-16f,0f,0f,1f,0f,2.75f,-1.2246467991473532e-16f,0f,-1f,0f,0f,0f,0f,1f],start_interpolation:0}
execute if entity @s[tag=aj.ttpd.bone.right_leg] run data modify entity @s {} merge value {transformation:[-1f,0f,1.2246467991473532e-16f,0.10625000000000001f,0f,1f,0f,1.9375f,-1.2246467991473532e-16f,0f,-1f,-0.062499999999999986f,0f,0f,0f,1f],start_interpolation:0}
execute if entity @s[tag=aj.ttpd.bone.left_leg] run data modify entity @s {} merge value {transformation:[-1f,0f,1.2246467991473532e-16f,-0.10624999999999998f,0f,1f,0f,1.9375f,-1.2246467991473532e-16f,0f,-1f,-0.06250000000000001f,0f,0f,0f,1f],start_interpolation:0}