execute if entity @s[tag=aj.lover_microphone.bone.left_straight] run data modify entity @s {} merge value {transformation:[-0.8740854549298797f,0.15138347170505617f,0.46158169588335063f,-0.05540159384231835f,-0.10407434663404558f,0.8697788233644376f,-0.482341506403369f,1.0659836883595022f,-0.4744925161187708f,-0.4696465084734467f,-0.7445058825999824f,0.176653253323507f,0f,0f,0f,1f],start_interpolation:0}
execute if entity @s[tag=aj.lover_microphone.bone.left_bend] run data modify entity @s {} merge value {transformation:[-0.8740854549298797f,0.1856264254965171f,0.44890694763771644f,0.2816885112030755f,-0.10407434663404558f,0.8310918220741419f,-0.5463102723308244f,1.087467108202262f,-0.4744925161187708f,-0.5242415601980341f,-0.7071263244346153f,0.2984803998679352f,0f,0f,0f,1f],start_interpolation:0}
execute if entity @s[tag=aj.lover_microphone.bone.right_straight] run data modify entity @s {} merge value {transformation:[-0.8583159775069411f,0.263357018694104f,-0.4403825194769402f,-0.03712212879913984f,0.3417511117482604f,0.93359004568825f,-0.10777664037554405f,0.9534700283872293f,0.38275300178461324f,-0.24300762806209336f,-0.8913178065810774f,0.02672776098665358f,0f,0f,0f,1f],start_interpolation:0}
execute if entity @s[tag=aj.lover_microphone.bone.microphone] run data modify entity @s {} merge value {transformation:[-0.8583159775069411f,0.255631173426772f,-0.44491166081454403f,-0.12336752232979731f,0.3417511117482604f,0.9315668936700678f,-0.12405361839434051f,1.3231151135065173f,0.38275300178461324f,-0.2585262574485468f,-0.8869409866696405f,0.36643138538208936f,0f,0f,0f,1f],start_interpolation:0}
execute if entity @s[tag=aj.lover_microphone.bone.right_bend] run data modify entity @s {} merge value {transformation:[-0.8583159775069411f,-0.444911660814544f,-0.2556311734267721f,-0.3317523041423823f,0.3417511117482604f,-0.1240536183943403f,-0.9315668936700678f,1.160075266580885f,0.38275300178461324f,-0.8869409866696406f,0.25852625744854657f,0.05107542947802069f,0f,0f,0f,1f],start_interpolation:0}
execute if entity @s[tag=aj.lover_microphone.bone.head] run data modify entity @s {} merge value {transformation:[-0.9817975011908782f,-0.013222466970390194f,0.18946987365426837f,-0.0111563962143662f,-0.0021157769027832195f,0.998273274347373f,0.058702582667821995f,1.4274786313565802f,-0.18991890412343138f,0.057233172994267625f,-0.9801301820501004f,0.12168467429857632f,0f,0f,0f,1f],start_interpolation:0}
execute if entity @s[tag=aj.lover_microphone.bone.outfit] run data modify entity @s {} merge value {transformation:[-0.9822340929295189f,-0.014875194952488268f,0.18706927931130424f,0.010226696529835686f,0.015939117618086758f,0.9866381751421068f,0.16214516915964589f,0.009186254589801601f,-0.1869816333667082f,0.16224623239810176f,-0.9688725555284033f,-0.11154428477369496f,0f,0f,0f,1f],start_interpolation:0}
execute if entity @s[tag=aj.lover_microphone.bone.chest] run data modify entity @s {} merge value {transformation:[-0.9822340929295189f,-0.014875194952488268f,0.18706927931130424f,-0.009252477071904658f,0.015939117618086758f,0.9866381751421068f,0.16214516915964589f,0.6889664284156888f,-0.1869816333667082f,0.16224623239810176f,-0.9688725555284033f,-0.009765814791815335f,0f,0f,0f,1f],start_interpolation:0}