execute if entity @s[tag=aj.lover_microphone.bone.left_straight] run data modify entity @s {} merge value {transformation:[-0.9850147057620525f,0.13569828103268444f,-0.10645189503842578f,-0.05070767629653311f,0.16694591269939046f,0.9051429008565143f,-0.39095446187762295f,1.148980825630746f,0.0433023286379023f,-0.40286760300851804f,-0.9142333415385299f,0.1755571614482841f,0f,0f,0f,1f],start_interpolation:0}
execute if entity @s[tag=aj.lover_microphone.bone.left_bend] run data modify entity @s {} merge value {transformation:[-0.9850147057620525f,0.06536506630007186f,-0.1596040022683787f,0.29455600076503924f,0.16694591269939046f,0.5936970400091328f,-0.7871803395139906f,1.0797622479816233f,0.0433023286379023f,-0.802029446337216f,-0.5957127458285191f,0.10530823481614869f,0f,0f,0f,1f],start_interpolation:0}
execute if entity @s[tag=aj.lover_microphone.bone.right_straight] run data modify entity @s {} merge value {transformation:[-0.7393693832902902f,0.12382190798849652f,-0.6618164776998411f,-0.013074421696817246f,0.2548205233538151f,0.961289396360664f,-0.10482937242127308f,0.9706790650024311f,0.6232169894431822f,-0.2461520496494768f,-0.7423003115469763f,-0.0821132858806588f,0f,0f,0f,1f],start_interpolation:0}
execute if entity @s[tag=aj.lover_microphone.bone.microphone] run data modify entity @s {} merge value {transformation:[-0.7393693832902902f,0.12347840560664079f,-0.6618806526873088f,-0.025425831377124286f,0.2548205233538151f,0.9612348599794224f,-0.1053282717888611f,1.3112022457878998f,0.6232169894431822f,-0.246537273671107f,-0.742172457559693f,0.2941127391985612f,0f,0f,0f,1f],start_interpolation:0}
execute if entity @s[tag=aj.lover_microphone.bone.right_bend] run data modify entity @s {} merge value {transformation:[-0.7393693832902902f,-0.6618806526873088f,-0.12347840560664095f,-0.30237421811456466f,0.2548205233538151f,-0.1053282717888609f,-0.9612348599794224f,1.151635153555058f,0.6232169894431822f,-0.742172457559693f,0.24653727367110684f,0.03470278938809968f,0f,0f,0f,1f],start_interpolation:0}
execute if entity @s[tag=aj.lover_microphone.bone.head] run data modify entity @s {} merge value {transformation:[-0.9982427545471401f,0.0047022087484654305f,-0.05907023131006165f,0.006140452736854082f,0.002978733326144608f,0.9995682458463394f,0.02923096035787541f,1.43651802181245f,0.05918217756985669f,0.02900363991911746f,-0.9978257657174083f,0.0378721248459919f,0f,0f,0f,1f],start_interpolation:0}
execute if entity @s[tag=aj.lover_microphone.bone.outfit] run data modify entity @s {} merge value {transformation:[-0.9982271009337935f,0.008187270315805443f,-0.05895441939405398f,-0.005628748342116243f,0.00518542990015327f,0.9986906957499335f,0.050892097021681675f,0.0009001466719207318f,0.05929389747743585f,0.05049616646132254f,-0.9969625724643055f,-0.03471611444215925f,0f,0f,0f,1f],start_interpolation:0}
execute if entity @s[tag=aj.lover_microphone.bone.chest] run data modify entity @s {} merge value {transformation:[-0.9982271009337935f,0.008187270315805443f,-0.05895441939405398f,-0.011387901946009735f,0.00518542990015327f,0.9986906957499335f,0.050892097021681675f,0.6879622620376744f,0.05929389747743585f,0.05049616646132254f,-0.9969625724643055f,-0.0072960184956654805f,0f,0f,0f,1f],start_interpolation:0}