execute if entity @s[tag=aj.lover_microphone.bone.left_straight] run data modify entity @s {} merge value {transformation:[-0.5225285942051547f,0.7895695191227314f,0.32178229085871607f,-0.24406674504617898f,0.015029187972818825f,0.3858741833794479f,-0.9224289881124299f,1.2880339108373253f,-0.8524892912798744f,-0.47715939587683154f,-0.21349688330182864f,0.21737925279221476f,0f,0f,0f,1f],start_interpolation:0}
execute if entity @s[tag=aj.lover_microphone.bone.left_bend] run data modify entity @s {} merge value {transformation:[-0.5225285942051547f,0.8288634239587431f,0.1998731914524145f,-0.03131557475161462f,0.015029187972818825f,0.2433394245628892f,-0.9698247511598573f,1.2372254672624532f,-0.8524892912798744f,-0.5037572320838587f,-0.13960895163400794f,0.502139803927032f,0f,0f,0f,1f],start_interpolation:0}
execute if entity @s[tag=aj.lover_microphone.bone.right_straight] run data modify entity @s {} merge value {transformation:[-0.8663509054850788f,0.41131943306026586f,-0.28328860293376745f,-0.1400155014433116f,0.44669864771333906f,0.8918489085039468f,-0.07117473239424799f,0.9116574018563766f,0.22337508074147025f,-0.18820692970053f,-0.9563899439645116f,0.1491505275212014f,0f,0f,0f,1f],start_interpolation:0}
execute if entity @s[tag=aj.lover_microphone.bone.microphone] run data modify entity @s {} merge value {transformation:[-0.8663509054850788f,0.40631271928089f,-0.2904239706287223f,-0.2412865640040966f,0.44669864771333906f,0.8904709052376052f,-0.08672880176962044f,1.294813144497104f,0.22337508074147025f,-0.20486957088813545f,-0.9529596173122202f,0.4691663990881304f,0f,0f,0f,1f],start_interpolation:0}
execute if entity @s[tag=aj.lover_microphone.bone.right_bend] run data modify entity @s {} merge value {transformation:[-0.8663509054850788f,-0.2904239706287222f,-0.4063127192808901f,-0.4076606996545101f,0.44669864771333906f,-0.08672880176962025f,-0.8904709052376052f,1.1517648124028974f,0.22337508074147025f,-0.9529596173122202f,0.20486957088813523f,0.12086708876377072f,0f,0f,0f,1f],start_interpolation:0}
execute if entity @s[tag=aj.lover_microphone.bone.head] run data modify entity @s {} merge value {transformation:[-0.9201321978028083f,0.0032401977480486788f,0.39159448372663197f,-0.0779755352917616f,-0.0029726557152506346f,0.9998791674207244f,-0.01525823961134537f,1.3891290985658147f,-0.39159660606876107f,-0.015203673128299788f,-0.9200113838637191f,0.2532517007676067f,0f,0f,0f,1f],start_interpolation:0}
execute if entity @s[tag=aj.lover_microphone.bone.outfit] run data modify entity @s {} merge value {transformation:[-0.9249392983786999f,-0.10396738038901547f,0.3656201281791858f,0.07147757401744814f,0.033863098001063664f,0.9355054647544196f,0.35168567785508065f,0.04433999298133651f,-0.3786034665827676f,0.337668934356809f,-0.8617651106083655f,-0.2321473923703062f,0f,0f,0f,1f],start_interpolation:0}
execute if entity @s[tag=aj.lover_microphone.bone.chest] run data modify entity @s {} merge value {transformation:[-0.9249392983786999f,-0.10396738038901547f,0.3656201281791858f,-0.007202988179589143f,0.033863098001063664f,0.9355054647544196f,0.35168567785508065f,0.6906728728797943f,-0.3786034665827676f,0.337668934356809f,-0.8617651106083655f,-0.011008166140909433f,0f,0f,0f,1f],start_interpolation:0}