execute if entity @s[tag=aj.lover_microphone.bone.left_straight] run data modify entity @s {} merge value {transformation:[-0.9925157020615406f,-0.08904095838849356f,0.08357205807293326f,0.024756284555281005f,-0.09632714647497383f,0.9914847411022071f,-0.08763041146473138f,1.0056777287269103f,-0.07505772454102315f,-0.09502481723606601f,-0.9926412353393225f,0.03245569187601879f,0f,0f,0f,1f],start_interpolation:0}
execute if entity @s[tag=aj.lover_microphone.bone.left_bend] run data modify entity @s {} merge value {transformation:[-0.9925157020615406f,-0.08745451480356337f,0.08523079843437163f,0.3802334744421671f,-0.09632714647497383f,0.9896626169624421f,-0.10624963735956712f,1.047458726880844f,-0.07505772454102315f,-0.11366447302268154f,-0.9906799309359204f,0.0037599509691146824f,0f,0f,0f,1f],start_interpolation:0}
execute if entity @s[tag=aj.lover_microphone.bone.right_straight] run data modify entity @s {} merge value {transformation:[-0.7924592479692464f,0.14641508684510057f,-0.592090333185873f,-0.007362410928875046f,0.27221284692678094f,0.9536160044524066f,-0.12851724405792586f,0.9677908395977898f,0.5458099543577722f,-0.26301927381157675f,-0.7955578893629283f,-0.08546213229597235f,0f,0f,0f,1f],start_interpolation:0}
execute if entity @s[tag=aj.lover_microphone.bone.microphone] run data modify entity @s {} merge value {transformation:[-0.7924592479692464f,0.13625637419624093f,-0.5945103369992067f,-0.03881095593354689f,0.27221284692678094f,0.9512758665463565f,-0.1448253834605496f,1.3290863876650683f,0.5458099543577722f,-0.2766015658259588f,-0.7909380933464983f,0.2939813320472062f,0f,0f,0f,1f],start_interpolation:0}
execute if entity @s[tag=aj.lover_microphone.bone.right_bend] run data modify entity @s {} merge value {transformation:[-0.7924592479692464f,-0.5945103369992067f,-0.13625637419624106f,-0.3058788531635577f,0.27221284692678094f,-0.14482538346054938f,-0.9512758665463565f,1.1516640583607471f,0.5458099543577722f,-0.7909380933464984f,0.27660156582595863f,-0.0008214401313311609f,0f,0f,0f,1f],start_interpolation:0}
execute if entity @s[tag=aj.lover_microphone.bone.head] run data modify entity @s {} merge value {transformation:[-0.9995760269991002f,-0.00016781348728218775f,0.02911594215078007f,0.0014570787114840623f,-0.0001942426895458994f,0.9999995717157623f,-0.0009048967175148345f,1.4372010825815336f,-0.029115777827007184f,-0.0009101686246500394f,-0.9995756314929868f,0.021122587381882264f,0f,0f,0f,1f],start_interpolation:0}
execute if entity @s[tag=aj.lover_microphone.bone.outfit] run data modify entity @s {} merge value {transformation:[-0.9995746514007369f,0.0019427716153120832f,0.02909883014050751f,-0.0013356554855270576f,0.0027607051481454603f,0.9996014434420446f,0.02809506674962393f,0.0002740076335943087f,-0.029032650312714712f,0.028163449842509684f,-0.9991816277878552f,-0.01936237176672541f,0f,0f,0f,1f],start_interpolation:0}
execute if entity @s[tag=aj.lover_microphone.bone.chest] run data modify entity @s {} merge value {transformation:[-0.9995746514007369f,0.0019427716153120832f,0.02909883014050751f,-0.010700966447013389f,0.0027607051481454603f,0.9996014434420446f,0.02809506674962393f,0.687754077775719f,-0.029032650312714712f,0.028163449842509684f,-0.9991816277878552f,-0.008279773209229789f,0f,0f,0f,1f],start_interpolation:0}