execute if entity @s[tag=aj.lover_microphone.bone.left_straight] run data modify entity @s {} merge value {transformation:[-0.9148815569264732f,0.40316312579040026f,0.021242193829886263f,-0.15334268543513757f,-0.02261499344981134f,0.001356029646300716f,-0.9997433286873502f,1.3950799095453286f,-0.4030884504262775f,-0.9151271251506601f,0.007876924934909324f,0.5445770601593054f,0f,0f,0f,1f],start_interpolation:0}
execute if entity @s[tag=aj.lover_microphone.bone.left_bend] run data modify entity @s {} merge value {transformation:[-0.9148815569264732f,0.3955860039070113f,-0.08064397255018246f,0.17735226924188682f,-0.02261499344981134f,-0.24965280535531625f,-0.9680712984328609f,1.348600862012655f,-0.4030884504262775f,-0.883846813815099f,0.23734892214172756f,0.6765379444183492f,0f,0f,0f,1f],start_interpolation:0}
execute if entity @s[tag=aj.lover_microphone.bone.right_straight] run data modify entity @s {} merge value {transformation:[-0.7921003244199971f,0.35592548337808916f,-0.49587712826446106f,-0.10484654814747049f,0.39690558122517294f,0.9175305435373264f,0.024569519091872827f,0.8883242208974267f,0.4637273289833615f,-0.17735487576655978f,-0.8680450520542038f,0.20453191572928683f,0f,0f,0f,1f],start_interpolation:0}
execute if entity @s[tag=aj.lover_microphone.bone.microphone] run data modify entity @s {} merge value {transformation:[-0.7921003244199971f,0.3472170250175825f,-0.5020133599732927f,-0.1301089758667628f,0.39690558122517294f,0.9178195964245467f,0.008552661070674815f,1.2320211613362217f,0.4637273289833615f,-0.1924773388142659f,-0.8648175752127935f,0.5796432754136316f,0f,0f,0f,1f],start_interpolation:0}
execute if entity @s[tag=aj.lover_microphone.bone.right_bend] run data modify entity @s {} merge value {transformation:[-0.7921003244199971f,-0.5020133599732926f,-0.3472170250175826f,-0.37207504753295806f,0.39690558122517294f,0.008552661070675018f,-0.9178195964245467f,1.1228818669079244f,0.4637273289833615f,-0.8648175752127935f,0.1924773388142657f,0.26500598824806965f,0f,0f,0f,1f],start_interpolation:0}
execute if entity @s[tag=aj.lover_microphone.bone.head] run data modify entity @s {} merge value {transformation:[-0.9852481852888763f,-0.004146808386315204f,0.17108131798996493f,-0.02115324933032621f,0.012024685262454433f,0.9955578630005616f,0.09338066374841125f,1.353493826479653f,-0.17070858305696057f,0.09406032850230805f,-0.980821713805686f,0.34424520785881524f,0f,0f,0f,1f],start_interpolation:0}
execute if entity @s[tag=aj.lover_microphone.bone.outfit] run data modify entity @s {} merge value {transformation:[-0.9871588271552835f,-0.028204332440434944f,0.15723220281162084f,0.019390478552799024f,0.047482743120175745f,0.8879917686395373f,0.45740136415866733f,0.07700565906031809f,-0.1525216019952211f,0.4589936104784203f,-0.8752496937816063f,-0.315558107203914f,0f,0f,0f,1f],start_interpolation:0}
execute if entity @s[tag=aj.lover_microphone.bone.chest] run data modify entity @s {} merge value {transformation:[-0.9871588271552835f,-0.028204332440434944f,0.15723220281162084f,-0.009544105555855808f,0.047482743120175745f,0.8879917686395373f,0.45740136415866733f,0.6916642596235163f,-0.1525216019952211f,0.4589936104784203f,-0.8752496937816063f,-0.008642851019144906f,0f,0f,0f,1f],start_interpolation:0}