execute if entity @s[tag=aj.lover_microphone.bone.left_straight] run data modify entity @s {} merge value {transformation:[-0.277656771398733f,-0.1897218681062462f,-0.9417602296013078f,0.44195461426454624f,0.7257406553335304f,0.6008848515029399f,-0.3350192478505495f,1.424818096688128f,0.6294499332691121f,-0.7764940489125247f,-0.029150874960184675f,0.5681692220724525f,0f,0f,0f,1f],start_interpolation:0}
execute if entity @s[tag=aj.lover_microphone.bone.left_bend] run data modify entity @s {} merge value {transformation:[-0.277656771398733f,-0.5521541076781944f,-0.7861504682123701f,0.48670911449825993f,0.7257406553335304f,0.415621147000381f,-0.548233128661654f,1.156649000283953f,0.6294499332691121f,-0.7227619964692283f,0.2853206581503095f,0.3336153896044851f,0f,0f,0f,1f],start_interpolation:0}
execute if entity @s[tag=aj.lover_microphone.bone.right_straight] run data modify entity @s {} merge value {transformation:[-0.4809846763919644f,0.17515789902742726f,-0.8590538117512865f,0.007418716690008903f,0.22450032191479577f,0.9717774814804993f,0.07244399179760197f,0.9462586660586276f,0.8474982870403162f,-0.1580134073289845f,-0.5067330821724729f,0.07888089816223331f,0f,0f,0f,1f],start_interpolation:0}
execute if entity @s[tag=aj.lover_microphone.bone.microphone] run data modify entity @s {} merge value {transformation:[-0.4809846763919644f,0.17224786843647305f,-0.8596420260173467f,0.17429605774654064f,0.22450032191479577f,0.9720172278514151f,0.06915283233681302f,1.2242144482842428f,0.8474982870403162f,-0.15972845888927184f,-0.5061950936986529f,0.4897835355158022f,0f,0f,0f,1f],start_interpolation:0}
execute if entity @s[tag=aj.lover_microphone.bone.right_bend] run data modify entity @s {} merge value {transformation:[-0.4809846763919644f,-0.8596420260173467f,-0.17224786843647324f,-0.20719181050485694f,0.22450032191479577f,0.06915283233681324f,-0.9720172278514151f,1.1334776776542133f,0.8474982870403162f,-0.5061950936986529f,0.15972845888927173f,0.30018800818612346f,0f,0f,0f,1f],start_interpolation:0}
execute if entity @s[tag=aj.lover_microphone.bone.head] run data modify entity @s {} merge value {transformation:[-0.9241775109123708f,0.09160910986617138f,-0.3708149124743265f,0.12381905542958133f,0.017493316347847572f,0.9799457087075956f,0.19849531951338897f,1.3887319295445892f,0.3815624617372218f,0.1769581277452268f,-0.9072463330418784f,0.23546257133501797f,0f,0f,0f,1f],start_interpolation:0}
execute if entity @s[tag=aj.lover_microphone.bone.outfit] run data modify entity @s {} merge value {transformation:[-0.9215898984068104f,0.16509207390610844f,-0.3513070826042436f,-0.11350080081044954f,0.03285658164167839f,0.9349759060594524f,0.35318621169452497f,0.04470406458412646f,0.38677190202669653f,0.3139500951133573f,-0.8670887114828363f,-0.21584069039043316f,0f,0f,0f,1f],start_interpolation:0}
execute if entity @s[tag=aj.lover_microphone.bone.chest] run data modify entity @s {} merge value {transformation:[-0.9215898984068104f,0.16509207390610844f,-0.3513070826042436f,-0.012879367828327054f,0.03285658164167839f,0.9349759060594524f,0.35318621169452497f,0.6906738214861466f,0.38677190202669653f,0.3139500951133573f,-0.8670887114828363f,-0.0026792954912118593f,0f,0f,0f,1f],start_interpolation:0}