execute if entity @s[tag=aj.lover_microphone.bone.left_straight] run data modify entity @s {} merge value {transformation:[-0.6359122859009116f,-0.4080481407259401f,-0.6550666221769971f,0.3325377229240922f,0.6613870928063391f,0.14928374769981625f,-0.735038418140084f,1.6282407512376094f,0.39772186023583905f,-0.9006725695405635f,0.17494640427211647f,0.47275759670252643f,0f,0f,0f,1f],start_interpolation:0}
execute if entity @s[tag=aj.lover_microphone.bone.left_bend] run data modify entity @s {} merge value {transformation:[-0.6359122859009116f,-0.6604320818753517f,-0.3993056847454917f,0.5172656583299082f,0.6613870928063391f,-0.1997172196914113f,-0.7229662133377408f,1.3554384998649074f,0.39772186023583905f,-0.7238387233275941f,0.563803888335317f,0.3299722633888341f,0f,0f,0f,1f],start_interpolation:0}
execute if entity @s[tag=aj.lover_microphone.bone.right_straight] run data modify entity @s {} merge value {transformation:[-0.6269524918104977f,0.13262173907941638f,-0.767686164611659f,-0.015542148682229195f,0.23530587761561356f,0.9716171122698385f,-0.024317300507378348f,0.9686938211609037f,0.7426720117064827f,-0.19588685884451634f,-0.6403644443282861f,-0.012687650962836639f,0f,0f,0f,1f],start_interpolation:0}
execute if entity @s[tag=aj.lover_microphone.bone.microphone] run data modify entity @s {} merge value {transformation:[-0.6269524918104977f,0.1313503093580633f,-0.7679047266713163f,0.06292715562750484f,0.23530587761561356f,0.9715755119334643f,-0.025926213969128555f,1.2815559093325573f,0.7426720117064827f,-0.19694700008572924f,-0.6400391880073265f,0.39927514393868696f,0f,0f,0f,1f],start_interpolation:0}
execute if entity @s[tag=aj.lover_microphone.bone.right_bend] run data modify entity @s {} merge value {transformation:[-0.6269524918104977f,-0.7679047266713163f,-0.13135030935806347f,-0.27554735095919314f,0.23530587761561356f,-0.02592621396912834f,-0.9715755119334643f,1.1511912117752152f,0.7426720117064827f,-0.6400391880073265f,0.1969470000857291f,0.15812649025707237f,0f,0f,0f,1f],start_interpolation:0}
execute if entity @s[tag=aj.lover_microphone.bone.head] run data modify entity @s {} merge value {transformation:[-0.9754437121204104f,0.03406269321011836f,-0.21759893707467232f,0.04357154324550593f,0.010495093347740283f,0.9940347040021134f,0.10855809622065626f,1.4245845734639553f,0.21999867613323512f,0.10360859120123388f,-0.9699823927932505f,0.13155931050543057f,0f,0f,0f,1f],start_interpolation:0}
execute if entity @s[tag=aj.lover_microphone.bone.outfit] run data modify entity @s {} merge value {transformation:[-0.9750220508484999f,0.05809539099400791f,-0.2143756653737512f,-0.039940581308380435f,0.01812586360215766f,0.9827794312852736f,0.18389138781158368f,0.011839140991374397f,0.22136723657276203f,0.17541241400724075f,-0.9592846457565612f,-0.120596034629978f,0f,0f,0f,1f],start_interpolation:0}
execute if entity @s[tag=aj.lover_microphone.bone.chest] run data modify entity @s {} merge value {transformation:[-0.9750220508484999f,0.05809539099400791f,-0.2143756653737512f,-0.012372609764602548f,0.01812586360215766f,0.9827794312852736f,0.18389138781158368f,0.6891636361297722f,0.22136723657276203f,0.17541241400724075f,-0.9592846457565612f,-0.005223095370858013f,0f,0f,0f,1f],start_interpolation:0}