execute if entity @s[tag=aj.lover_microphone.bone.left_straight] run data modify entity @s {} merge value {transformation:[-0.34664131716043556f,-0.8071869514578953f,-0.4777960052505541f,0.6038805561199909f,0.7597537409264763f,0.05711828124402635f,-0.6476972711814938f,1.6814759428929384f,0.550103672397761f,-0.5875259375924076f,0.5934637497528046f,0.40751794238595673f,0f,0f,0f,1f],start_interpolation:0}
execute if entity @s[tag=aj.lover_microphone.bone.left_bend] run data modify entity @s {} merge value {transformation:[-0.34664131716043556f,-0.9339651901829192f,-0.08688394997847249f,0.6906852479957899f,0.7597537409264763f,-0.22524077233320777f,-0.6099515125212538f,1.3773950246045135f,0.550103672397761f,-0.27744480172698055f,0.7876613051363976f,0.23742129196617842f,0f,0f,0f,1f],start_interpolation:0}
execute if entity @s[tag=aj.lover_microphone.bone.right_straight] run data modify entity @s {} merge value {transformation:[-0.5467703077947845f,0.15099205163202764f,-0.8235554813477641f,-0.0063938465482709095f,0.22603944314531843f,0.9737026234479534f,0.028449450489022976f,0.9602109917938743f,0.8061937736404015f,-0.17060070760264773f,-0.5665218423934995f,0.03448105426725767f,0f,0f,0f,1f],start_interpolation:0}
execute if entity @s[tag=aj.lover_microphone.bone.microphone] run data modify entity @s {} merge value {transformation:[-0.5467703077947845f,0.14895109937601356f,-0.8239270601871704f,0.12135544896382233f,0.22603944314531843f,0.9737701227735973f,0.02603686110205223f,1.2533355985652501f,0.8061937736404015f,-0.17200383131828814f,-0.5660974133091221f,0.44873232940782465f,0f,0f,0f,1f],start_interpolation:0}
execute if entity @s[tag=aj.lover_microphone.bone.right_bend] run data modify entity @s {} merge value {transformation:[-0.5467703077947845f,-0.8239270601871704f,-0.14895109937601375f,-0.2424967025983325f,0.22603944314531843f,0.026036861102052444f,-0.9737701227735973f,1.1443788978300569f,0.8061937736404015f,-0.5660974133091221f,0.172003831318288f,0.23553601537009683f,0f,0f,0f,1f],start_interpolation:0}
execute if entity @s[tag=aj.lover_microphone.bone.head] run data modify entity @s {} merge value {transformation:[-0.9490495166566575f,0.06376517560568373f,-0.3086081938538591f,0.08294967497741762f,0.014629159124803304f,0.9871729286585809f,0.15898300735280385f,1.4087505715304478f,0.3147872339169205f,0.14636806790969403f,-0.9378088217005197f,0.18819395444100512f,0f,0f,0f,1f],start_interpolation:0}
execute if entity @s[tag=aj.lover_microphone.bone.outfit] run data modify entity @s {} merge value {transformation:[-0.9477996979286508f,0.11059956663655683f,-0.29907100907002676f,-0.07603720206263281f,0.02608255086772819f,0.9616674287072637f,0.2729751950338933f,0.02635364276375618f,0.3177977865665376f,0.25092527258800684f,-0.9143528172593136f,-0.17251112490425471f,0f,0f,0f,1f],start_interpolation:0}
execute if entity @s[tag=aj.lover_microphone.bone.chest] run data modify entity @s {} merge value {transformation:[-0.9477996979286508f,0.11059956663655683f,-0.29907100907002676f,-0.012749781299621392f,0.02608255086772819f,0.9616674287072637f,0.2729751950338933f,0.6899605489855422f,0.3177977865665376f,0.25092527258800684f,-0.9143528172593136f,-0.00381033572196365f,0f,0f,0f,1f],start_interpolation:0}