execute if entity @s[tag=aj.lover_microphone.bone.left_straight] run data modify entity @s {} merge value {transformation:[-0.5002673278574071f,0.8254999041713449f,0.2613092208313942f,-0.2545101801796689f,0.030698160826130083f,0.31850725603445257f,-0.947423216295282f,1.3164933194456216f,-0.8653266571649708f,-0.465943168279678f,-0.1846801026997576f,0.22253549211609794f,0f,0f,0f,1f],start_interpolation:0}
execute if entity @s[tag=aj.lover_microphone.bone.left_bend] run data modify entity @s {} merge value {transformation:[-0.5002673278574071f,0.8565575727331113f,0.12665593263629876f,-0.052503345079641106f,0.030698160826130083f,0.163729248356785f,-0.9860275635875578f,1.2579222339644323f,-0.8653266571649708f,-0.48938927024004447f,-0.10820313569215136f,0.5135609143754564f,0f,0f,0f,1f],start_interpolation:0}
execute if entity @s[tag=aj.lover_microphone.bone.right_straight] run data modify entity @s {} merge value {transformation:[-0.8641804945837327f,0.4194545532926597f,-0.277938753150889f,-0.1494583787717675f,0.4525144207003083f,0.8894052009696041f,-0.06472316081962204f,0.9067635466804406f,0.22005174809412414f,-0.18170378700036388f,-0.9584158606525911f,0.15769977523488427f,0f,0f,0f,1f],start_interpolation:0}
execute if entity @s[tag=aj.lover_microphone.bone.microphone] run data modify entity @s {} merge value {transformation:[-0.8641804945837327f,0.4157816778909669f,-0.28340372106094114f,-0.24316444431526907f,0.4525144207003083f,0.8884821176677556f,-0.07635591426264846f,1.2897170368867488f,0.22005174809412414f,-0.1942295624120921f,-0.9559561209835564f,0.5035460128421404f,0f,0f,0f,1f],start_interpolation:0}
execute if entity @s[tag=aj.lover_microphone.bone.right_bend] run data modify entity @s {} merge value {transformation:[-0.8641804945837327f,-0.283403721060941f,-0.415781677890967f,-0.4150325415277561f,0.4525144207003083f,-0.07635591426264826f,-0.8884821176677556f,1.1490926625367541f,0.22005174809412414f,-0.9559561209835564f,0.19422956241209188f,0.12884778539769007f,0f,0f,0f,1f],start_interpolation:0}
execute if entity @s[tag=aj.lover_microphone.bone.head] run data modify entity @s {} merge value {transformation:[-0.9154272976938468f,0.007088963574067825f,0.4024209353803392f,-0.08492276802688715f,-0.002470905242859651f,0.9997270517932173f,-0.02323180019117277f,1.3839035260411119f,-0.4024757846929706f,-0.022261368068636433f,-0.9151599172972397f,0.2651608047735526f,0f,0f,0f,1f],start_interpolation:0}
execute if entity @s[tag=aj.lover_microphone.bone.outfit] run data modify entity @s {} merge value {transformation:[-0.92083415047054f,-0.11323035736918287f,0.37315325738528177f,0.07784587069131323f,0.03556821533420892f,0.9285380347214824f,0.3695294577344363f,0.04913010112898086f,-0.3883289448201596f,0.35354773969807013f,-0.8510021306490644f,-0.24306407104242325f,0f,0f,0f,1f],start_interpolation:0}
execute if entity @s[tag=aj.lover_microphone.bone.chest] run data modify entity @s {} merge value {transformation:[-0.92083415047054f,-0.11323035736918287f,0.37315325738528177f,-0.007098058500982566f,0.03556821533420892f,0.9285380347214824f,0.3695294577344363f,0.6908337152215392f,-0.3883289448201596f,0.35354773969807013f,-0.8510021306490644f,-0.011028771062580227f,0f,0f,0f,1f],start_interpolation:0}