execute if entity @s[tag=aj.lover_microphone.bone.left_straight] run data modify entity @s {} merge value {transformation:[-0.6517318184794194f,0.7583355235756717f,0.013148021323413375f,-0.2571914328885184f,0.04645334722367725f,0.05721397725679811f,-0.9972806261720797f,1.4061684425790013f,-0.7570255763930474f,-0.6493487464295828f,-0.07251539282872294f,0.3555932086643635f,0f,0f,0f,1f],start_interpolation:0}
execute if entity @s[tag=aj.lover_microphone.bone.left_bend] run data modify entity @s {} merge value {transformation:[-0.6517318184794194f,0.7435088782715829f,-0.14980048301938687f,-0.015834131439111165f,0.04645334722367725f,-0.15800723614882545f,-0.9863446658528277f,1.336024236555367f,-0.7570255763930474f,-0.649790936575713f,0.06843986726194447f,0.6120295034457114f,0f,0f,0f,1f],start_interpolation:0}
execute if entity @s[tag=aj.lover_microphone.bone.right_straight] run data modify entity @s {} merge value {transformation:[-0.8472436232469315f,0.4022039345654528f,-0.3470017836949555f,-0.14779551619323747f,0.4333972657806703f,0.9010982307775077f,-0.013740032877864794f,0.8906016324084159f,0.3071563980796279f,-0.1620307795133834f,-0.9377638154722301f,0.18857772161818026f,0f,0f,0f,1f],start_interpolation:0}
execute if entity @s[tag=aj.lover_microphone.bone.microphone] run data modify entity @s {} merge value {transformation:[-0.8472436232469315f,0.39837523333418656f,-0.3513906890248291f,-0.2262596706436215f,0.4333972657806703f,0.90089342332992f,-0.023618844483528793f,1.2518103401472527f,0.3071563980796279f,-0.17230267922127743f,-0.9359309450231461f,0.5380735480096566f,0f,0f,0f,1f],start_interpolation:0}
execute if entity @s[tag=aj.lover_microphone.bone.right_bend] run data modify entity @s {} merge value {transformation:[-0.8472436232469315f,-0.351390689024829f,-0.3983752333341866f,-0.41554397596959336f,0.4333972657806703f,-0.023618844483528592f,-0.90089342332992f,1.1322206417220309f,0.3071563980796279f,-0.9359309450231461f,0.17230267922127723f,0.1926385415488029f,0f,0f,0f,1f],start_interpolation:0}
execute if entity @s[tag=aj.lover_microphone.bone.head] run data modify entity @s {} merge value {transformation:[-0.9402223186744192f,-0.0062901941104438475f,0.34050319370683146f,-0.07770726418337207f,0.005165331684258028f,0.9994510140684293f,0.03272598090477846f,1.3620975779581548f,-0.34052211501617724f,0.03252850958223058f,-0.9396736589099793f,0.3184017727747868f,0f,0f,0f,1f],start_interpolation:0}
execute if entity @s[tag=aj.lover_microphone.bone.outfit] run data modify entity @s {} merge value {transformation:[-0.9454802371871582f,-0.10360968557782943f,0.3087590551594857f,0.07123165883475772f,0.043433238160491966f,0.8994634372775396f,0.4348322421621556f,0.06911888687169154f,-0.32277031293384f,0.4245356970330491f,-0.8459247998689092f,-0.2918682917102213f,0f,0f,0f,1f],start_interpolation:0}
execute if entity @s[tag=aj.lover_microphone.bone.chest] run data modify entity @s {} merge value {transformation:[-0.9454802371871582f,-0.10360968557782943f,0.3087590551594857f,-0.00788076637343239f,0.043433238160491966f,0.8994634372775396f,0.4348322421621556f,0.69144012047211f,-0.32277031293384f,0.4245356970330491f,-0.8459247998689092f,-0.010271263546669246f,0f,0f,0f,1f],start_interpolation:0}