execute if entity @s[tag=aj.lover_microphone.bone.left_straight] run data modify entity @s {} merge value {transformation:[-0.5944407950864247f,0.6769682195168081f,0.4339978927382735f,-0.21262472311993297f,-0.020736909395990044f,0.5266203217282701f,-0.849847643599437f,1.2262497846160176f,-0.8038719560512866f,-0.5141838839433379f,-0.29900637412473696f,0.21441827714710418f,0f,0f,0f,1f],start_interpolation:0}
execute if entity @s[tag=aj.lover_microphone.bone.left_bend] run data modify entity @s {} merge value {transformation:[-0.5944407950864247f,0.7280541170881729f,0.34143424510142545f,0.030344546719627274f,-0.020736909395990044f,0.4105757945338296f,-0.9115906414238888f,1.1938444068739793f,-0.8038719560512866f,-0.5489669566867168f,-0.22896540948449529f,0.4768091216707636f,0f,0f,0f,1f],start_interpolation:0}
execute if entity @s[tag=aj.lover_microphone.bone.right_straight] run data modify entity @s {} merge value {transformation:[-0.8705333228762436f,0.3860964904384203f,-0.30512494790360944f,-0.11569957391850128f,0.4280636406501594f,0.8999773211811212f,-0.08247630516084051f,0.9224489555090196f,0.2427617212728909f,-0.2024112680430309f,-0.9487341172603816f,0.12756767399235727f,0f,0f,0f,1f],start_interpolation:0}
execute if entity @s[tag=aj.lover_microphone.bone.microphone] run data modify entity @s {} merge value {transformation:[-0.8705333228762436f,0.38176624831034717f,-0.3105257886441768f,-0.21812606268406562f,0.4280636406501594f,0.8987281254503198f,-0.0951276830259486f,1.3036862754627505f,0.2427617212728909f,-0.21573661760488536f,-0.9457930315396845f,0.44893420922780847f,0f,0f,0f,1f],start_interpolation:0}
execute if entity @s[tag=aj.lover_microphone.bone.right_bend] run data modify entity @s {} merge value {transformation:[-0.8705333228762436f,-0.3105257886441767f,-0.3817662483103472f,-0.38936864123390535f,0.4280636406501594f,-0.0951276830259484f,-0.8987281254503198f,1.1562739848650077f,0.2427617212728909f,-0.9457930315396845f,0.21573661760488513f,0.10483947841504265f,0f,0f,0f,1f],start_interpolation:0}
execute if entity @s[tag=aj.lover_microphone.bone.head] run data modify entity @s {} merge value {transformation:[-0.9340995321450132f,0.007330499751243683f,0.35693742843790477f,-0.06073334193462672f,-0.003417017063467677f,0.9995598113735962f,-0.0294704509834669f,1.4000518114556704f,-0.35699634177517187f,-0.028747995759321632f,-0.9336633037123001f,0.2260118960778273f,0f,0f,0f,1f],start_interpolation:0}
execute if entity @s[tag=aj.lover_microphone.bone.outfit] run data modify entity @s {} merge value {transformation:[-0.9375293124162732f,-0.08097778924616895f,0.3383509805055588f,0.05567223010674115f,0.030030373612972713f,0.9500690819408938f,0.31059123651618475f,0.034327506165635624f,-0.3466077971150321f,0.30134919477043637f,-0.8882858198745911f,-0.20717757140467497f,0f,0f,0f,1f],start_interpolation:0}
execute if entity @s[tag=aj.lover_microphone.bone.chest] run data modify entity @s {} merge value {transformation:[-0.9375293124162732f,-0.08097778924616895f,0.3383509805055588f,-0.007557992478649316f,0.030030373612972713f,0.9500690819408938f,0.31059123651618475f,0.6903034811273803f,-0.3466077971150321f,0.30134919477043637f,-0.8882858198745911f,-0.010869550408071312f,0f,0f,0f,1f],start_interpolation:0}