execute if entity @s[tag=aj.lover_microphone.bone.left_straight] run data modify entity @s {} merge value {transformation:[-0.3693829212822513f,-0.6376978100257891f,-0.6759421281095764f,0.5844973686619397f,0.27295108887703134f,0.6208463633465932f,-0.7348792391952256f,1.267052983975423f,0.8882870935378004f,-0.4559509800489775f,-0.05526973173938924f,0.5559346522765177f,0f,0f,0f,1f],start_interpolation:0}
execute if entity @s[tag=aj.lover_microphone.bone.left_bend] run data modify entity @s {} merge value {transformation:[-0.3693829212822513f,-0.8485922599870435f,-0.3787445494724281f,0.6706816817554406f,0.27295108887703134f,0.29051480562979937f,-0.9171144153216236f,1.1379273406688186f,0.8882870935378004f,-0.44214513906630515f,0.12431297379680367f,0.2321570089778034f,0f,0f,0f,1f],start_interpolation:0}
execute if entity @s[tag=aj.lover_microphone.bone.right_straight] run data modify entity @s {} merge value {transformation:[-0.4568052602229734f,0.19108555827906215f,-0.8688010495215811f,0.01527068005634541f,0.23058007414188764f,0.9687111231160489f,0.09182368626865745f,0.9353085095437628f,0.8591634208003407f,-0.15838266751264923f,-0.4865728588713457f,0.10542100505727159f,0f,0f,0f,1f],start_interpolation:0}
execute if entity @s[tag=aj.lover_microphone.bone.microphone] run data modify entity @s {} merge value {transformation:[-0.4568052602229734f,0.17589378599360336f,-0.872003629740988f,0.17485559466129294f,0.23058007414188764f,0.9701661280132708f,0.07490336083554193f,1.2158420100256828f,0.8591634208003407f,-0.16685041235961717f,-0.4837345927821191f,0.4995122627925723f,0f,0f,0f,1f],start_interpolation:0}
execute if entity @s[tag=aj.lover_microphone.bone.right_bend] run data modify entity @s {} merge value {transformation:[-0.4568052602229734f,-0.872003629740988f,-0.17589378599360356f,-0.19038667770411363f,0.23058007414188764f,0.07490336083554215f,-0.9701661280132708f,1.125877970147661f,0.8591634208003407f,-0.48373459278211917f,0.16685041235961706f,0.33229939873313136f,0f,0f,0f,1f],start_interpolation:0}
execute if entity @s[tag=aj.lover_microphone.bone.head] run data modify entity @s {} merge value {transformation:[-0.9158136115103255f,0.1297015194781857f,-0.380082813104545f,0.14418175719462867f,0.018573239909591543f,0.9590789665019962f,0.28252888484670624f,1.375784586219679f,0.4011738572385736f,0.2516844291141438f,-0.8807465494736906f,0.2607219769499198f,0f,0f,0f,1f],start_interpolation:0}
execute if entity @s[tag=aj.lover_microphone.bone.outfit] run data modify entity @s {} merge value {transformation:[-0.9122290139047913f,0.19224234292617154f,-0.3617749407802431f,-0.13216661076174294f,0.03652468908568479f,0.9177127816262386f,0.3955618757249311f,0.05657246263196092f,0.40804922898773643f,0.34762930259989305f,-0.8441858176352086f,-0.23899514553742648f,0f,0f,0f,1f],start_interpolation:0}
execute if entity @s[tag=aj.lover_microphone.bone.chest] run data modify entity @s {} merge value {transformation:[-0.9122290139047913f,0.19224234292617154f,-0.3617749407802431f,-0.012860398898926217f,0.03652468908568479f,0.9177127816262386f,0.3955618757249311f,0.6910516224840577f,0.40804922898773643f,0.34762930259989305f,-0.8441858176352086f,-0.0022640672922272015f,0f,0f,0f,1f],start_interpolation:0}