execute if entity @s[tag=aj.lover_microphone.bone.left_straight] run data modify entity @s {} merge value {transformation:[-0.9979612166439756f,0.060829623974162854f,-0.019317528869859754f,-0.03202870447730943f,0.0635839782805671f,0.973770624422049f,-0.21846704263734892f,1.0763720268402268f,0.005521574095516957f,-0.21924992100307542f,-0.9756531065699799f,0.08814512176430529f,0f,0f,0f,1f],start_interpolation:0}
execute if entity @s[tag=aj.lover_microphone.bone.left_bend] run data modify entity @s {} merge value {transformation:[-0.9979612166439756f,0.042894492145348996f,-0.04725962989770981f,0.32164262585459313f,0.0635839782805671f,0.7322585666217626f,-0.6780519665298951f,1.0540784364302958f,0.005521574095516957f,-0.6796745207469779f,-0.7334930525007537f,0.030242480972118985f,0f,0f,0f,1f],start_interpolation:0}
execute if entity @s[tag=aj.lover_microphone.bone.right_straight] run data modify entity @s {} merge value {transformation:[-0.7542203492608106f,0.12427125100126821f,-0.6447544656188747f,-0.010919575373007195f,0.25792667962944166f,0.9590707043443806f,-0.11686407490629927f,0.9699957998247402f,0.6038422746845671f,-0.254440641885202f,-0.7554035127405843f,-0.09260589440740652f,0f,0f,0f,1f],start_interpolation:0}
execute if entity @s[tag=aj.lover_microphone.bone.microphone] run data modify entity @s {} merge value {transformation:[-0.7542203492608106f,0.11299980690158519f,-0.6468250987717664f,-0.033871457634890634f,0.25792667962944166f,0.9568850738975638f,-0.13358436767595722f,1.3208269072913603f,0.6038422746845671f,-0.2675854984715324f,-0.7508478596303708f,0.2759928771856096f,0f,0f,0f,1f],start_interpolation:0}
execute if entity @s[tag=aj.lover_microphone.bone.right_bend] run data modify entity @s {} merge value {transformation:[-0.7542203492608106f,-0.6468250987717664f,-0.11299980690158533f,-0.30364921128697614f,0.25792667962944166f,-0.133584367675957f,-0.9568850738975638f,1.1507106347510243f,0.6038422746845671f,-0.7508478596303709f,0.26758549847153223f,0.015731459852578768f,0f,0f,0f,1f],start_interpolation:0}
execute if entity @s[tag=aj.lover_microphone.bone.head] run data modify entity @s {} merge value {transformation:[-0.9994008835601125f,0.006713867405732496f,-0.03395287798883469f,0.0031458776339157394f,0.0017709303437773026f,0.989639335212632f,0.14356479375395986f,1.437142906360942f,0.03456497859082139f,0.14341865354394379f,-0.9890583158088597f,0.022926325406233652f,0f,0f,0f,1f],start_interpolation:0}
execute if entity @s[tag=aj.lover_microphone.bone.outfit] run data modify entity @s {} merge value {transformation:[-0.9993960882468427f,0.0041945035118876525f,-0.03449441892825266f,-0.0028837211644227607f,0.0031355893036848705f,0.9995238751479225f,0.030695131356597415f,0.0003273358358032441f,0.03460674611441605f,0.030568433874978203f,-0.9989334031725055f,-0.021015798289047517f,0f,0f,0f,1f],start_interpolation:0}
execute if entity @s[tag=aj.lover_microphone.bone.chest] run data modify entity @s {} merge value {transformation:[-0.9993960882468427f,0.0041945035118876525f,-0.03449441892825266f,-0.011205772116034353f,0.0031355893036848705f,0.9995238751479225f,0.030695131356597415f,0.687778897336007f,0.03460674611441605f,0.030568433874978203f,-0.9989334031725055f,-0.007581739270904478f,0f,0f,0f,1f],start_interpolation:0}