execute if entity @s[tag=aj.lover_microphone.bone.left_straight] run data modify entity @s {} merge value {transformation:[-0.5911091273799906f,0.8058543088218126f,0.034479450131701145f,-0.2651775434783347f,0.0554221568708273f,0.08322496541198582f,-0.9949884369478667f,1.4017935875515701f,-0.8046852701869541f,-0.5862358212234151f,-0.09385722059946344f,0.31765458525317775f,0f,0f,0f,1f],start_interpolation:0}
execute if entity @s[tag=aj.lover_microphone.bone.left_bend] run data modify entity @s {} merge value {transformation:[-0.5911091273799906f,0.7957695961112076f,-0.13168427936952612f,-0.04356513848547744f,0.0554221568708273f,-0.12280323411218962f,-0.990882308964779f,1.3289183901517851f,-0.8046852701869541f,-0.5930178037770804f,0.028486845166786845f,0.5906202926965058f,0f,0f,0f,1f],start_interpolation:0}
execute if entity @s[tag=aj.lover_microphone.bone.right_straight] run data modify entity @s {} merge value {transformation:[-0.853623015940278f,0.4108367738280545f,-0.32022006796511f,-0.15436352145465054f,0.44060469941214614f,0.8974017500622748f,-0.023186156238120537f,0.8920715479036784f,0.27784032377060774f,-0.1608827034075514f,-0.9470594016382087f,0.1837470276120932f,0f,0f,0f,1f],start_interpolation:0}
execute if entity @s[tag=aj.lover_microphone.bone.microphone] run data modify entity @s {} merge value {transformation:[-0.853623015940278f,0.40518559062196624f,-0.32734138725396783f,-0.24029448863419725f,0.44060469941214614f,0.8968604172066914f,-0.038844444953837244f,1.2599264201040952f,0.27784032377060774f,-0.17738666579021023f,-0.9441073695755565f,0.5254676315614331f,0f,0f,0f,1f],start_interpolation:0}
execute if entity @s[tag=aj.lover_microphone.bone.right_bend] run data modify entity @s {} merge value {transformation:[-0.853623015940278f,-0.3273413872539677f,-0.4051855906219663f,-0.420993537014963f,0.44060469941214614f,-0.03884444495383704f,-0.8968604172066914f,1.1348746783750432f,0.27784032377060774f,-0.9441073695755565f,0.17738666579021f,0.17737927538502005f,0f,0f,0f,1f],start_interpolation:0}
execute if entity @s[tag=aj.lover_microphone.bone.head] run data modify entity @s {} merge value {transformation:[-0.9295607278458481f,-0.004788276370456118f,0.3686379330130004f,-0.08595719089430434f,0.0034672150507531535f,0.9997578869267763f,0.021728919611868402f,1.3648696249461705f,-0.3686527250224648f,0.021476497319333654f,-0.9293190670573824f,0.310293010771826f,0f,0f,0f,1f],start_interpolation:0}
execute if entity @s[tag=aj.lover_microphone.bone.outfit] run data modify entity @s {} merge value {transformation:[-0.9353312159879207f,-0.11460958785907246f,0.33469412718082053f,0.07879409165311234f,0.04220859842067364f,0.9031594999282272f,0.4272251770539241f,0.06657784379934384f,-0.3512462819987138f,0.4137240143624347f,-0.8399157632298087f,-0.2844352598741739f,0f,0f,0f,1f],start_interpolation:0}
execute if entity @s[tag=aj.lover_microphone.bone.chest] run data modify entity @s {} merge value {transformation:[-0.9353312159879207f,-0.11460958785907246f,0.33469412718082053f,-0.007563091348895718f,0.04220859842067364f,0.9031594999282272f,0.4272251770539241f,0.6913661071748746f,-0.3512462819987138f,0.4137240143624347f,-0.8399157632298087f,-0.01053483494759847f,0f,0f,0f,1f],start_interpolation:0}