execute if entity @s[tag=aj.1989_microphone.bone.left_straight] run data modify entity @s {} merge value {transformation:[-0.9961946980917455f,-0.08715574274765818f,1.2246467991473532e-16f,0.09918504333530159f,-0.08715574274765818f,0.9961946980917455f,0f,1.0018115019836387f,-1.2199866483456202e-16f,-1.0673500138322974e-17f,-1f,-0.00796874999999999f,0f,0f,0f,1f],start_interpolation:0}
execute if entity @s[tag=aj.1989_microphone.bone.left_bend] run data modify entity @s {} merge value {transformation:[-0.9961946980917455f,-0.08715574274765818f,1.2246467991473532e-16f,0.4514334035303718f,-0.08715574274765818f,0.9961946980917455f,0f,1.0451769882155952f,-1.2199866483456202e-16f,-1.0673500138322974e-17f,-1f,-0.062499999999999944f,0f,0f,0f,1f],start_interpolation:0}
execute if entity @s[tag=aj.1989_microphone.bone.right_straight] run data modify entity @s {} merge value {transformation:[-0.7739043865708405f,0.12485620781035922f,-0.6208727146667241f,0.06804023835076345f,0.2621381217925294f,0.9556002056484896f,-0.13458028112487153f,0.9685509076072247f,0.5765029102697541f,-0.2669066772034391f,-0.7722727627689087f,-0.10882803831307786f,0f,0f,0f,1f],start_interpolation:0}
execute if entity @s[tag=aj.1989_microphone.bone.microphone] run data modify entity @s {} merge value {transformation:[-0.7739043865708405f,0.11400146864297178f,-0.6229571940299402f,0.04702407898465516f,0.2621381217925294f,0.9531059133439806f,-0.15123730707673125f,1.3291190636437888f,0.5765029102697541f,-0.28034404415999636f,-0.7674969780751726f,0.27207523028157005f,0f,0f,0f,1f],start_interpolation:0}
execute if entity @s[tag=aj.1989_microphone.bone.right_bend] run data modify entity @s {} merge value {transformation:[-0.7739043865708405f,-0.6229571940299402f,-0.11400146864297192f,-0.22912790513059128f,0.2621381217925294f,-0.15123730707673103f,-0.9531059133439806f,1.1487680590188616f,0.5765029102697541f,-0.7674969780751727f,0.2803440441599962f,-0.012400104239321919f,0f,0f,0f,1f],start_interpolation:0}
execute if entity @s[tag=aj.1989_microphone.bone.head] run data modify entity @s {} merge value {transformation:[-1f,0f,1.2246467991473532e-16f,0.06250000000000001f,0f,1f,0f,1.4375f,-1.2246467991473532e-16f,0f,-1f,7.654042494670959e-18f,0f,0f,0f,1f],start_interpolation:0}
execute if entity @s[tag=aj.1989_microphone.bone.outfit] run data modify entity @s {} merge value {transformation:[-0.9612616959383189f,0f,-0.27563735581699905f,0.07677278497849208f,0f,1f,0f,0f,0.27563735581699905f,0f,-0.9612616959383189f,-0.0033234794397399414f,0f,0f,0f,1f],start_interpolation:0}
execute if entity @s[tag=aj.1989_microphone.bone.chest] run data modify entity @s {} merge value {transformation:[-0.9612616959383189f,0f,-0.27563735581699905f,0.06406250000000001f,0f,1f,0f,0.6875f,0.27563735581699905f,0f,-0.9612616959383189f,-0.007968749999999993f,0f,0f,0f,1f],start_interpolation:0}