execute if entity @s[tag=aj.1989_microphone.bone.left_straight] run data modify entity @s {} merge value {transformation:[-0.4291523148047509f,-0.7273360470417197f,-0.5355469777446694f,0.5381091301611636f,0.7441381679606777f,0.051354324441339666f,-0.6660488873538492f,1.6840052184748846f,0.5119440181131629f,-0.6843573686568294f,0.5191996863281515f,0.42726378335560866f,0f,0f,0f,1f],start_interpolation:0}
execute if entity @s[tag=aj.1989_microphone.bone.left_bend] run data modify entity @s {} merge value {transformation:[-0.4291523148047509f,-0.8880541079245667f,-0.1648884231716295f,0.6520283451003132f,0.7441381679606777f,-0.244150897730382f,-0.6218108443261305f,1.384390162693334f,0.5119440181131629f,-0.38955133235011696f,0.7656128798435925f,0.2654417802179678f,0f,0f,0f,1f],start_interpolation:0}
execute if entity @s[tag=aj.1989_microphone.bone.right_straight] run data modify entity @s {} merge value {transformation:[-0.5730159853403025f,0.14390760153320808f,-0.8068105618826774f,-0.010258582923045934f,0.22853094513645686f,0.9734707639321696f,0.011326026856586568f,0.9637210878049979f,0.7870363953843047f,-0.17789118581390645f,-0.5907016491852739f,0.0188386825898762f,0f,0f,0f,1f],start_interpolation:0}
execute if entity @s[tag=aj.1989_microphone.bone.microphone] run data modify entity @s {} merge value {transformation:[-0.5730159853403025f,0.14213761474581343f,-0.8071242649176477f,0.10162149256616171f,0.22853094513645686f,0.9734932645498013f,0.009190810149739872f,1.2631759650523124f,0.7870363953843047f,-0.17918638997016922f,-0.5903100456454548f,0.4331135083609734f,0f,0f,0f,1f],start_interpolation:0}
execute if entity @s[tag=aj.1989_microphone.bone.right_bend] run data modify entity @s {} merge value {transformation:[-0.5730159853403025f,-0.8071242649176477f,-0.1421376147458136f,-0.25443479013791914f,0.22853094513645686f,0.009190810149740089f,-0.9734932645498013f,1.1472239685295975f,0.7870363953843047f,-0.5903100456454548f,0.17918638997016909f,0.21064625863614483f,0f,0f,0f,1f],start_interpolation:0}
execute if entity @s[tag=aj.1989_microphone.bone.head] run data modify entity @s {} merge value {transformation:[-0.9583425716362608f,0.05344086254123506f,-0.2805772435541539f,0.06898571404787424f,0.013367764180845829f,0.9896557681084784f,0.14283824253477445f,1.4146883041398737f,0.2853082863682782f,0.13313727825243604f,-0.9491436386918104f,0.1701121441269829f,0f,0f,0f,1f],start_interpolation:0}
execute if entity @s[tag=aj.1989_microphone.bone.outfit] run data modify entity @s {} merge value {transformation:[-0.9574315551365562f,0.09198095206383232f,-0.2736134530432055f,-0.06323690454388473f,0.02352598240021514f,0.9695844055198317f,0.24362390836052894f,0.020910721205115723f,0.28770009624763804f,0.22681619216931054f,-0.9304746474724146f,-0.155936132116401f,0f,0f,0f,1f],start_interpolation:0}
execute if entity @s[tag=aj.1989_microphone.bone.chest] run data modify entity @s {} merge value {transformation:[-0.9574315551365562f,0.09198095206383232f,-0.2736134530432055f,-0.012652264838244127f,0.02352598240021514f,0.9695844055198317f,0.24362390836052894f,0.6896986934522503f,0.28770009624763804f,0.22681619216931054f,-0.9304746474724146f,-0.004268000044337264f,0f,0f,0f,1f],start_interpolation:0}