execute if entity @s[tag=aj.stage.bone.left_straight] run data modify entity @s {} merge value {transformation:[-0.3433498337894498f,-0.0436796158035068f,-0.938191335922484f,-27.913085242323582f,-0.12619896913582976f,0.992004949679715f,0f,2.989586885133746f,0.9306904489817284f,0.11839877944558445f,-0.3461170570774933f,-0.07804129286171207f,0f,0f,0f,1f],start_interpolation:0}
execute if entity @s[tag=aj.stage.bone.left_bend] run data modify entity @s {} merge value {transformation:[-0.3433498337894498f,-0.0436796158035068f,-0.938191335922484f,-27.843010089635953f,-0.12619896913582976f,0.992004949679715f,0f,3.046748143870107f,0.9306904489817284f,0.11839877944558445f,-0.3461170570774933f,-0.4255397725106068f,0f,0f,0f,1f],start_interpolation:0}
execute if entity @s[tag=aj.stage.bone.right_straight] run data modify entity @s {} merge value {transformation:[0.27300852680991866f,-0.2071946688469483f,-0.9394342518188707f,-28.024241140308266f,0.2621381217925294f,0.9556002056484896f,-0.13458028112487153f,2.968550907607225f,0.9256078810123447f,-0.20951996603180298f,0.31520062570031354f,-0.0681422946968546f,0f,0f,0f,1f],start_interpolation:0}
execute if entity @s[tag=aj.stage.bone.microphone] run data modify entity @s {} merge value {transformation:[0.27300852680991866f,-0.14945711996107128f,-0.9503309495023404f,-27.658873440919898f,0.2621381217925294f,0.9620337482497135f,-0.07599126483808272f,3.298796957544788f,0.9256078810123447f,-0.22837170691998726f,0.3018218250661944f,0.08749210118627276f,0f,0f,0f,1f],start_interpolation:0}
execute if entity @s[tag=aj.stage.bone.right_bend] run data modify entity @s {} merge value {transformation:[0.27300852680991866f,-0.9503309495023404f,0.14945711996107106f,-28.03662825129831f,0.2621381217925294f,-0.07599126483808251f,-0.9620337482497135f,3.148768059018862f,0.9256078810123447f,0.30182182506619437f,0.22837170691998732f,0.2440336355911923f,0f,0f,0f,1f],start_interpolation:0}
execute if entity @s[tag=aj.stage.bone.head] run data modify entity @s {} merge value {transformation:[-0.3461170570774933f,0f,-0.938191335922484f,-27.9197307254375f,0f,1f,0f,3.4375f,0.938191335922484f,0f,-0.3461170570774933f,-0.03700464242781537f,0f,0f,0f,1f],start_interpolation:0}
execute if entity @s[tag=aj.stage.bone.outfit] run data modify entity @s {} merge value {transformation:[-0.3461170570774933f,0f,-0.938191335922484f,-27.9197307254375f,0f,1f,0f,2f,0.938191335922484f,0f,-0.3461170570774933f,-0.03700464242781537f,0f,0f,0f,1f],start_interpolation:0}
execute if entity @s[tag=aj.stage.bone.chest] run data modify entity @s {} merge value {transformation:[-0.3461170570774933f,0f,-0.938191335922484f,-27.930992592957416f,0f,1f,0f,2.6875f,0.938191335922484f,0f,-0.3461170570774933f,-0.029501294989748808f,0f,0f,0f,1f],start_interpolation:0}
execute if entity @s[tag=aj.stage.bone.waist] run data modify entity @s {} merge value {transformation:[-0.3461170570774933f,0f,-0.938191335922484f,-27.9197307254375f,0f,1f,0f,3.5f,0.938191335922484f,0f,-0.3461170570774933f,-0.03700464242781537f,0f,0f,0f,1f],start_interpolation:0}
execute if entity @s[tag=aj.stage.bone.right_leg] run data modify entity @s {} merge value {transformation:[-0.3461170570774933f,0f,-0.938191335922484f,-27.94159274661817f,0f,1f,0f,2.6875f,0.938191335922484f,0f,-0.3461170570774933f,-0.15831978793692197f,0f,0f,0f,1f],start_interpolation:0}
execute if entity @s[tag=aj.stage.bone.left_leg] run data modify entity @s {} merge value {transformation:[-0.3461170570774933f,0f,-0.938191335922484f,-28.01514262124714f,0f,1f,0f,2.6875f,0.938191335922484f,0f,-0.3461170570774933f,0.04104587094660456f,0f,0f,0f,1f],start_interpolation:0}
execute if entity @s[tag=aj.stage.bone.platform] run data modify entity @s {} merge value {transformation:[-1.8763826718449683f,0f,0.6922341141549861f,-28f,0f,2f,0f,3f,-0.6922341141549861f,0f,-1.8763826718449683f,-3.429011037612589e-15f,0f,0f,0f,1f],start_interpolation:0}