execute if entity @s[tag=aj.stage.bone.left_straight] run data modify entity @s {} merge value {transformation:[-0.39743354447052337f,-0.051441276841908225f,-0.9161879571171359f,-27.908266127543456f,-0.12836288615884434f,0.9917272656617703f,0f,2.988926973371599f,0.9086085775440204f,0.11760453043953106f,-0.40074883310314124f,-0.07364767347135714f,0f,0f,0f,1f],start_interpolation:0}
execute if entity @s[tag=aj.stage.bone.left_bend] run data modify entity @s {} merge value {transformation:[-0.39743354447052337f,-0.051441276841908225f,-0.9161879571171359f,-27.817905307736133f,-0.12836288615884434f,0.9917272656617703f,0f,3.0468522753768363f,0.9086085775440204f,0.11760453043953106f,-0.40074883310314124f,-0.416303056493664f,0f,0f,0f,1f],start_interpolation:0}
execute if entity @s[tag=aj.stage.bone.right_straight] run data modify entity @s {} merge value {transformation:[0.21804374378046298f,-0.19450070374225692f,-0.9563610207667221f,-28.020187505069963f,0.2621381217925294f,0.9556002056484896f,-0.13458028112487153f,2.968550907607225f,0.9400747475074973f,-0.22135429340388058f,0.25934869556329726f,-0.06945120480631112f,0f,0f,0f,1f],start_interpolation:0}
execute if entity @s[tag=aj.stage.bone.microphone] run data modify entity @s {} merge value {transformation:[0.21804374378046298f,-0.13153525937352178f,-0.9670343330718615f,-27.663850802472872f,0.2621381217925294f,0.9623561637732286f,-0.07179289067003353f,3.297083404350845f,0.9400747475074973f,-0.2378425731218335f,0.24431614664098722f,0.10772313172040604f,0f,0f,0f,1f],start_interpolation:0}
execute if entity @s[tag=aj.stage.bone.right_bend] run data modify entity @s {} merge value {transformation:[0.21804374378046298f,-0.9670343330718615f,0.13153525937352156f,-28.050931179877484f,0.2621381217925294f,-0.07179289067003332f,-0.9623561637732286f,3.148768059018862f,0.9400747475074973f,0.24431614664098716f,0.23784257312183354f,0.2414540515487668f,0f,0f,0f,1f],start_interpolation:0}
execute if entity @s[tag=aj.stage.bone.head] run data modify entity @s {} merge value {transformation:[-0.40074883310314124f,0f,-0.9161879571171359f,-27.917691450611233f,0f,1f,0f,3.4375f,0.9161879571171359f,0f,-0.40074883310314124f,-0.03221494525087811f,0f,0f,0f,1f],start_interpolation:0}
execute if entity @s[tag=aj.stage.bone.outfit] run data modify entity @s {} merge value {transformation:[-0.40074883310314124f,0f,-0.9161879571171359f,-27.917691450611233f,0f,1f,0f,2f,0.9161879571171359f,0f,-0.40074883310314124f,-0.03221494525087811f,0f,0f,0f,1f],start_interpolation:0}
execute if entity @s[tag=aj.stage.bone.chest] run data modify entity @s {} merge value {transformation:[-0.40074883310314124f,0f,-0.9161879571171359f,-27.929375513756575f,0f,1f,0f,2.6875f,0.9161879571171359f,0f,-0.40074883310314124f,-0.02538760673369944f,0f,0f,0f,1f],start_interpolation:0}
execute if entity @s[tag=aj.stage.bone.waist] run data modify entity @s {} merge value {transformation:[-0.40074883310314124f,0f,-0.9161879571171359f,-27.917691450611233f,0f,1f,0f,3.5f,0.9161879571171359f,0f,-0.40074883310314124f,-0.03221494525087811f,0f,0f,0f,1f],start_interpolation:0}
execute if entity @s[tag=aj.stage.bone.right_leg] run data modify entity @s {} merge value {transformation:[-0.40074883310314124f,0f,-0.9161879571171359f,-27.932373634413846f,0f,1f,0f,2.6875f,0.9161879571171359f,0f,-0.40074883310314124f,-0.15460671776351947f,0f,0f,0f,1f],start_interpolation:0}
execute if entity @s[tag=aj.stage.bone.left_leg] run data modify entity @s {} merge value {transformation:[-0.40074883310314124f,0f,-0.9161879571171359f,-28.017532761448262f,0f,1f,0f,2.6875f,0.9161879571171359f,0f,-0.40074883310314124f,0.04008322312387059f,0f,0f,0f,1f],start_interpolation:0}
execute if entity @s[tag=aj.stage.bone.platform] run data modify entity @s {} merge value {transformation:[-1.832375914234272f,0f,0.801497666206282f,-28f,0f,2f,0f,3f,-0.801497666206282f,0f,-1.832375914234272f,-3.429011037612589e-15f,0f,0f,0f,1f],start_interpolation:0}