execute if entity @s[tag=aj.stage.bone.left_straight] run data modify entity @s {} merge value {transformation:[-0.8059384404624423f,-0.07051047704022656f,0.5877852522924732f,-27.961922991322687f,-0.08715574274765818f,0.9961946980917455f,0f,3.0018115019836387f,-0.5855485519502809f,-0.05122886023967016f,-0.8090169943749476f,0.09506889804132926f,0f,0f,0f,1f],start_interpolation:0}
execute if entity @s[tag=aj.stage.bone.left_bend] run data modify entity @s {} merge value {transformation:[-0.8059384404624423f,-0.07051047704022656f,0.5877852522924732f,-27.644895417145094f,-0.08715574274765818f,0.9961946980917455f,0f,3.0451769882155957f,-0.5855485519502809f,-0.05122886023967016f,-0.8090169943749476f,0.2579985813336902f,0f,0f,0f,1f],start_interpolation:0}
execute if entity @s[tag=aj.stage.bone.right_straight] run data modify entity @s {} merge value {transformation:[-0.9649617093173815f,0.2578946025703598f,-0.04836603680635937f,-27.92783606561453f,0.2621381217925294f,0.9556002056484896f,-0.13458028112487153f,2.968550907607225f,0.011511066604053488f,-0.14254340016163716f,-0.9897216146048325f,-0.0048344372999495205f,0f,0f,0f,1f],start_interpolation:0}
execute if entity @s[tag=aj.stage.bone.microphone] run data modify entity @s {} merge value {transformation:[-0.9649617093173815f,0.2570112202411426f,-0.052859551846727255f,-28.168727819528137f,0.2621381217925294f,0.9531059133439806f,-0.15123730707673125f,3.3291190636437893f,0.011511066604053488f,-0.1597947139892162f,-0.9870831498545308f,0.2909697916708591f,0f,0f,0f,1f],start_interpolation:0}
execute if entity @s[tag=aj.stage.bone.right_bend] run data modify entity @s {} merge value {transformation:[-0.9649617093173815f,-0.0528595518467272f,-0.2570112202411426f,-28.224929061435382f,0.2621381217925294f,-0.15123730707673103f,-0.9531059133439806f,3.148768059018862f,0.011511066604053488f,-0.9870831498545308f,0.159794713989216f,-0.10149365209128784f,0f,0f,0f,1f],start_interpolation:0}
execute if entity @s[tag=aj.stage.bone.head] run data modify entity @s {} merge value {transformation:[-0.8090169943749476f,0f,0.5877852522924732f,-27.986173016119846f,0f,1f,0f,3.4375f,-0.5877852522924732f,0f,-0.8090169943749476f,0.08730014041671037f,0f,0f,0f,1f],start_interpolation:0}
execute if entity @s[tag=aj.stage.bone.outfit] run data modify entity @s {} merge value {transformation:[-0.8090169943749476f,0f,0.5877852522924732f,-27.986173016119846f,0f,1f,0f,2f,-0.5877852522924732f,0f,-0.8090169943749476f,0.08730014041671037f,0f,0f,0f,1f],start_interpolation:0}
execute if entity @s[tag=aj.stage.bone.chest] run data modify entity @s {} merge value {transformation:[-0.8090169943749476f,0f,0.5877852522924732f,-27.990337725766615f,0f,1f,0f,2.6875f,-0.5877852522924732f,0f,-0.8090169943749476f,0.07442438504583566f,0f,0f,0f,1f],start_interpolation:0}
execute if entity @s[tag=aj.stage.bone.waist] run data modify entity @s {} merge value {transformation:[-0.8090169943749476f,0f,0.5877852522924732f,-27.986173016119846f,0f,1f,0f,3.5f,-0.5877852522924732f,0f,-0.8090169943749476f,0.08730014041671037f,0f,0f,0f,1f],start_interpolation:0}
execute if entity @s[tag=aj.stage.bone.right_leg] run data modify entity @s {} merge value {transformation:[-0.8090169943749476f,0f,0.5877852522924732f,-27.86347838219923f,0f,1f,0f,2.6875f,-0.5877852522924732f,0f,-0.8090169943749476f,0.09918876132435102f,0f,0f,0f,1f],start_interpolation:0}
execute if entity @s[tag=aj.stage.bone.left_leg] run data modify entity @s {} merge value {transformation:[-0.8090169943749476f,0f,0.5877852522924732f,-28.035394493503905f,0f,1f,0f,2.6875f,-0.5877852522924732f,0f,-0.8090169943749476f,-0.025715604787798718f,0f,0f,0f,1f],start_interpolation:0}
execute if entity @s[tag=aj.stage.bone.platform] run data modify entity @s {} merge value {transformation:[1.175570504584946f,0f,1.6180339887498953f,-28f,0f,2f,0f,3f,-1.6180339887498953f,0f,1.175570504584946f,-3.429011037612589e-15f,0f,0f,0f,1f],start_interpolation:0}