execute if entity @s[tag=aj.stage.bone.left_straight] run data modify entity @s {} merge value {transformation:[-0.5191398685331791f,-0.059148516714964024f,-0.8526401643540921f,-27.902451796015022f,-0.11320321376790671f,0.9935718556765875f,0f,2.993589141042018f,0.8471592703216858f,0.0965216067924794f,-0.5224985647159491f,-0.05481788585154895f,0f,0f,0f,1f],start_interpolation:0}
execute if entity @s[tag=aj.stage.bone.left_bend] run data modify entity @s {} merge value {transformation:[-0.5191398685331791f,-0.059148516714964024f,-0.8526401643540921f,-27.765554264316034f,-0.11320321376790671f,0.9935718556765875f,0f,3.04616055412128f,0.8471592703216858f,0.0965216067924794f,-0.5224985647159491f,-0.38258066931603313f,0f,0f,0f,1f],start_interpolation:0}
execute if entity @s[tag=aj.stage.bone.right_straight] run data modify entity @s {} merge value {transformation:[0.08718560495237443f,-0.16233816374115592f,-0.9828758776581294f,-28.01048145137921f,0.2621381217925294f,0.9556002056484896f,-0.13458028112487153f,2.968550907607225f,0.9610839065306284f,-0.2459157732999534f,0.12586960336043168f,-0.07156217148035185f,0f,0f,0f,1f],start_interpolation:0}
execute if entity @s[tag=aj.stage.bone.microphone] run data modify entity @s {} merge value {transformation:[0.08718560495237443f,-0.12793739826673772f,-0.9879426564400521f,-27.68695675758269f,0.2621381217925294f,0.959714863900001f,-0.10114833222790919f,3.309016900264212f,0.9610839065306284f,-0.25015875386270336f,0.1172105902795727f,0.149978514570249f,0f,0f,0f,1f],start_interpolation:0}
execute if entity @s[tag=aj.stage.bone.right_bend] run data modify entity @s {} merge value {transformation:[0.08718560495237443f,-0.9879426564400521f,0.1279373982667375f,-28.08353305027055f,0.2621381217925294f,-0.10114833222790898f,-0.959714863900001f,3.148768059018862f,0.9610839065306284f,0.11721059027957265f,0.25015875386270336f,0.23219878037045183f,0f,0f,0f,1f],start_interpolation:0}
execute if entity @s[tag=aj.stage.bone.head] run data modify entity @s {} merge value {transformation:[-0.5224985647159491f,0f,-0.8526401643540921f,-27.914053829433122f,0f,1f,0f,3.4375f,0.8526401643540921f,0f,-0.5224985647159491f,-0.020633849977387382f,0f,0f,0f,1f],start_interpolation:0}
execute if entity @s[tag=aj.stage.bone.outfit] run data modify entity @s {} merge value {transformation:[-0.5224985647159491f,0f,-0.8526401643540921f,-27.914053829433122f,0f,1f,0f,2f,0.8526401643540921f,0f,-0.5224985647159491f,-0.020633849977387382f,0f,0f,0f,1f],start_interpolation:0}
execute if entity @s[tag=aj.stage.bone.chest] run data modify entity @s {} merge value {transformation:[-0.5224985647159491f,0f,-0.8526401643540921f,-27.9265631337944f,0f,1f,0f,2.6875f,0.8526401643540921f,0f,-0.5224985647159491f,-0.015471758617344112f,0f,0f,0f,1f],start_interpolation:0}
execute if entity @s[tag=aj.stage.bone.waist] run data modify entity @s {} merge value {transformation:[-0.5224985647159491f,0f,-0.8526401643540921f,-27.914053829433122f,0f,1f,0f,3.5f,0.8526401643540921f,0f,-0.5224985647159491f,-0.020633849977387382f,0f,0f,0f,1f],start_interpolation:0}
execute if entity @s[tag=aj.stage.bone.right_leg] run data modify entity @s {} merge value {transformation:[-0.5224985647159491f,0f,-0.8526401643540921f,-27.911828367204183f,0f,1f,0f,2.6875f,0.8526401643540921f,0f,-0.5224985647159491f,-0.14388302773475586f,0f,0f,0f,1f],start_interpolation:0}
execute if entity @s[tag=aj.stage.bone.left_leg] run data modify entity @s {} merge value {transformation:[-0.5224985647159491f,0f,-0.8526401643540921f,-28.02285931220632f,0f,1f,0f,2.6875f,0.8526401643540921f,0f,-0.5224985647159491f,0.03730300719048747f,0f,0f,0f,1f],start_interpolation:0}
execute if entity @s[tag=aj.stage.bone.platform] run data modify entity @s {} merge value {transformation:[-1.7052803287081844f,0f,1.0449971294318978f,-28f,0f,2f,0f,3f,-1.0449971294318978f,0f,-1.7052803287081844f,-3.429011037612589e-15f,0f,0f,0f,1f],start_interpolation:0}