execute if entity @s[tag=aj.stage.bone.left_straight] run data modify entity @s {} merge value {transformation:[-0.7700689152094553f,-0.06737230021453335f,-0.6343932841636452f,-27.89839729657456f,-0.08715574274765818f,0.9961946980917455f,0f,3.0018115019836387f,0.6319792261888334f,0.055291017875408674f,-0.7730104533627372f,-0.012839183044416058f,0f,0f,0f,1f],start_interpolation:0}
execute if entity @s[tag=aj.stage.bone.left_bend] run data modify entity @s {} merge value {transformation:[-0.7700689152094553f,-0.06737230021453335f,-0.6343932841636452f,-27.660699890740936f,-0.08715574274765818f,0.9961946980917455f,0f,3.0451769882155957f,0.6319792261888334f,0.055291017875408674f,-0.7730104533627372f,-0.2784564033947625f,0f,0f,0f,1f],start_interpolation:0}
execute if entity @s[tag=aj.stage.bone.right_straight] run data modify entity @s {} merge value {transformation:[-0.23250660614660779f,-0.07280864971165775f,-0.9698657528881773f,-27.986457011546893f,0.2621381217925294f,0.9556002056484896f,-0.13458028112487153f,2.968550907607225f,0.9366025214578867f,-0.28552959127160454f,-0.2030974379626666f,-0.07104641211037381f,0f,0f,0f,1f],start_interpolation:0}
execute if entity @s[tag=aj.stage.bone.microphone] run data modify entity @s {} merge value {transformation:[-0.23250660614660779f,-0.08972405191065659f,-0.9684473514894446f,-27.761060246914006f,0.2621381217925294f,0.9531059133439806f,-0.15123730707673125f,3.3291190636437893f,0.9366025214578867f,-0.2890306427655557f,-0.19808332676239684f,0.23672830659409538f,0f,0f,0f,1f],start_interpolation:0}
execute if entity @s[tag=aj.stage.bone.right_bend] run data modify entity @s {} merge value {transformation:[-0.23250660614660779f,-0.9684473514894446f,0.08972405191065638f,-28.15499785908221f,0.2621381217925294f,-0.15123730707673103f,-0.9531059133439806f,3.148768059018862f,0.9366025214578867f,-0.1980833267623969f,0.2890306427655556f,0.19201486341676166f,0f,0f,0f,1f],start_interpolation:0}
execute if entity @s[tag=aj.stage.bone.head] run data modify entity @s {} merge value {transformation:[-0.7730104533627372f,0f,-0.6343932841636452f,-27.9120372664046f,0f,1f,0f,3.4375f,0.6343932841636452f,0f,-0.7730104533627372f,0.008663573074939803f,0f,0f,0f,1f],start_interpolation:0}
execute if entity @s[tag=aj.stage.bone.outfit] run data modify entity @s {} merge value {transformation:[-0.7730104533627372f,0f,-0.6343932841636452f,-27.9120372664046f,0f,1f,0f,2f,0.6343932841636452f,0f,-0.7730104533627372f,0.008663573074939803f,0f,0f,0f,1f],start_interpolation:0}
execute if entity @s[tag=aj.stage.bone.chest] run data modify entity @s {} merge value {transformation:[-0.7730104533627372f,0f,-0.6343932841636452f,-27.925547389721434f,0f,1f,0f,2.6875f,0.6343932841636452f,0f,-0.7730104533627372f,0.009442322570245814f,0f,0f,0f,1f],start_interpolation:0}
execute if entity @s[tag=aj.stage.bone.waist] run data modify entity @s {} merge value {transformation:[-0.7730104533627372f,0f,-0.6343932841636452f,-27.9120372664046f,0f,1f,0f,3.5f,0.6343932841636452f,0f,-0.7730104533627372f,0.008663573074939803f,0f,0f,0f,1f],start_interpolation:0}
execute if entity @s[tag=aj.stage.bone.right_leg] run data modify entity @s {} merge value {transformation:[-0.7730104533627372f,0f,-0.6343932841636452f,-27.869554485995035f,0f,1f,0f,2.6875f,0.6343932841636452f,0f,-0.7730104533627372f,-0.10705386670261811f,0f,0f,0f,1f],start_interpolation:0}
execute if entity @s[tag=aj.stage.bone.left_leg] run data modify entity @s {} merge value {transformation:[-0.7730104533627372f,0f,-0.6343932841636452f,-28.033819207334616f,0f,1f,0f,2.6875f,0.6343932841636452f,0f,-0.7730104533627372f,0.027754706182155572f,0f,0f,0f,1f],start_interpolation:0}
execute if entity @s[tag=aj.stage.bone.platform] run data modify entity @s {} merge value {transformation:[-1.2687865683272908f,0f,1.5460209067254742f,-28f,0f,2f,0f,3f,-1.5460209067254742f,0f,-1.2687865683272908f,-3.429011037612589e-15f,0f,0f,0f,1f],start_interpolation:0}