execute if entity @s[tag=aj.stage.bone.left_straight] run data modify entity @s {} merge value {transformation:[-0.5534561205517232f,-0.04842113630731295f,0.8314696123025453f,-27.997181447570764f,-0.08715574274765818f,0.9961946980917455f,0f,3.0018115019836387f,-0.8283056194001949f,-0.07246735163233572f,-0.5555702330196021f,0.10237191864377868f,0f,0f,0f,1f],start_interpolation:0}
execute if entity @s[tag=aj.stage.bone.left_bend] run data modify entity @s {} merge value {transformation:[-0.5534561205517232f,-0.04842113630731295f,0.8314696123025453f,-27.75614166672054f,-0.08715574274765818f,0.9961946980917455f,0f,3.0451769882155957f,-0.8283056194001949f,-0.07246735163233572f,-0.5555702330196021f,0.36495978686003155f,0f,0f,0f,1f],start_interpolation:0}
execute if entity @s[tag=aj.stage.bone.right_straight] run data modify entity @s {} merge value {transformation:[-0.9093028916753356f,0.29129118388244923f,0.2971829358883751f,-27.93062314078259f,0.2621381217925294f,0.9556002056484896f,-0.13458028112487153f,2.968550907607225f,-0.3231901240662498f,-0.044471262146756965f,-0.9452885541193844f,0.02044154140775889f,0f,0f,0f,1f],start_interpolation:0}
execute if entity @s[tag=aj.stage.bone.microphone] run data modify entity @s {} merge value {transformation:[-0.9093028916753356f,0.2964333762075925f,0.2920539413550874f,-28.259008586401958f,0.2621381217925294f,0.9531059133439806f,-0.15123730707673125f,3.3291190636437893f,-0.3231901240662498f,-0.0609620490051343f,-0.9443684515522199f,0.21458576121858886f,0f,0f,0f,1f],start_interpolation:0}
execute if entity @s[tag=aj.stage.bone.right_bend] run data modify entity @s {} merge value {transformation:[-0.9093028916753356f,0.29205394135508744f,-0.29643337620759247f,-28.17589781246197f,0.2621381217925294f,-0.15123730707673103f,-0.9531059133439806f,3.148768059018862f,-0.3231901240662498f,-0.9443684515522199f,0.06096204900513409f,-0.17307224983839464f,0f,0f,0f,1f],start_interpolation:0}
execute if entity @s[tag=aj.stage.bone.head] run data modify entity @s {} merge value {transformation:[-0.5555702330196021f,0f,0.8314696123025453f,-28.017243711205182f,0f,1f,0f,3.4375f,-0.8314696123025453f,0f,-0.5555702330196021f,0.08668999033263079f,0f,0f,0f,1f],start_interpolation:0}
execute if entity @s[tag=aj.stage.bone.outfit] run data modify entity @s {} merge value {transformation:[-0.5555702330196021f,0f,0.8314696123025453f,-28.017243711205182f,0f,1f,0f,2f,-0.8314696123025453f,0f,-0.5555702330196021f,0.08668999033263079f,0f,0f,0f,1f],start_interpolation:0}
execute if entity @s[tag=aj.stage.bone.chest] run data modify entity @s {} merge value {transformation:[-0.5555702330196021f,0f,0.8314696123025453f,-28.0166944871558f,0f,1f,0f,2.6875f,-0.8314696123025453f,0f,-0.5555702330196021f,0.07316859115369616f,0f,0f,0f,1f],start_interpolation:0}
execute if entity @s[tag=aj.stage.bone.waist] run data modify entity @s {} merge value {transformation:[-0.5555702330196021f,0f,0.8314696123025453f,-28.017243711205182f,0f,1f,0f,3.5f,-0.8314696123025453f,0f,-0.5555702330196021f,0.08668999033263079f,0f,0f,0f,1f],start_interpolation:0}
execute if entity @s[tag=aj.stage.bone.right_leg] run data modify entity @s {} merge value {transformation:[-0.5555702330196021f,0f,0.8314696123025453f,-27.906247523177942f,0f,1f,0f,2.6875f,-0.8314696123025453f,0f,-0.5555702330196021f,0.1403104970760505f,0f,0f,0f,1f],start_interpolation:0}
execute if entity @s[tag=aj.stage.bone.left_leg] run data modify entity @s {} merge value {transformation:[-0.5555702330196021f,0f,0.8314696123025453f,-28.024306197694607f,0f,1f,0f,2.6875f,-0.8314696123025453f,0f,-0.5555702330196021f,-0.03637679553823918f,0f,0f,0f,1f],start_interpolation:0}
execute if entity @s[tag=aj.stage.bone.platform] run data modify entity @s {} merge value {transformation:[1.6629392246050905f,0f,1.1111404660392046f,-28f,0f,2f,0f,3f,-1.1111404660392046f,0f,1.6629392246050905f,-3.429011037612589e-15f,0f,0f,0f,1f],start_interpolation:0}