execute if entity @s[tag=aj.stage.bone.left_straight] run data modify entity @s {} merge value {transformation:[-0.23255703376735118f,-0.020346104077858734f,0.9723699203976766f,-28.03278832573941f,-0.08715574274765818f,0.9961946980917455f,0f,3.0018115019836387f,-0.9686697592840581f,-0.08474762263774076f,-0.2334453638559052f,0.09701999618537954f,0f,0f,0f,1f],start_interpolation:0}
execute if entity @s[tag=aj.stage.bone.left_bend] run data modify entity @s {} merge value {transformation:[-0.23255703376735118f,-0.020346104077858734f,0.9723699203976766f,-27.89753303190434f,-0.08715574274765818f,0.9961946980917455f,0f,3.0451769882155957f,-0.9686697592840581f,-0.08474762263774076f,-0.2334453638559052f,0.4268056386507055f,0f,0f,0f,1f],start_interpolation:0}
execute if entity @s[tag=aj.stage.bone.right_straight] run data modify entity @s {} merge value {transformation:[-0.7412384800807407f,0.2886791273278742f,0.6059949480753204f,-27.941986397922893f,0.2621381217925294f,0.9556002056484896f,-0.13458028112487153f,2.968550907607225f,-0.6179394151133898f,0.059098294474387254f,-0.784001448238165f,0.043190591383269195f,0f,0f,0f,1f],start_interpolation:0}
execute if entity @s[tag=aj.stage.bone.microphone] run data modify entity @s {} merge value {transformation:[-0.7412384800807407f,0.2992112302312845f,0.6008645066494397f,-28.31727140385556f,0.2621381217925294f,0.9531059133439806f,-0.15123730707673125f,3.3291190636437893f,-0.6179394151133898f,0.04540658159581835f,-0.7849134484751193f,0.11167521230436273f,0f,0f,0f,1f],start_interpolation:0}
execute if entity @s[tag=aj.stage.bone.right_bend] run data modify entity @s {} merge value {transformation:[-0.7412384800807407f,0.6008645066494398f,-0.2992112302312844f,-28.10512254588369f,0.2621381217925294f,-0.15123730707673103f,-0.9531059133439806f,3.148768059018862f,-0.6179394151133898f,-0.7849134484751193f,-0.04540658159581852f,-0.22325611848269938f,0f,0f,0f,1f],start_interpolation:0}
execute if entity @s[tag=aj.stage.bone.head] run data modify entity @s {} merge value {transformation:[-0.2334453638559052f,0f,0.9723699203976766f,-28.04618278478386f,0f,1f,0f,3.4375f,-0.9723699203976766f,0f,-0.2334453638559052f,0.07536345526584544f,0f,0f,0f,1f],start_interpolation:0}
execute if entity @s[tag=aj.stage.bone.outfit] run data modify entity @s {} merge value {transformation:[-0.2334453638559052f,0f,0.9723699203976766f,-28.04618278478386f,0f,1f,0f,2f,-0.9723699203976766f,0f,-0.2334453638559052f,0.07536345526584542f,0f,0f,0f,1f],start_interpolation:0}
execute if entity @s[tag=aj.stage.bone.chest] run data modify entity @s {} merge value {transformation:[-0.2334453638559052f,0f,0.9723699203976766f,-28.040987520647864f,0f,1f,0f,2.6875f,-0.9723699203976766f,0f,-0.2334453638559052f,0.06286789151826841f,0f,0f,0f,1f],start_interpolation:0}
execute if entity @s[tag=aj.stage.bone.waist] run data modify entity @s {} merge value {transformation:[-0.2334453638559052f,0f,0.9723699203976766f,-28.04618278478386f,0f,1f,0f,3.5f,-0.9723699203976766f,0f,-0.2334453638559052f,0.07536345526584544f,0f,0f,0f,1f],start_interpolation:0}
execute if entity @s[tag=aj.stage.bone.right_leg] run data modify entity @s {} merge value {transformation:[-0.2334453638559052f,0f,0.9723699203976766f,-27.960606094849314f,0f,1f,0f,2.6875f,-0.9723699203976766f,0f,-0.2334453638559052f,0.1640874240671038f,0f,0f,0f,1f],start_interpolation:0}
execute if entity @s[tag=aj.stage.bone.left_leg] run data modify entity @s {} merge value {transformation:[-0.2334453638559052f,0f,0.9723699203976766f,-28.010213234668694f,0f,1f,0f,2.6875f,-0.9723699203976766f,0f,-0.2334453638559052f,-0.042541184017401076f,0f,0f,0f,1f],start_interpolation:0}
execute if entity @s[tag=aj.stage.bone.platform] run data modify entity @s {} merge value {transformation:[1.9447398407953531f,0f,0.46689072771181084f,-28f,0f,2f,0f,3f,-0.46689072771181084f,0f,1.9447398407953531f,-3.429011037612589e-15f,0f,0f,0f,1f],start_interpolation:0}