execute if entity @s[tag=aj.stage.bone.left_straight] run data modify entity @s {} merge value {transformation:[-0.9806805277918028f,-0.0857984287224026f,0.17579627993435498f,-27.924251331174876f,-0.08715574274765818f,0.9961946980917455f,0f,3.0018115019836387f,-0.17512732201485676f,-0.015321655349953946f,-0.9844265680898917f,0.0689209194354427f,0f,0f,0f,1f],start_interpolation:0}
execute if entity @s[tag=aj.stage.bone.left_bend] run data modify entity @s {} merge value {transformation:[-0.9806805277918028f,-0.0857984287224026f,0.17579627993435498f,-27.56790229594258f,-0.08715574274765818f,0.9961946980917455f,0f,3.0451769882155957f,-0.17512732201485676f,-0.015321655349953946f,-0.9844265680898917f,0.07716285947956102f,0f,0f,0f,1f],start_interpolation:0}
execute if entity @s[tag=aj.stage.bone.right_straight] run data modify entity @s {} merge value {transformation:[-0.8631991062983972f,0.16983296910147452f,-0.4754409169306172f,-27.93718041697737f,0.2621381217925294f,0.9556002056484896f,-0.13458028112487153f,2.968550907607225f,0.43147526926665625f,-0.24080076737988615f,-0.8693929390330501f,-0.03584278447415184f,0f,0f,0f,1f],start_interpolation:0}
execute if entity @s[tag=aj.stage.bone.microphone] run data modify entity @s {} merge value {transformation:[-0.8631991062983972f,0.16150951459848797f,-0.47833249897932845f,-28.024830660250352f,0.2621381217925294f,0.9531059133439806f,-0.15123730707673125f,3.3291190636437893f,0.43147526926665625f,-0.25593709118237884f,-0.8650579734147126f,0.33543395036763024f,0f,0f,0f,1f],start_interpolation:0}
execute if entity @s[tag=aj.stage.bone.right_bend] run data modify entity @s {} merge value {transformation:[-0.8631991062983972f,-0.4783324989793284f,-0.16150951459848809f,-28.246672304702283f,0.2621381217925294f,-0.15123730707673103f,-0.9531059133439806f,3.148768059018862f,0.43147526926665625f,-0.8650579734147127f,0.2559370911823787f,0.006842381595053008f,0f,0f,0f,1f],start_interpolation:0}
execute if entity @s[tag=aj.stage.bone.head] run data modify entity @s {} merge value {transformation:[-0.9844265680898917f,0f,0.17579627993435498f,-27.94946060699028f,0f,1f,0f,3.4375f,-0.17579627993435498f,0f,-0.9844265680898917f,0.07251392800151198f,0f,0f,0f,1f],start_interpolation:0}
execute if entity @s[tag=aj.stage.bone.outfit] run data modify entity @s {} merge value {transformation:[-0.9844265680898917f,0f,0.17579627993435498f,-27.94946060699028f,0f,1f,0f,2f,-0.17579627993435498f,0f,-0.9844265680898917f,0.07251392800151198f,0f,0f,0f,1f],start_interpolation:0}
execute if entity @s[tag=aj.stage.bone.chest] run data modify entity @s {} merge value {transformation:[-0.9844265680898917f,0f,0.17579627993435498f,-27.958826895973036f,0f,1f,0f,2.6875f,-0.17579627993435498f,0f,-0.9844265680898917f,0.06274650697526352f,0f,0f,0f,1f],start_interpolation:0}
execute if entity @s[tag=aj.stage.bone.waist] run data modify entity @s {} merge value {transformation:[-0.9844265680898917f,0f,0.17579627993435498f,-27.94946060699028f,0f,1f,0f,3.5f,-0.17579627993435498f,0f,-0.9844265680898917f,0.07251392800151198f,0f,0f,0f,1f],start_interpolation:0}
execute if entity @s[tag=aj.stage.bone.right_leg] run data modify entity @s {} merge value {transformation:[-0.9844265680898917f,0f,0.17579627993435498f,-27.83387801663483f,0f,1f,0f,2.6875f,-0.17579627993435498f,0f,-0.9844265680898917f,0.029665622238918832f,0f,0f,0f,1f],start_interpolation:0}
execute if entity @s[tag=aj.stage.bone.left_leg] run data modify entity @s {} merge value {transformation:[-0.9844265680898917f,0f,0.17579627993435498f,-28.04306866235393f,0f,1f,0f,2.6875f,-0.17579627993435498f,0f,-0.9844265680898917f,-0.007691087247131342f,0f,0f,0f,1f],start_interpolation:0}
execute if entity @s[tag=aj.stage.bone.platform] run data modify entity @s {} merge value {transformation:[0.3515925598687095f,0f,1.9688531361797834f,-28f,0f,2f,0f,3f,-1.9688531361797834f,0f,0.3515925598687095f,-3.429011037612589e-15f,0f,0f,0f,1f],start_interpolation:0}