execute if entity @s[tag=aj.stage.bone.left_straight] run data modify entity @s {} merge value {transformation:[-0.17512732201485615f,-0.015321655349953894f,0.9844265680898914f,-28.038443103146857f,-0.08715574274765818f,0.9961946980917455f,0f,3.0018115019836387f,-0.9806805277918025f,-0.08579842872240258f,-0.17579627993435437f,0.09492145060546064f,0f,0f,0f,1f],start_interpolation:0}
execute if entity @s[tag=aj.stage.bone.left_bend] run data modify entity @s {} merge value {transformation:[-0.17512732201485615f,-0.015321655349953894f,0.9844265680898914f,-27.922837140520436f,-0.08715574274765818f,0.9961946980917455f,0f,3.0451769882155957f,-0.9806805277918025f,-0.08579842872240258f,-0.17579627993435437f,0.432097704057416f,0f,0f,0f,1f],start_interpolation:0}
execute if entity @s[tag=aj.stage.bone.right_straight] run data modify entity @s {} merge value {transformation:[-0.703574293634721f,0.2846992810994298f,0.6510987119307414f,-27.94462968094839f,0.2621381217925294f,0.9556002056484896f,-0.13458028112487153f,2.968550907607225f,-0.6605049723048934f,0.07599056721746605f,-0.746966274509418f,0.046530989438437476f,0f,0f,0f,1f],start_interpolation:0}
execute if entity @s[tag=aj.stage.bone.microphone] run data modify entity @s {} merge value {transformation:[-0.703574293634721f,0.2960191593713536f,0.6460308588770972f,-28.32329554106031f,0.2621381217925294f,0.9531059133439806f,-0.15123730707673125f,3.3291190636437893f,-0.6605049723048934f,0.06294263446832832f,-0.7481787261922768f,0.09280350143300448f,0f,0f,0f,1f],start_interpolation:0}
execute if entity @s[tag=aj.stage.bone.right_bend] run data modify entity @s {} merge value {transformation:[-0.703574293634721f,0.6460308588770973f,-0.2960191593713534f,-28.091796955295635f,0.2621381217925294f,-0.15123730707673103f,-0.9531059133439806f,3.148768059018862f,-0.6605049723048934f,-0.7481787261922768f,-0.06294263446832848f,-0.22905755410263506f,0f,0f,0f,1f],start_interpolation:0}
execute if entity @s[tag=aj.stage.bone.head] run data modify entity @s {} merge value {transformation:[-0.17579627993435437f,0f,0.9844265680898914f,-28.05053939300972f,0f,1f,0f,3.4375f,-0.9844265680898914f,0f,-0.17579627993435437f,0.07251392800151195f,0f,0f,0f,1f],start_interpolation:0}
execute if entity @s[tag=aj.stage.bone.outfit] run data modify entity @s {} merge value {transformation:[-0.17579627993435437f,0f,0.9844265680898914f,-28.05053939300972f,0f,1f,0f,2f,-0.9844265680898914f,0f,-0.17579627993435437f,0.07251392800151195f,0f,0f,0f,1f],start_interpolation:0}
execute if entity @s[tag=aj.stage.bone.chest] run data modify entity @s {} merge value {transformation:[-0.17579627993435437f,0f,0.9844265680898914f,-28.044617515607037f,0f,1f,0f,2.6875f,-0.9844265680898914f,0f,-0.17579627993435437f,0.06034588580730117f,0f,0f,0f,1f],start_interpolation:0}
execute if entity @s[tag=aj.stage.bone.waist] run data modify entity @s {} merge value {transformation:[-0.17579627993435437f,0f,0.9844265680898914f,-28.05053939300972f,0f,1f,0f,3.5f,-0.9844265680898914f,0f,-0.17579627993435437f,0.07251392800151195f,0f,0f,0f,1f],start_interpolation:0}
execute if entity @s[tag=aj.stage.bone.right_leg] run data modify entity @s {} merge value {transformation:[-0.17579627993435437f,0f,0.9844265680898914f,-27.970334377761077f,0f,1f,0f,2.6875f,-0.9844265680898914f,0f,-0.17579627993435437f,0.16612198336516504f,0f,0f,0f,1f],start_interpolation:0}
execute if entity @s[tag=aj.stage.bone.left_leg] run data modify entity @s {} merge value {transformation:[-0.17579627993435437f,0f,0.9844265680898914f,-28.007691087247128f,0f,1f,0f,2.6875f,-0.9844265680898914f,0f,-0.17579627993435437f,-0.04306866235393546f,0f,0f,0f,1f],start_interpolation:0}
execute if entity @s[tag=aj.stage.bone.platform] run data modify entity @s {} merge value {transformation:[1.9688531361797827f,0f,0.3515925598687092f,-28f,0f,2f,0f,3f,-0.3515925598687092f,0f,1.9688531361797827f,-3.429011037612589e-15f,0f,0f,0f,1f],start_interpolation:0}