execute if entity @s[tag=aj.stage.bone.left_straight] run data modify entity @s {} merge value {transformation:[-0.03909511798855422f,-0.003592336690381763f,-0.9992290362407229f,-27.94203601065942f,-0.0915016186634024f,0.9958049275746618f,0f,3.000421110195143f,0.9950371980641921f,0.09143107423149772f,-0.03925981575906895f,-0.08629819422099688f,0f,0f,0f,1f],start_interpolation:0}
execute if entity @s[tag=aj.stage.bone.left_bend] run data modify entity @s {} merge value {transformation:[-0.03909511798855422f,-0.003592336690381763f,-0.9992290362407229f,-27.98270357358899f,-0.0915016186634024f,0.9958049275746618f,0f,3.045323152159502f,0.9950371980641921f,0.09143107423149772f,-0.03925981575906895f,-0.44022344880960873f,0f,0f,0f,1f],start_interpolation:0}
execute if entity @s[tag=aj.stage.bone.right_straight] run data modify entity @s {} merge value {transformation:[0.545675103786912f,-0.2617990701131954f,-0.7960527168441854f,-28.044111821549635f,0.2621381217925294f,0.9556002056484896f,-0.13458028112487153f,2.968550907607225f,0.7959411323774063f,-0.13523865517088893f,0.5900747579225377f,-0.057316249088466775f,0f,0f,0f,1f],start_interpolation:0}
execute if entity @s[tag=aj.stage.bone.microphone] run data modify entity @s {} merge value {transformation:[0.545675103786912f,-0.26873588389892045f,-0.7937378067171857f,-27.662480231550035f,0.2621381217925294f,0.9543893997201639f,-0.14291423583698823f,3.3258016811703803f,0.7959411323774063f,-0.13008419737558902f,0.5912324546089472f,-0.02153584452165308f,0f,0f,0f,1f],start_interpolation:0}
execute if entity @s[tag=aj.stage.bone.right_bend] run data modify entity @s {} merge value {transformation:[0.545675103786912f,-0.7937378067171859f,0.2687358838989203f,-27.959424996480973f,0.2621381217925294f,-0.142914235836988f,-0.9543893997201639f,3.148768059018862f,0.7959411323774063f,0.5912324546089472f,0.13008419737558916f,0.24340853144961488f,0f,0f,0f,1f],start_interpolation:0}
execute if entity @s[tag=aj.stage.bone.head] run data modify entity @s {} merge value {transformation:[-0.03925981575906895f,0f,-0.9992290362407229f,-27.935094446750014f,0f,1f,0f,3.4375f,0.9992290362407229f,0f,-0.03925981575906895f,-0.05999807628010681f,0f,0f,0f,1f],start_interpolation:0}
execute if entity @s[tag=aj.stage.bone.outfit] run data modify entity @s {} merge value {transformation:[-0.03925981575906895f,0f,-0.9992290362407229f,-27.935094446750014f,0f,1f,0f,2f,0.9992290362407229f,0f,-0.03925981575906895f,-0.05999807628010681f,0f,0f,0f,1f],start_interpolation:0}
execute if entity @s[tag=aj.stage.bone.chest] run data modify entity @s {} merge value {transformation:[-0.03925981575906895f,0f,-0.9992290362407229f,-27.943486457367424f,0f,1f,0f,2.6875f,0.9992290362407229f,0f,-0.03925981575906895f,-0.049381860353053274f,0f,0f,0f,1f],start_interpolation:0}
execute if entity @s[tag=aj.stage.bone.waist] run data modify entity @s {} merge value {transformation:[-0.03925981575906895f,0f,-0.9992290362407229f,-27.935094446750014f,0f,1f,0f,3.5f,0.9992290362407229f,0f,-0.03925981575906895f,-0.05999807628010681f,0f,0f,0f,1f],start_interpolation:0}
execute if entity @s[tag=aj.stage.bone.right_leg] run data modify entity @s {} merge value {transformation:[-0.03925981575906895f,0f,-0.9992290362407229f,-27.993374906090658f,0f,1f,0f,2.6875f,0.9992290362407229f,0f,-0.03925981575906895f,-0.1686198998656247f,0f,0f,0f,1f],start_interpolation:0}
execute if entity @s[tag=aj.stage.bone.left_leg] run data modify entity @s {} merge value {transformation:[-0.03925981575906895f,0f,-0.9992290362407229f,-28.00171761693946f,0f,1f,0f,2.6875f,0.9992290362407229f,0f,-0.03925981575906895f,0.04371627033552748f,0f,0f,0f,1f],start_interpolation:0}
execute if entity @s[tag=aj.stage.bone.platform] run data modify entity @s {} merge value {transformation:[-1.9984580724814458f,0f,0.07851963151813746f,-28f,0f,2f,0f,3f,-0.07851963151813746f,0f,-1.9984580724814458f,-3.429011037612589e-15f,0f,0f,0f,1f],start_interpolation:0}