execute if entity @s[tag=aj.stage.bone.left_straight] run data modify entity @s {} merge value {transformation:[-0.3078410914165692f,-0.026932605666397436f,0.9510565162951538f,-28.025075149105483f,-0.08715574274765818f,0.9961946980917455f,0f,3.0018115019836387f,-0.9474374591188379f,-0.0828900370727044f,-0.30901699437494723f,0.09929345830387104f,0f,0f,0f,1f],start_interpolation:0}
execute if entity @s[tag=aj.stage.bone.left_bend] run data modify entity @s {} merge value {transformation:[-0.3078410914165692f,-0.026932605666397436f,0.9510565162951538f,-27.86436211891028f,-0.08715574274765818f,0.9961946980917455f,0f,3.0451769882155957f,-0.9474374591188379f,-0.0828900370727044f,-0.30901699437494723f,0.4174504736471669f,0f,0f,0f,1f],start_interpolation:0}
execute if entity @s[tag=aj.stage.bone.right_straight] run data modify entity @s {} merge value {transformation:[-0.7874364569468784f,0.29242602466362894f,0.5426148232129065f,-27.938776539753157f,0.2621381217925294f,0.9556002056484896f,-0.13458028112487153f,2.968550907607225f,-0.5578776132576321f,0.03626661086993299f,-0.8291304490621345f,0.03850575444528101f,0f,0f,0f,1f],start_interpolation:0}
execute if entity @s[tag=aj.stage.bone.microphone] run data modify entity @s {} merge value {transformation:[-0.7874364569468784f,0.30185142119728187f,0.5374286425118485f,-28.307531425828838f,0.2621381217925294f,0.9531059133439806f,-0.15123730707673125f,3.3291190636437893f,-0.5578776132576321f,0.02179076570287637f,-0.8296371081117638f,0.13622378234135762f,0f,0f,0f,1f],start_interpolation:0}
execute if entity @s[tag=aj.stage.bone.right_bend] run data modify entity @s {} merge value {transformation:[-0.7874364569468784f,0.5374286425118486f,-0.30185142119728176f,-28.122314961329472f,0.2621381217925294f,-0.15123730707673103f,-0.9531059133439806f,3.148768059018862f,-0.5578776132576321f,-0.8296371081117638f,-0.021790765702876552f,-0.21432007448673657f,0f,0f,0f,1f],start_interpolation:0}
execute if entity @s[tag=aj.stage.bone.head] run data modify entity @s {} merge value {transformation:[-0.30901699437494723f,0f,0.9510565162951538f,-28.040127470120012f,0f,1f,0f,3.4375f,-0.9510565162951538f,0f,-0.30901699437494723f,0.07875459441687789f,0f,0f,0f,1f],start_interpolation:0}
execute if entity @s[tag=aj.stage.bone.outfit] run data modify entity @s {} merge value {transformation:[-0.30901699437494723f,0f,0.9510565162951538f,-28.040127470120012f,0f,1f,0f,2f,-0.9510565162951538f,0f,-0.30901699437494723f,0.07875459441687789f,0f,0f,0f,1f],start_interpolation:0}
execute if entity @s[tag=aj.stage.bone.chest] run data modify entity @s {} merge value {transformation:[-0.30901699437494723f,0f,0.9510565162951538f,-28.03592861188176f,0f,1f,0f,2.6875f,-0.9510565162951538f,0f,-0.30901699437494723f,0.06588993459597361f,0f,0f,0f,1f],start_interpolation:0}
execute if entity @s[tag=aj.stage.bone.waist] run data modify entity @s {} merge value {transformation:[-0.30901699437494723f,0f,0.9510565162951538f,-28.040127470120012f,0f,1f,0f,3.5f,-0.9510565162951538f,0f,-0.30901699437494723f,0.07875459441687789f,0f,0f,0f,1f],start_interpolation:0}
execute if entity @s[tag=aj.stage.bone.right_leg] run data modify entity @s {} merge value {transformation:[-0.30901699437494723f,0f,0.9510565162951538f,-27.947853382199227f,0f,1f,0f,2.6875f,-0.9510565162951538f,0f,-0.30901699437494723f,0.16049078712480308f,0f,0f,0f,1f],start_interpolation:0}
execute if entity @s[tag=aj.stage.bone.left_leg] run data modify entity @s {} merge value {transformation:[-0.30901699437494723f,0f,0.9510565162951538f,-28.013519493503903f,0f,1f,0f,2.6875f,-0.9510565162951538f,0f,-0.30901699437494723f,-0.04160872258791572f,0f,0f,0f,1f],start_interpolation:0}
execute if entity @s[tag=aj.stage.bone.platform] run data modify entity @s {} merge value {transformation:[1.9021130325903073f,0f,0.6180339887498949f,-28f,0f,2f,0f,3f,-0.6180339887498949f,0f,1.9021130325903073f,-3.429011037612589e-15f,0f,0f,0f,1f],start_interpolation:0}