execute if entity @s[tag=aj.stage.bone.left_straight] run data modify entity @s {} merge value {transformation:[-0.8691758963521385f,-0.07604303754079565f,0.4886212414969549f,-27.951012772892398f,-0.08715574274765818f,0.9961946980917455f,0f,3.0018115019836387f,-0.4867618901542729f,-0.042586147224949966f,-0.8724960070727971f,0.08993445137939707f,0f,0f,0f,1f],start_interpolation:0}
execute if entity @s[tag=aj.stage.bone.left_bend] run data modify entity @s {} merge value {transformation:[-0.8691758963521385f,-0.07604303754079565f,0.4886212414969549f,-27.617032358048878f,-0.08715574274765818f,0.9961946980917455f,0f,3.0451769882155957f,-0.4867618901542729f,-0.042586147224949966f,-0.8724960070727971f,0.21447218456749076f,0f,0f,0f,1f],start_interpolation:0}
execute if entity @s[tag=aj.stage.bone.right_straight] run data modify entity @s {} merge value {transformation:[-0.9569200548817955f,0.23935281475176118f,-0.16436008832873755f,-27.928904500210432f,0.2621381217925294f,0.9556002056484896f,-0.13458028112487153f,2.968550907607225f,0.12485036511002429f,-0.17186761485216903f,-0.9771764985389897f,-0.013282888227692566f,0f,0f,0f,1f],start_interpolation:0}
execute if entity @s[tag=aj.stage.bone.microphone] run data modify entity @s {} merge value {transformation:[-0.9569200548817955f,0.23644788109516215f,-0.16851233809614471f,-28.133358443332334f,0.2621381217925294f,0.9531059133439806f,-0.15123730707673125f,3.3291190636437893f,0.12485036511002429f,-0.18889551999543172f,-0.9740281663573951f,0.3087847508211493f,0f,0f,0f,1f],start_interpolation:0}
execute if entity @s[tag=aj.stage.bone.right_bend] run data modify entity @s {} merge value {transformation:[-0.9569200548817955f,-0.16851233809614466f,-0.23644788109516218f,-28.235299255689256f,0.2621381217925294f,-0.15123730707673103f,-0.9531059133439806f,3.148768059018862f,0.12485036511002429f,-0.9740281663573951f,0.1888955199954315f,-0.0743525679792664f,0f,0f,0f,1f],start_interpolation:0}
execute if entity @s[tag=aj.stage.bone.head] run data modify entity @s {} merge value {transformation:[-0.8724960070727971f,0f,0.4886212414969549f,-27.97600782715151f,0f,1f,0f,3.4375f,-0.4886212414969549f,0f,-0.8724960070727971f,0.08506982803560607f,0f,0f,0f,1f],start_interpolation:0}
execute if entity @s[tag=aj.stage.bone.outfit] run data modify entity @s {} merge value {transformation:[-0.8724960070727971f,0f,0.4886212414969549f,-27.97600782715151f,0f,1f,0f,2f,-0.4886212414969549f,0f,-0.8724960070727971f,0.08506982803560607f,0f,0f,0f,1f],start_interpolation:0}
execute if entity @s[tag=aj.stage.bone.chest] run data modify entity @s {} merge value {transformation:[-0.8724960070727971f,0f,0.4886212414969549f,-27.98165705171069f,0f,1f,0f,2.6875f,-0.4886212414969549f,0f,-0.8724960070727971f,0.07277283065037143f,0f,0f,0f,1f],start_interpolation:0}
execute if entity @s[tag=aj.stage.bone.waist] run data modify entity @s {} merge value {transformation:[-0.8724960070727971f,0f,0.4886212414969549f,-27.97600782715151f,0f,1f,0f,3.5f,-0.4886212414969549f,0f,-0.8724960070727971f,0.08506982803560607f,0f,0f,0f,1f],start_interpolation:0}
execute if entity @s[tag=aj.stage.bone.right_leg] run data modify entity @s {} merge value {transformation:[-0.8724960070727971f,0f,0.4886212414969549f,-27.852766298806465f,0f,1f,0f,2.6875f,-0.4886212414969549f,0f,-0.8724960070727971f,0.08245483450260738f,0f,0f,0f,1f],start_interpolation:0}
execute if entity @s[tag=aj.stage.bone.left_leg] run data modify entity @s {} merge value {transformation:[-0.8724960070727971f,0f,0.4886212414969549f,-28.038171700309434f,0f,1f,0f,2.6875f,-0.4886212414969549f,0f,-0.8724960070727971f,-0.021377179315494862f,0f,0f,0f,1f],start_interpolation:0}
execute if entity @s[tag=aj.stage.bone.platform] run data modify entity @s {} merge value {transformation:[0.9772424829939095f,0f,1.7449920141455944f,-28f,0f,2f,0f,3f,-1.7449920141455944f,0f,0.9772424829939095f,-3.429011037612589e-15f,0f,0f,0f,1f],start_interpolation:0}