execute if entity @s[tag=aj.stage.bone.left_straight] run data modify entity @s {} merge value {transformation:[-0.5358045406344197f,-0.059863390037858746f,-0.8422172337162863f,-27.901894007157914f,-0.11103530855427768f,0.9938164620563781f,0f,2.9942632849503084f,0.8370093514948294f,0.09351585041541804f,-0.5391383229110006f,-0.052111502203655846f,0f,0f,0f,1f],start_interpolation:0}
execute if entity @s[tag=aj.stage.bone.left_bend] run data modify entity @s {} merge value {transformation:[-0.5358045406344197f,-0.059863390037858746f,-0.8422172337162863f,-27.758526285053208f,-0.11103530855427768f,0.9938164620563781f,0f,3.0460688267288583f,0.8370093514948294f,0.09351585041541804f,-0.5391383229110006f,-0.37721919510302654f,0f,0f,0f,1f],start_interpolation:0}
execute if entity @s[tag=aj.stage.bone.right_straight] run data modify entity @s {} merge value {transformation:[0.06829917324751122f,-0.15747863685078184f,-0.9851577040602819f,-28.009074401313033f,0.2621381217925294f,0.9556002056484896f,-0.13458028112487153f,2.968550907607225f,0.962610423814739f,-0.24905566827555647f,0.1065478580874552f,-0.07175416678359531f,0f,0f,0f,1f],start_interpolation:0}
execute if entity @s[tag=aj.stage.bone.microphone] run data modify entity @s {} merge value {transformation:[0.06829917324751122f,-0.12731993581232928f,-0.989507380911558f,-27.690723713642186f,0.2621381217925294f,0.9592643866490498f,-0.10533490214505158f,3.310709691972413f,0.962610423814739f,-0.25219331960138625f,0.09889237337450034f,0.15568888257936844f,0f,0f,0f,1f],start_interpolation:0}
execute if entity @s[tag=aj.stage.bone.right_bend] run data modify entity @s {} merge value {transformation:[0.06829917324751122f,-0.989507380911558f,0.12731993581232906f,-28.08807586792357f,0.2621381217925294f,-0.10533490214505137f,-0.9592643866490498f,3.148768059018862f,0.962610423814739f,0.09889237337450028f,0.25219331960138625f,0.23051395962617238f,0f,0f,0f,1f],start_interpolation:0}
execute if entity @s[tag=aj.stage.bone.head] run data modify entity @s {} merge value {transformation:[-0.5391383229110006f,0f,-0.8422172337162863f,-27.913665277710795f,0f,1f,0f,3.4375f,0.8422172337162863f,0f,-0.5391383229110006f,-0.018942431925333805f,0f,0f,0f,1f],start_interpolation:0}
execute if entity @s[tag=aj.stage.bone.outfit] run data modify entity @s {} merge value {transformation:[-0.5391383229110006f,0f,-0.8422172337162863f,-27.913665277710795f,0f,1f,0f,2f,0.8422172337162863f,0f,-0.5391383229110006f,-0.018942431925333805f,0f,0f,0f,1f],start_interpolation:0}
execute if entity @s[tag=aj.stage.bone.chest] run data modify entity @s {} merge value {transformation:[-0.5391383229110006f,0f,-0.8422172337162863f,-27.92627352169881f,0f,1f,0f,2.6875f,0.8422172337162863f,0f,-0.5391383229110006f,-0.014026939442258359f,0f,0f,0f,1f],start_interpolation:0}
execute if entity @s[tag=aj.stage.bone.waist] run data modify entity @s {} merge value {transformation:[-0.5391383229110006f,0f,-0.8422172337162863f,-27.913665277710795f,0f,1f,0f,3.5f,0.8422172337162863f,0f,-0.5391383229110006f,-0.018942431925333805f,0f,0f,0f,1f],start_interpolation:0}
execute if entity @s[tag=aj.stage.bone.right_leg] run data modify entity @s {} merge value {transformation:[-0.5391383229110006f,0f,-0.8422172337162863f,-27.909020408008768f,0f,1f,0f,2.6875f,0.8422172337162863f,0f,-0.5391383229110006f,-0.14212415818962615f,0f,0f,0f,1f],start_interpolation:0}
execute if entity @s[tag=aj.stage.bone.left_leg] run data modify entity @s {} merge value {transformation:[-0.5391383229110006f,0f,-0.8422172337162863f,-28.023587301627355f,0f,1f,0f,2.6875f,0.8422172337162863f,0f,-0.5391383229110006f,0.03684700397508348f,0f,0f,0f,1f],start_interpolation:0}
execute if entity @s[tag=aj.stage.bone.platform] run data modify entity @s {} merge value {transformation:[-1.6844344674325729f,0f,1.0782766458220008f,-28f,0f,2f,0f,3f,-1.0782766458220008f,0f,-1.6844344674325729f,-3.429011037612589e-15f,0f,0f,0f,1f],start_interpolation:0}