execute if entity @s[tag=aj.stage.bone.left_straight] run data modify entity @s {} merge value {transformation:[-0.09764415551842276f,-0.008542756667424285f,0.9951847266721969f,-28.045772047069274f,-0.08715574274765818f,0.9961946980917455f,0f,3.0018115019836387f,-0.9913977483327255f,-0.08673606402424051f,-0.09801714032956048f,0.09161262834180178f,0f,0f,0f,1f],start_interpolation:0}
execute if entity @s[tag=aj.stage.bone.left_bend] run data modify entity @s {} merge value {transformation:[-0.09764415551842276f,-0.008542756667424285f,0.9951847266721969f,-27.956977002990833f,-0.08715574274765818f,0.9961946980917455f,0f,3.0451769882155957f,-0.9913977483327255f,-0.08673606402424051f,-0.09801714032956048f,0.4368198192196668f,0f,0f,0f,1f],start_interpolation:0}
execute if entity @s[tag=aj.stage.bone.right_straight] run data modify entity @s {} merge value {transformation:[-0.6495827860427079f,0.2778594970416536f,0.7076978903322751f,-27.948451148517773f,0.2621381217925294f,0.9556002056484896f,-0.13458028112487153f,2.968550907607225f,-0.7136706587636055f,0.09809356180873313f,-0.6935790106048464f,0.05073185508988304f,0f,0f,0f,1f],start_interpolation:0}
execute if entity @s[tag=aj.stage.bone.microphone] run data modify entity @s {} merge value {transformation:[-0.6495827860427079f,0.2901682089112985f,0.7027407876409357f,-28.32958020760446f,0.2621381217925294f,0.9531059133439806f,-0.15123730707673125f,3.3291190636437893f,-0.7136706587636055f,0.08597399889469799f,-0.6951853438716727f,0.0671519434052531f,0f,0f,0f,1f],start_interpolation:0}
execute if entity @s[tag=aj.stage.bone.right_bend] run data modify entity @s {} merge value {transformation:[-0.6495827860427079f,0.7027407876409358f,-0.29016820891129835f,-28.073542327353618f,0.2621381217925294f,-0.15123730707673103f,-0.9531059133439806f,3.148768059018862f,-0.7136706587636055f,-0.6951853438716727f,-0.08597399889469814f,-0.23555375221049568f,0f,0f,0f,1f],start_interpolation:0}
execute if entity @s[tag=aj.stage.bone.head] run data modify entity @s {} merge value {transformation:[-0.09801714032956048f,0f,0.9951847266721969f,-28.056072974146414f,0f,1f,0f,3.4375f,-0.9951847266721969f,0f,-0.09801714032956048f,0.06832511668760642f,0f,0f,0f,1f],start_interpolation:0}
execute if entity @s[tag=aj.stage.bone.outfit] run data modify entity @s {} merge value {transformation:[-0.09801714032956048f,0f,0.9951847266721969f,-28.056072974146414f,0f,1f,0f,2f,-0.9951847266721969f,0f,-0.09801714032956048f,0.06832511668760642f,0f,0f,0f,1f],start_interpolation:0}
execute if entity @s[tag=aj.stage.bone.chest] run data modify entity @s {} merge value {transformation:[-0.09801714032956048f,0f,0.9951847266721969f,-28.0492146583281f,0f,1f,0f,2.6875f,-0.9951847266721969f,0f,-0.09801714032956048f,0.05665920965262737f,0f,0f,0f,1f],start_interpolation:0}
execute if entity @s[tag=aj.stage.bone.waist] run data modify entity @s {} merge value {transformation:[-0.09801714032956048f,0f,0.9951847266721969f,-28.056072974146414f,0f,1f,0f,3.5f,-0.9951847266721969f,0f,-0.09801714032956048f,0.06832511668760642f,0f,0f,0f,1f],start_interpolation:0}
execute if entity @s[tag=aj.stage.bone.right_leg] run data modify entity @s {} merge value {transformation:[-0.09801714032956048f,0f,0.9951847266721969f,-27.983459607569387f,0f,1f,0f,2.6875f,-0.9951847266721969f,0f,-0.09801714032956048f,0.16793742262592912f,0f,0f,0f,1f],start_interpolation:0}
execute if entity @s[tag=aj.stage.bone.left_leg] run data modify entity @s {} merge value {transformation:[-0.09801714032956048f,0f,0.9951847266721969f,-28.004288249889417f,0f,1f,0f,2.6875f,-0.9951847266721969f,0f,-0.09801714032956048f,-0.04353933179191133f,0f,0f,0f,1f],start_interpolation:0}
execute if entity @s[tag=aj.stage.bone.platform] run data modify entity @s {} merge value {transformation:[1.9903694533443939f,0f,0.1960342806591214f,-28f,0f,2f,0f,3f,-0.1960342806591214f,0f,1.9903694533443939f,-3.429011037612589e-15f,0f,0f,0f,1f],start_interpolation:0}