execute if entity @s[tag=aj.stage.bone.left_straight] run data modify entity @s {} merge value {transformation:[-0.23194474336540843f,-0.02642676542770686f,-0.9723699203976766f,-27.924165803271038f,-0.11320321376790671f,0.9935718556765875f,0f,2.993589141042018f,0.9661193862136152f,0.11007539996026061f,-0.23344536385590575f,-0.08227896035075088f,0f,0f,0f,1f],start_interpolation:0}
execute if entity @s[tag=aj.stage.bone.left_bend] run data modify entity @s {} merge value {transformation:[-0.23194474336540843f,-0.02642676542770686f,-0.9723699203976766f,-27.89525278389815f,-0.11320321376790671f,0.9935718556765875f,0f,3.04616055412128f,0.9661193862136152f,0.11007539996026061f,-0.23344536385590575f,-0.4363035551466573f,0f,0f,0f,1f],start_interpolation:0}
execute if entity @s[tag=aj.stage.bone.right_straight] run data modify entity @s {} merge value {transformation:[0.37990969785531836f,-0.23038492160395851f,-0.8958746616424748f,-28.03208237977623f,0.2621381217925294f,0.9556002056484896f,-0.13458028112487153f,2.968550907607225f,0.8871032784172121f,-0.18371454722504235f,0.4234344560369785f,-0.06482072290472948f,0f,0f,0f,1f],start_interpolation:0}
execute if entity @s[tag=aj.stage.bone.microphone] run data modify entity @s {} merge value {transformation:[0.37990969785531836f,-0.19897900253466408f,-0.9033692368161488f,-27.655932274623535f,0.2621381217925294f,0.959714863900001f,-0.10114833222790919f,3.309016900264212f,0.8871032784172121f,-0.19838028268886157f,0.41676496597209506f,0.0459023617051168f,0f,0f,0f,1f],start_interpolation:0}
execute if entity @s[tag=aj.stage.bone.right_bend] run data modify entity @s {} merge value {transformation:[0.37990969785531836f,-0.9033692368161488f,0.19897900253466388f,-28.00769128257821f,0.2621381217925294f,-0.10114833222790898f,-0.959714863900001f,3.148768059018862f,0.8871032784172121f,0.416764965972095f,0.19838028268886165f,0.24664729527268137f,0f,0f,0f,1f],start_interpolation:0}
execute if entity @s[tag=aj.stage.bone.head] run data modify entity @s {} merge value {transformation:[-0.23344536385590575f,0f,-0.9723699203976766f,-27.924636544734152f,0f,1f,0f,3.4375f,0.9723699203976766f,0f,-0.23344536385590575f,-0.04618278478386412f,0f,0f,0f,1f],start_interpolation:0}
execute if entity @s[tag=aj.stage.bone.outfit] run data modify entity @s {} merge value {transformation:[-0.23344536385590575f,0f,-0.9723699203976766f,-27.924636544734152f,0f,1f,0f,2f,0.9723699203976766f,0f,-0.23344536385590575f,-0.04618278478386412f,0f,0f,0f,1f],start_interpolation:0}
execute if entity @s[tag=aj.stage.bone.chest] run data modify entity @s {} merge value {transformation:[-0.23344536385590575f,0f,-0.9723699203976766f,-27.934938426204496f,0f,1f,0f,2.6875f,0.9723699203976766f,0f,-0.23344536385590575f,-0.03740775652274059f,0f,0f,0f,1f],start_interpolation:0}
execute if entity @s[tag=aj.stage.bone.waist] run data modify entity @s {} merge value {transformation:[-0.23344536385590575f,0f,-0.9723699203976766f,-27.924636544734152f,0f,1f,0f,3.5f,0.9723699203976766f,0f,-0.23344536385590575f,-0.04618278478386412f,0f,0f,0f,1f],start_interpolation:0}
execute if entity @s[tag=aj.stage.bone.right_leg] run data modify entity @s {} merge value {transformation:[-0.23344536385590575f,0f,-0.9723699203976766f,-27.960606094849318f,0f,1f,0f,2.6875f,0.9723699203976766f,0f,-0.23344536385590575f,-0.1640874240671107f,0f,0f,0f,1f],start_interpolation:0}
execute if entity @s[tag=aj.stage.bone.left_leg] run data modify entity @s {} merge value {transformation:[-0.23344536385590575f,0f,-0.9723699203976766f,-28.010213234668697f,0f,1f,0f,2.6875f,0.9723699203976766f,0f,-0.23344536385590575f,0.04254118401739422f,0f,0f,0f,1f],start_interpolation:0}
execute if entity @s[tag=aj.stage.bone.platform] run data modify entity @s {} merge value {transformation:[-1.9447398407953531f,0f,0.46689072771181106f,-28f,0f,2f,0f,3f,-0.46689072771181106f,0f,-1.9447398407953531f,-3.429011037612589e-15f,0f,0f,0f,1f],start_interpolation:0}