execute if entity @s[tag=aj.stage.bone.left_straight] run data modify entity @s {} merge value {transformation:[-0.8390123428696614f,-0.073404068559421f,-0.539138322911f,-27.897592475926327f,-0.08715574274765818f,0.9961946980917455f,0f,3.0018115019836387f,0.5370867388220136f,0.04698900097703498f,-0.8422172337162868f,-0.0008080703591736293f,0f,0f,0f,1f],start_interpolation:0}
execute if entity @s[tag=aj.stage.bone.left_bend] run data modify entity @s {} merge value {transformation:[-0.8390123428696614f,-0.073404068559421f,-0.539138322911f,-27.630322723092977f,-0.08715574274765818f,0.9961946980917455f,0f,3.0451769882155957f,0.5370867388220136f,0.04698900097703498f,-0.8422172337162868f,-0.2366458190489853f,0f,0f,0f,1f],start_interpolation:0}
execute if entity @s[tag=aj.stage.bone.right_straight] run data modify entity @s {} merge value {transformation:[-0.340980799422447f,-0.0387435683668632f,-0.9392715423856037f,-27.978200274976146f,0.2621381217925294f,0.9556002056484896f,-0.13458028112487153f,2.968550907607225f,0.9027821993860501f,-0.2921081698185907f,-0.31568515580704687f,-0.0689621432300532f,0f,0f,0f,1f],start_interpolation:0}
execute if entity @s[tag=aj.stage.bone.microphone] run data modify entity @s {} merge value {transformation:[-0.340980799422447f,-0.055130216246430074f,-0.9384523182782654f,-27.790540897159374f,0.2621381217925294f,0.9531059133439806f,-0.15123730707673125f,3.3291190636437893f,0.9027821993860501f,-0.2975731459748314f,-0.31053908492543697f,0.26317177087389687f,0f,0f,0f,1f],start_interpolation:0}
execute if entity @s[tag=aj.stage.bone.right_bend] run data modify entity @s {} merge value {transformation:[-0.340980799422447f,-0.9384523182782654f,0.055130216246429865f,-28.17649241206932f,0.2621381217925294f,-0.15123730707673103f,-0.9531059133439806f,3.148768059018862f,0.9027821993860501f,-0.310539084925437f,0.29757314597483137f,0.17246585915763435f,0f,0f,0f,1f],start_interpolation:0}
execute if entity @s[tag=aj.stage.bone.head] run data modify entity @s {} merge value {transformation:[-0.8422172337162868f,0f,-0.539138322911f,-27.913665277710795f,0f,1f,0f,3.4375f,0.539138322911f,0f,-0.8422172337162868f,0.018942431925326977f,0f,0f,0f,1f],start_interpolation:0}
execute if entity @s[tag=aj.stage.bone.outfit] run data modify entity @s {} merge value {transformation:[-0.8422172337162868f,0f,-0.539138322911f,-27.913665277710795f,0f,1f,0f,2f,0.539138322911f,0f,-0.8422172337162868f,0.018942431925326977f,0f,0f,0f,1f],start_interpolation:0}
execute if entity @s[tag=aj.stage.bone.chest] run data modify entity @s {} merge value {transformation:[-0.8422172337162868f,0f,-0.539138322911f,-27.927173287215265f,0f,1f,0f,2.6875f,0.539138322911f,0f,-0.8422172337162868f,0.018127838750989764f,0f,0f,0f,1f],start_interpolation:0}
execute if entity @s[tag=aj.stage.bone.waist] run data modify entity @s {} merge value {transformation:[-0.8422172337162868f,0f,-0.539138322911f,-27.913665277710795f,0f,1f,0f,3.5f,0.539138322911f,0f,-0.8422172337162868f,0.018942431925326977f,0f,0f,0f,1f],start_interpolation:0}
execute if entity @s[tag=aj.stage.bone.right_leg] run data modify entity @s {} merge value {transformation:[-0.8422172337162868f,0f,-0.539138322911f,-27.857875841810376f,0f,1f,0f,2.6875f,0.539138322911f,0f,-0.8422172337162868f,-0.0909795919912343f,0f,0f,0f,1f],start_interpolation:0}
execute if entity @s[tag=aj.stage.bone.left_leg] run data modify entity @s {} merge value {transformation:[-0.8422172337162868f,0f,-0.539138322911f,-28.036847003975087f,0f,1f,0f,2.6875f,0.539138322911f,0f,-0.8422172337162868f,0.023587301627352418f,0f,0f,0f,1f],start_interpolation:0}
execute if entity @s[tag=aj.stage.bone.platform] run data modify entity @s {} merge value {transformation:[-1.0782766458220003f,0f,1.6844344674325733f,-28f,0f,2f,0f,3f,-1.6844344674325733f,0f,-1.0782766458220003f,-3.429011037612589e-15f,0f,0f,0f,1f],start_interpolation:0}