execute if entity @s[tag=aj.stage.bone.left_straight] run data modify entity @s {} merge value {transformation:[-0.4170666108392676f,-0.03648860038361417f,0.9081431738250813f,-28.01323064495647f,-0.08715574274765818f,0.9961946980917455f,0f,3.0018115019836387f,-0.9046874148727564f,-0.07914989283594061f,-0.4186597375374281f,0.10155246919026922f,0f,0f,0f,1f],start_interpolation:0}
execute if entity @s[tag=aj.stage.bone.left_bend] run data modify entity @s {} merge value {transformation:[-0.4170666108392676f,-0.03648860038361417f,0.9081431738250813f,-27.816236256481563f,-0.08715574274765818f,0.9961946980917455f,0f,3.0451769882155957f,-0.9046874148727564f,-0.07914989283594061f,-0.4186597375374281f,0.3986143741799135f,0f,0f,0f,1f],start_interpolation:0}
execute if entity @s[tag=aj.stage.bone.right_straight] run data modify entity @s {} merge value {transformation:[-0.8475497900125829f,0.2946617441424412f,0.44139983007309946f,-27.934675046638574f,0.2621381217925294f,0.9556002056484896f,-0.13458028112487153f,2.968550907607225f,-0.4614574287544968f,0.0016442334076846588f,-0.8871608298069688f,0.031042803970082966f,0f,0f,0f,1f],start_interpolation:0}
execute if entity @s[tag=aj.stage.bone.microphone] run data modify entity @s {} merge value {transformation:[-0.8475497900125829f,0.30232035496736576f,0.4361900462207185f,-28.289388369664724f,0.2621381217925294f,0.9531059133439806f,-0.15123730707673125f,3.3291190636437893f,-0.4614574287544968f,-0.013839108394056384f,-0.8870544067452378f,0.1714259847587154f,0f,0f,0f,1f],start_interpolation:0}
execute if entity @s[tag=aj.stage.bone.right_bend] run data modify entity @s {} merge value {transformation:[-0.8475497900125829f,0.43619004622071855f,-0.30232035496736565f,-28.1466577536881f,0.2621381217925294f,-0.15123730707673103f,-0.9531059133439806f,3.148768059018862f,-0.4614574287544968f,-0.8870544067452378f,0.013839108394056186f,-0.1984579234401862f,0f,0f,0f,1f],start_interpolation:0}
execute if entity @s[tag=aj.stage.bone.head] run data modify entity @s {} merge value {transformation:[-0.4186597375374281f,0f,0.9081431738250813f,-28.030592714767977f,0f,1f,0f,3.4375f,-0.9081431738250813f,0f,-0.4186597375374281f,0.08292518196015342f,0f,0f,0f,1f],start_interpolation:0}
execute if entity @s[tag=aj.stage.bone.outfit] run data modify entity @s {} merge value {transformation:[-0.4186597375374281f,0f,0.9081431738250813f,-28.030592714767977f,0f,1f,0f,2f,-0.9081431738250813f,0f,-0.4186597375374281f,0.08292518196015342f,0f,0f,0f,1f],start_interpolation:0}
execute if entity @s[tag=aj.stage.bone.chest] run data modify entity @s {} merge value {transformation:[-0.4186597375374281f,0f,0.9081431738250813f,-28.027935039730874f,0f,1f,0f,2.6875f,-0.9081431738250813f,0f,-0.4186597375374281f,0.06965617121293957f,0f,0f,0f,1f],start_interpolation:0}
execute if entity @s[tag=aj.stage.bone.waist] run data modify entity @s {} merge value {transformation:[-0.4186597375374281f,0f,0.9081431738250813f,-28.030592714767977f,0f,1f,0f,3.5f,-0.9081431738250813f,0f,-0.4186597375374281f,0.08292518196015342f,0f,0f,0f,1f],start_interpolation:0}
execute if entity @s[tag=aj.stage.bone.right_leg] run data modify entity @s {} merge value {transformation:[-0.4186597375374281f,0f,0.9081431738250813f,-27.92935116929056f,0f,1f,0f,2.6875f,-0.9081431738250813f,0f,-0.4186597375374281f,0.15324916058297838f,0f,0f,0f,1f],start_interpolation:0}
execute if entity @s[tag=aj.stage.bone.left_leg] run data modify entity @s {} merge value {transformation:[-0.4186597375374281f,0f,0.9081431738250813f,-28.01831636351726f,0f,1f,0f,2.6875f,-0.9081431738250813f,0f,-0.4186597375374281f,-0.03973126385485008f,0f,0f,0f,1f],start_interpolation:0}
execute if entity @s[tag=aj.stage.bone.platform] run data modify entity @s {} merge value {transformation:[1.8162863476501623f,0f,0.8373194750748566f,-28f,0f,2f,0f,3f,-0.8373194750748566f,0f,1.8162863476501623f,-3.429011037612589e-15f,0f,0f,0f,1f],start_interpolation:0}