execute if entity @s[tag=aj.stage.bone.left_straight] run data modify entity @s {} merge value {transformation:[-0.9532988888465614f,-0.08340284572593404f,-0.2902846772544623f,-27.901217999221224f,-0.08715574274765818f,0.9961946980917455f,0f,3.0018115019836387f,0.28918005641816885f,0.025299976654376895f,-0.9569403357322088f,0.02701981285551669f,0f,0f,0f,1f],start_interpolation:0}
execute if entity @s[tag=aj.stage.bone.left_bend] run data modify entity @s {} merge value {transformation:[-0.9532988888465614f,-0.08340284572593404f,-0.2902846772544623f,-27.579966921461565f,-0.08715574274765818f,0.9961946980917455f,0f,3.0451769882155957f,0.28918005641816885f,0.025299976654376895f,-0.9569403357322088f,-0.1274156413800201f,0f,0f,0f,1f],start_interpolation:0}
execute if entity @s[tag=aj.stage.bone.right_straight] run data modify entity @s {} merge value {transformation:[-0.5732303622658153f,0.0420010227712343f,-0.8183170937129275f,-27.960299625315514f,0.2621381217925294f,0.9556002056484896f,-0.13458028112487153f,2.968550907607225f,0.776331473585663f,-0.29165760927967344f,-0.5587891212877879f,-0.06045564870142157f,0f,0f,0f,1f],start_interpolation:0}
execute if entity @s[tag=aj.stage.bone.microphone] run data modify entity @s {} merge value {transformation:[-0.5732303622658153f,0.027713023297974988f,-0.8189254789761323f,-27.869840453525953f,0.2621381217925294f,0.9531059133439806f,-0.15123730707673125f,3.3291190636437893f,0.776331473585663f,-0.30136540327055183f,-0.5536138878603845f,0.3101467220677556f,0f,0f,0f,1f],start_interpolation:0}
execute if entity @s[tag=aj.stage.bone.right_bend] run data modify entity @s {} merge value {transformation:[-0.5732303622658153f,-0.8189254789761323f,-0.02771302329797517f,-28.216680256586564f,0.2621381217925294f,-0.15123730707673103f,-0.9531059133439806f,3.148768059018862f,0.776331473585663f,-0.5536138878603846f,0.3013654032705517f,0.11808348952587402f,0f,0f,0f,1f],start_interpolation:0}
execute if entity @s[tag=aj.stage.bone.head] run data modify entity @s {} merge value {transformation:[-0.9569403357322088f,0f,-0.2902846772544623f,-27.922048436688332f,0f,1f,0f,3.4375f,0.2902846772544623f,0f,-0.9569403357322088f,0.04166597865485571f,0f,0f,0f,1f],start_interpolation:0}
execute if entity @s[tag=aj.stage.bone.outfit] run data modify entity @s {} merge value {transformation:[-0.9569403357322088f,0f,-0.2902846772544623f,-27.922048436688332f,0f,1f,0f,2f,0.2902846772544623f,0f,-0.9569403357322088f,0.04166597865485572f,0f,0f,0f,1f],start_interpolation:0}
execute if entity @s[tag=aj.stage.bone.chest] run data modify entity @s {} merge value {transformation:[-0.9569403357322088f,0f,-0.2902846772544623f,-27.934828177632276f,0f,1f,0f,2.6875f,0.2902846772544623f,0f,-0.9569403357322088f,0.037215349011960566f,0f,0f,0f,1f],start_interpolation:0}
execute if entity @s[tag=aj.stage.bone.waist] run data modify entity @s {} merge value {transformation:[-0.9569403357322088f,0f,-0.2902846772544623f,-27.922048436688332f,0f,1f,0f,3.5f,0.2902846772544623f,0f,-0.9569403357322088f,0.04166597865485571f,0f,0f,0f,1f],start_interpolation:0}
execute if entity @s[tag=aj.stage.bone.right_leg] run data modify entity @s {} merge value {transformation:[-0.9569403357322088f,0f,-0.2902846772544623f,-27.83851631834519f,0f,1f,0f,2.6875f,0.2902846772544623f,0f,-0.9569403357322088f,-0.048985539286693754f,0f,0f,0f,1f],start_interpolation:0}
execute if entity @s[tag=aj.stage.bone.left_leg] run data modify entity @s {} merge value {transformation:[-0.9569403357322088f,0f,-0.2902846772544623f,-28.04186613968828f,0f,1f,0f,2.6875f,0.2902846772544623f,0f,-0.9569403357322088f,0.012699954629879068f,0f,0f,0f,1f],start_interpolation:0}
execute if entity @s[tag=aj.stage.bone.platform] run data modify entity @s {} merge value {transformation:[-0.580569354508925f,0f,1.9138806714644174f,-28f,0f,2f,0f,3f,-1.9138806714644174f,0f,-0.580569354508925f,-3.429011037612589e-15f,0f,0f,0f,1f],start_interpolation:0}