execute if entity @s[tag=aj.stage.bone.left_straight] run data modify entity @s {} merge value {transformation:[-0.4696029299238082f,-0.04108493272689213f,0.8819212643483552f,-28.007229222386616f,-0.08715574274765818f,0.9961946980917455f,0f,3.0018115019836387f,-0.8785652876782002f,-0.07686450283923468f,-0.4713967368259971f,0.10215523632339968f,0f,0f,0f,1f],start_interpolation:0}
execute if entity @s[tag=aj.stage.bone.left_bend] run data modify entity @s {} merge value {transformation:[-0.4696029299238082f,-0.04108493272689213f,0.8819212643483552f,-27.793088225891854f,-0.08715574274765818f,0.9961946980917455f,0f,3.0451769882155957f,-0.8785652876782002f,-0.07686450283923468f,-0.4713967368259971f,0.3871047022062289f,0f,0f,0f,1f],start_interpolation:0}
execute if entity @s[tag=aj.stage.bone.right_straight] run data modify entity @s {} merge value {transformation:[-0.8732461779704271f,0.2942474831565472f,0.388406399684761f,-27.93296083075506f,0.2621381217925294f,0.9556002056484896f,-0.13458028112487153f,2.968550907607225f,-0.410761144417441f,-0.01570559201691797f,-0.9116077098271338f,0.02714323114417591f,0f,0f,0f,1f],start_interpolation:0}
execute if entity @s[tag=aj.stage.bone.microphone] run data modify entity @s {} merge value {transformation:[-0.8732461779704271f,0.30098129418978325f,0.38321191683960454f,-28.278794471934276f,0.2621381217925294f,0.9531059133439806f,-0.15123730707673125f,3.3291190636437893f,-0.410761144417441f,-0.03161294824244651f,-0.9111947671822387f,0.18816519116614444f,0f,0f,0f,1f],start_interpolation:0}
execute if entity @s[tag=aj.stage.bone.right_bend] run data modify entity @s {} merge value {transformation:[-0.8732461779704271f,0.3832119168396046f,-0.30098129418978314f,-28.15808676941764f,0.2621381217925294f,-0.15123730707673103f,-0.9531059133439806f,3.148768059018862f,-0.410761144417441f,-0.9111947671822387f,0.03161294824244631f,-0.18947986021771263f,0f,0f,0f,1f],start_interpolation:0}
execute if entity @s[tag=aj.stage.bone.head] run data modify entity @s {} merge value {transformation:[-0.4713967368259971f,0f,0.8819212643483552f,-28.025657782970146f,0f,1f,0f,3.4375f,-0.8819212643483552f,0f,-0.4713967368259971f,0.0845823750733936f,0f,0f,0f,1f],start_interpolation:0}
execute if entity @s[tag=aj.stage.bone.outfit] run data modify entity @s {} merge value {transformation:[-0.4713967368259971f,0f,0.8819212643483552f,-28.025657782970146f,0f,1f,0f,2f,-0.8819212643483552f,0f,-0.4713967368259971f,0.0845823750733936f,0f,0f,0f,1f],start_interpolation:0}
execute if entity @s[tag=aj.stage.bone.chest] run data modify entity @s {} merge value {transformation:[-0.4713967368259971f,0f,0.8819212643483552f,-28.023785874703904f,0f,1f,0f,2.6875f,-0.8819212643483552f,0f,-0.4713967368259971f,0.07117991849800068f,0f,0f,0f,1f],start_interpolation:0}
execute if entity @s[tag=aj.stage.bone.waist] run data modify entity @s {} merge value {transformation:[-0.4713967368259971f,0f,0.8819212643483552f,-28.025657782970146f,0f,1f,0f,3.5f,-0.8819212643483552f,0f,-0.4713967368259971f,0.0845823750733936f,0f,0f,0f,1f],start_interpolation:0}
execute if entity @s[tag=aj.stage.bone.right_leg] run data modify entity @s {} merge value {transformation:[-0.4713967368259971f,0f,0.8819212643483552f,-27.92045180066061f,0f,1f,0f,2.6875f,-0.8819212643483552f,0f,-0.4713967368259971f,0.14882421335878088f,0f,0f,0f,1f],start_interpolation:0}
execute if entity @s[tag=aj.stage.bone.left_leg] run data modify entity @s {} merge value {transformation:[-0.4713967368259971f,0f,0.8819212643483552f,-28.020623607236136f,0f,1f,0f,2.6875f,-0.8819212643483552f,0f,-0.4713967368259971f,-0.038584055315243324f,0f,0f,0f,1f],start_interpolation:0}
execute if entity @s[tag=aj.stage.bone.platform] run data modify entity @s {} merge value {transformation:[1.76384252869671f,0f,0.9427934736519946f,-28f,0f,2f,0f,3f,-0.9427934736519946f,0f,1.76384252869671f,-3.429011037612589e-15f,0f,0f,0f,1f],start_interpolation:0}