execute if entity @s[tag=aj.stage.bone.left_straight] run data modify entity @s {} merge value {transformation:[-0.8172795683469316f,-0.07150269716171712f,-0.5717879602276118f,-27.897703153109486f,-0.08715574274765818f,0.9961946980917455f,0f,3.0018115019836387f,0.5696121344114408f,0.04983460436780594f,-0.8204014435255139f,-0.004827947893686568f,0f,0f,0f,1f],start_interpolation:0}
execute if entity @s[tag=aj.stage.bone.left_bend] run data modify entity @s {} merge value {transformation:[-0.8172795683469316f,-0.07150269716171712f,-0.5717879602276118f,-27.639898402132115f,-0.08715574274765818f,0.9961946980917455f,0f,3.0451769882155957f,0.5696121344114408f,0.04983460436780594f,-0.8204014435255139f,-0.25097683548039795f,0f,0f,0f,1f],start_interpolation:0}
execute if entity @s[tag=aj.stage.bone.right_straight] run data modify entity @s {} merge value {transformation:[-0.30527485276502014f,-0.05018181140854382f,-0.9509411391211617f,-27.980924522811662f,0.2621381217925294f,0.9556002056484896f,-0.13458028112487153f,2.968550907607225f,0.9154730303905081f,-0.2903618996499399f,-0.278566146290783f,-0.06976482910489562f,0f,0f,0f,1f],start_interpolation:0}
execute if entity @s[tag=aj.stage.bone.microphone] run data modify entity @s {} merge value {transformation:[-0.30527485276502014f,-0.06677037973348122f,-0.9499205128112258f,-27.780370307299215f,0.2621381217925294f,0.9531059133439806f,-0.15123730707673125f,3.3291190636437893f,0.9154730303905081f,-0.29517932573095834f,-0.27345620543084503f,0.25474554918950554f,0f,0f,0f,1f],start_interpolation:0}
execute if entity @s[tag=aj.stage.bone.right_bend] run data modify entity @s {} merge value {transformation:[-0.30527485276502014f,-0.9499205128112258f,0.06677037973348102f,-28.169585364960565f,0.2621381217925294f,-0.15123730707673103f,-0.9531059133439806f,3.148768059018862f,0.9154730303905081f,-0.2734562054308451f,0.2951793257309583f,0.1792619538112263f,0f,0f,0f,1f],start_interpolation:0}
execute if entity @s[tag=aj.stage.bone.head] run data modify entity @s {} merge value {transformation:[-0.8204014435255139f,0f,-0.5717879602276118f,-27.912988162265428f,0f,1f,0f,3.4375f,0.5717879602276118f,0f,-0.8204014435255139f,0.015538342706115432f,0f,0f,0f,1f],start_interpolation:0}
execute if entity @s[tag=aj.stage.bone.outfit] run data modify entity @s {} merge value {transformation:[-0.8204014435255139f,0f,-0.5717879602276118f,-27.912988162265428f,0f,1f,0f,2f,0.5717879602276118f,0f,-0.8204014435255139f,0.01553834270611543f,0f,0f,0f,1f],start_interpolation:0}
execute if entity @s[tag=aj.stage.bone.chest] run data modify entity @s {} merge value {transformation:[-0.8204014435255139f,0f,-0.5717879602276118f,-27.92651773836205f,0f,1f,0f,2.6875f,0.5717879602276118f,0f,-0.8204014435255139f,0.015254699518011405f,0f,0f,0f,1f],start_interpolation:0}
execute if entity @s[tag=aj.stage.bone.waist] run data modify entity @s {} merge value {transformation:[-0.8204014435255139f,0f,-0.5717879602276118f,-27.912988162265428f,0f,1f,0f,3.5f,0.5717879602276118f,0f,-0.8204014435255139f,0.015538342706115432f,0f,0f,0f,1f],start_interpolation:0}
execute if entity @s[tag=aj.stage.bone.right_leg] run data modify entity @s {} merge value {transformation:[-0.8204014435255139f,0f,-0.5717879602276118f,-27.861557256405067f,0f,1f,0f,2.6875f,0.5717879602276118f,0f,-0.8204014435255139f,-0.09648921828841253f,0f,0f,0f,1f],start_interpolation:0}
execute if entity @s[tag=aj.stage.bone.left_leg] run data modify entity @s {} merge value {transformation:[-0.8204014435255139f,0f,-0.5717879602276118f,-28.03589256315424f,0f,1f,0f,2.6875f,0.5717879602276118f,0f,-0.8204014435255139f,0.02501572325995416f,0f,0f,0f,1f],start_interpolation:0}
execute if entity @s[tag=aj.stage.bone.platform] run data modify entity @s {} merge value {transformation:[-1.143575920455224f,0f,1.6408028870510276f,-28f,0f,2f,0f,3f,-1.6408028870510276f,0f,-1.143575920455224f,-3.429011037612589e-15f,0f,0f,0f,1f],start_interpolation:0}