execute if entity @s[tag=aj.stage.bone.left_straight] run data modify entity @s {} merge value {transformation:[-0.6904499558823537f,-0.06040654387168032f,0.7208535967029188f,-27.97922873963779f,-0.08715574274765818f,0.9961946980917455f,0f,3.0018115019836387f,-0.7181105311358131f,-0.06282653063296373f,-0.6930873625456356f,0.10028214550741324f,0f,0f,0f,1f],start_interpolation:0}
execute if entity @s[tag=aj.stage.bone.left_bend] run data modify entity @s {} merge value {transformation:[-0.6904499558823537f,-0.06040654387168032f,0.7208535967029188f,-27.695780805013957f,-0.08715574274765818f,0.9961946980917455f,0f,3.0451769882155957f,-0.7181105311358131f,-0.06282653063296373f,-0.6930873625456356f,0.31640672264791875f,0f,0f,0f,1f],start_interpolation:0}
execute if entity @s[tag=aj.stage.bone.right_straight] run data modify entity @s {} merge value {transformation:[-0.9519575465285341f,0.27893689801485566f,0.12637656639275885f,-27.928110029640145f,0.2621381217925294f,0.9556002056484896f,-0.13458028112487153f,2.968550907607225f,-0.1583048789850091f,-0.09498659847796644f,-0.9828108217755473f,0.007927002690557322f,0f,0f,0f,1f],start_interpolation:0}
execute if entity @s[tag=aj.stage.bone.microphone] run data modify entity @s {} merge value {transformation:[-0.9519575465285341f,0.28109998977506157f,0.12148919851506819f,-28.21725155526839f,0.2621381217925294f,0.9531059133439806f,-0.15123730707673125f,3.3291190636437893f,-0.1583048789850091f,-0.1121245454715279f,-0.9810033902043074f,0.25677667043789276f,0f,0f,0f,1f],start_interpolation:0}
execute if entity @s[tag=aj.stage.bone.right_bend] run data modify entity @s {} merge value {transformation:[-0.9519575465285341f,0.12148919851506824f,-0.28109998977506157f,-28.203583937537918f,0.2621381217925294f,-0.15123730707673103f,-0.9531059133439806f,3.148768059018862f,-0.1583048789850091f,-0.9810033902043074f,0.11212454547152768f,-0.13945473986060214f,0f,0f,0f,1f],start_interpolation:0}
execute if entity @s[tag=aj.stage.bone.head] run data modify entity @s {} merge value {transformation:[-0.6930873625456356f,0f,0.7208535967029188f,-28.00173538963483f,0f,1f,0f,3.4375f,-0.7208535967029188f,0f,-0.6930873625456356f,0.08837130995303123f,0f,0f,0f,1f],start_interpolation:0}
execute if entity @s[tag=aj.stage.bone.outfit] run data modify entity @s {} merge value {transformation:[-0.6930873625456356f,0f,0.7208535967029188f,-28.00173538963483f,0f,1f,0f,2f,-0.7208535967029188f,0f,-0.6930873625456356f,0.08837130995303123f,0f,0f,0f,1f],start_interpolation:0}
execute if entity @s[tag=aj.stage.bone.chest] run data modify entity @s {} merge value {transformation:[-0.6930873625456356f,0f,0.7208535967029188f,-28.003571730563948f,0f,1f,0f,2.6875f,-0.7208535967029188f,0f,-0.6930873625456356f,0.07496393381880702f,0f,0f,0f,1f],start_interpolation:0}
execute if entity @s[tag=aj.stage.bone.waist] run data modify entity @s {} merge value {transformation:[-0.6930873625456356f,0f,0.7208535967029188f,-28.00173538963483f,0f,1f,0f,3.5f,-0.7208535967029188f,0f,-0.6930873625456356f,0.08837130995303123f,0f,0f,0f,1f],start_interpolation:0}
execute if entity @s[tag=aj.stage.bone.right_leg] run data modify entity @s {} merge value {transformation:[-0.6930873625456356f,0f,0.7208535967029188f,-27.883041507570425f,0f,1f,0f,2.6875f,-0.7208535967029188f,0f,-0.6930873625456356f,0.12164404444361362f,0f,0f,0f,1f],start_interpolation:0}
execute if entity @s[tag=aj.stage.bone.left_leg] run data modify entity @s {} merge value {transformation:[-0.6930873625456356f,0f,0.7208535967029188f,-28.030322572111373f,0f,1f,0f,2.6875f,-0.7208535967029188f,0f,-0.6930873625456356f,-0.031537344855755614f,0f,0f,0f,1f],start_interpolation:0}
execute if entity @s[tag=aj.stage.bone.platform] run data modify entity @s {} merge value {transformation:[1.4417071934058374f,0f,1.3861747250912715f,-28f,0f,2f,0f,3f,-1.3861747250912715f,0f,1.4417071934058374f,-3.429011037612589e-15f,0f,0f,0f,1f],start_interpolation:0}