execute if entity @s[tag=aj.stage.bone.left_straight] run data modify entity @s {} merge value {transformation:[-0.5696121344114409f,-0.04983460436780595f,0.8204014435255136f,-27.99517205210632f,-0.08715574274765818f,0.9961946980917455f,0f,3.0018115019836387f,-0.8172795683469313f,-0.07150269716171709f,-0.5717879602276119f,0.10229684689051105f,0f,0f,0f,1f],start_interpolation:0}
execute if entity @s[tag=aj.stage.bone.left_bend] run data modify entity @s {} merge value {transformation:[-0.5696121344114409f,-0.04983460436780595f,0.8204014435255136f,-27.749023164519606f,-0.08715574274765818f,0.9961946980917455f,0f,3.0451769882155957f,-0.8172795683469313f,-0.07150269716171709f,-0.5717879602276119f,0.36010159786788043f,0f,0f,0f,1f],start_interpolation:0}
execute if entity @s[tag=aj.stage.bone.right_straight] run data modify entity @s {} merge value {transformation:[-0.9154730303905081f,0.29036189964993986f,0.27856614629078275f,-27.93023517089511f,0.2621381217925294f,0.9556002056484896f,-0.13458028112487153f,2.968550907607225f,-0.3052748527650198f,-0.050181811408543886f,-0.9509411391211615f,0.019075477188332357f,0f,0f,0f,1f],start_interpolation:0}
execute if entity @s[tag=aj.stage.bone.microphone] run data modify entity @s {} merge value {transformation:[-0.9154730303905081f,0.2951793257309583f,0.27345620543084476f,-28.25474554918951f,0.2621381217925294f,0.9531059133439806f,-0.15123730707673125f,3.3291190636437893f,-0.3052748527650198f,-0.06677037973348128f,-0.9499205128112256f,0.21962969270077873f,0f,0f,0f,1f],start_interpolation:0}
execute if entity @s[tag=aj.stage.bone.right_bend] run data modify entity @s {} merge value {transformation:[-0.9154730303905081f,0.2734562054308448f,-0.29517932573095823f,-28.17926195381123f,0.2621381217925294f,-0.15123730707673103f,-0.9531059133439806f,3.148768059018862f,-0.3052748527650198f,-0.9499205128112256f,0.06677037973348107f,-0.16958536496057222f,0f,0f,0f,1f],start_interpolation:0}
execute if entity @s[tag=aj.stage.bone.head] run data modify entity @s {} merge value {transformation:[-0.5717879602276119f,0f,0.8204014435255136f,-28.01553834270612f,0f,1f,0f,3.4375f,-0.8204014435255136f,0f,-0.5717879602276119f,0.08701183773456693f,0f,0f,0f,1f],start_interpolation:0}
execute if entity @s[tag=aj.stage.bone.outfit] run data modify entity @s {} merge value {transformation:[-0.5717879602276119f,0f,0.8204014435255136f,-28.01553834270612f,0f,1f,0f,2f,-0.8204014435255136f,0f,-0.5717879602276119f,0.08701183773456693f,0f,0f,0f,1f],start_interpolation:0}
execute if entity @s[tag=aj.stage.bone.chest] run data modify entity @s {} merge value {transformation:[-0.5717879602276119f,0f,0.8204014435255136f,-28.015254699518014f,0f,1f,0f,2.6875f,-0.8204014435255136f,0f,-0.5717879602276119f,0.07348226163794226f,0f,0f,0f,1f],start_interpolation:0}
execute if entity @s[tag=aj.stage.bone.waist] run data modify entity @s {} merge value {transformation:[-0.5717879602276119f,0f,0.8204014435255136f,-28.01553834270612f,0f,1f,0f,3.5f,-0.8204014435255136f,0f,-0.5717879602276119f,0.08701183773456693f,0f,0f,0f,1f],start_interpolation:0}
execute if entity @s[tag=aj.stage.bone.right_leg] run data modify entity @s {} merge value {transformation:[-0.5717879602276119f,0f,0.8204014435255136f,-27.903510781711592f,0f,1f,0f,2.6875f,-0.8204014435255136f,0f,-0.5717879602276119f,0.13844274359492642f,0f,0f,0f,1f],start_interpolation:0}
execute if entity @s[tag=aj.stage.bone.left_leg] run data modify entity @s {} merge value {transformation:[-0.5717879602276119f,0f,0.8204014435255136f,-28.02501572325996f,0f,1f,0f,2.6875f,-0.8204014435255136f,0f,-0.5717879602276119f,-0.03589256315424405f,0f,0f,0f,1f],start_interpolation:0}
execute if entity @s[tag=aj.stage.bone.platform] run data modify entity @s {} merge value {transformation:[1.640802887051027f,0f,1.1435759204552243f,-28f,0f,2f,0f,3f,-1.1435759204552243f,0f,1.640802887051027f,-3.429011037612589e-15f,0f,0f,0f,1f],start_interpolation:0}