execute if entity @s[tag=aj.stage.bone.left_straight] run data modify entity @s {} merge value {transformation:[-0.9639170856876759f,-0.08433181757661834f,0.25249157701515823f,-27.929892312056662f,-0.08715574274765818f,0.9961946980917455f,0f,3.0018115019836387f,-0.2515307703353243f,-0.022006090932283652f,-0.9675990923602596f,0.07465163130062438f,0f,0f,0f,1f],start_interpolation:0}
execute if entity @s[tag=aj.stage.bone.left_bend] run data modify entity @s {} merge value {transformation:[-0.9639170856876759f,-0.08433181757661834f,0.25249157701515823f,-27.575288437137413f,-0.08715574274765818f,0.9961946980917455f,0f,3.0451769882155957f,-0.2515307703353243f,-0.022006090932283652f,-0.9675990923602596f,0.11082698726201096f,0f,0f,0f,1f],start_interpolation:0}
execute if entity @s[tag=aj.stage.bone.right_straight] run data modify entity @s {} merge value {transformation:[-0.8943913109874072f,0.18820244119581964f,-0.40576350742539796f,-27.93456187632864f,0.2621381217925294f,0.9556002056484896f,-0.13458028112487153f,2.968550907607225f,0.3624193536958422f,-0.22673351779677056f,-0.9040155551616297f,-0.03080352545358664f,0f,0f,0f,1f],start_interpolation:0}
execute if entity @s[tag=aj.stage.bone.microphone] run data modify entity @s {} merge value {transformation:[-0.8943913109874072f,0.18109222740344075f,-0.40898629317409585f,-28.051071960033877f,0.2621381217925294f,0.9531059133439806f,-0.15123730707673125f,3.3291190636437893f,0.3624193536958422f,-0.242476232078109f,-0.8999208237083366f,0.3324517282945003f,0f,0f,0f,1f],start_interpolation:0}
execute if entity @s[tag=aj.stage.bone.right_bend] run data modify entity @s {} merge value {transformation:[-0.8943913109874072f,-0.4089862931740958f,-0.18109222740344083f,-28.246448743382178f,0.2621381217925294f,-0.15123730707673103f,-0.9531059133439806f,3.148768059018862f,0.3624193536958422f,-0.8999208237083366f,0.2424762320781088f,-0.012532397151919741f,0f,0f,0f,1f],start_interpolation:0}
execute if entity @s[tag=aj.stage.bone.head] run data modify entity @s {} merge value {transformation:[-0.9675990923602596f,0f,0.25249157701515823f,-27.95530578029093f,0f,1f,0f,3.4375f,-0.25249157701515823f,0f,-0.9675990923602596f,0.07625566683596018f,0f,0f,0f,1f],start_interpolation:0}
execute if entity @s[tag=aj.stage.bone.outfit] run data modify entity @s {} merge value {transformation:[-0.9675990923602596f,0f,0.25249157701515823f,-27.95530578029093f,0f,1f,0f,2f,-0.25249157701515823f,0f,-0.9675990923602596f,0.07625566683596016f,0f,0f,0f,1f],start_interpolation:0}
execute if entity @s[tag=aj.stage.bone.chest] run data modify entity @s {} merge value {transformation:[-0.9675990923602596f,0f,0.25249157701515823f,-27.963876853109284f,0f,1f,0f,2.6875f,-0.25249157701515823f,0f,-0.9675990923602596f,0.06578348494511088f,0f,0f,0f,1f],start_interpolation:0}
execute if entity @s[tag=aj.stage.bone.waist] run data modify entity @s {} merge value {transformation:[-0.9675990923602596f,0f,0.25249157701515823f,-27.95530578029093f,0f,1f,0f,3.5f,-0.25249157701515823f,0f,-0.9675990923602596f,0.07625566683596018f,0f,0f,0f,1f],start_interpolation:0}
execute if entity @s[tag=aj.stage.bone.right_leg] run data modify entity @s {} merge value {transformation:[-0.9675990923602596f,0f,0.25249157701515823f,-27.836717653164207f,0f,1f,0f,2.6875f,-0.25249157701515823f,0f,-0.9675990923602596f,0.04260795362130433f,0f,0f,0f,1f],start_interpolation:0}
execute if entity @s[tag=aj.stage.bone.left_leg] run data modify entity @s {} merge value {transformation:[-0.9675990923602596f,0f,0.25249157701515823f,-28.042332460290762f,0f,1f,0f,2.6875f,-0.25249157701515823f,0f,-0.9675990923602596f,-0.011046506494416436f,0f,0f,0f,1f],start_interpolation:0}
execute if entity @s[tag=aj.stage.bone.platform] run data modify entity @s {} merge value {transformation:[0.504983154030316f,0f,1.9351981847205195f,-28f,0f,2f,0f,3f,-1.9351981847205195f,0f,0.504983154030316f,-3.429011037612589e-15f,0f,0f,0f,1f],start_interpolation:0}