execute if entity @s[tag=aj.stage.bone.left_straight] run data modify entity @s {} merge value {transformation:[-0.21349364203593557f,-0.018678273413006034f,0.9767658813208724f,-28.034686866245185f,-0.08715574274765818f,0.9961946980917455f,0f,3.0018115019836387f,-0.9730489922487642f,-0.08513075587709157f,-0.2143091530650504f,0.0963575387538183f,0f,0f,0f,1f],start_interpolation:0}
execute if entity @s[tag=aj.stage.bone.left_bend] run data modify entity @s {} merge value {transformation:[-0.21349364203593557f,-0.018678273413006034f,0.9767658813208724f,-27.90593255403745f,-0.08715574274765818f,0.9961946980917455f,0f,3.0451769882155957f,-0.9730489922487642f,-0.08513075587709157f,-0.2143091530650504f,0.4287351727405103f,0f,0f,0f,1f],start_interpolation:0}
execute if entity @s[tag=aj.stage.bone.right_straight] run data modify entity @s {} merge value {transformation:[-0.7289631668730084f,0.28746316393979476f,0.6212709801046535f,-27.942845571385277f,0.2621381217925294f,0.9556002056484896f,-0.13458028112487153f,2.968550907607225f,-0.6323735497675083f,0.06475473992139166f,-0.7719524060537368f,0.044321287207409965f,0f,0f,0f,1f],start_interpolation:0}
execute if entity @s[tag=aj.stage.bone.microphone] run data modify entity @s {} merge value {transformation:[-0.7289631668730084f,0.2982620555600436f,0.6161594335523652f,-28.319402843546563f,0.2621381217925294f,0.9531059133439806f,-0.15123730707673125f,3.3291190636437893f,-0.6323735497675083f,0.05127245032016619f,-0.7729649600031082f,0.1054244766744217f,0f,0f,0f,1f],start_interpolation:0}
execute if entity @s[tag=aj.stage.bone.right_bend] run data modify entity @s {} merge value {transformation:[-0.7289631668730084f,0.6161594335523654f,-0.2982620555600435f,-28.100718940542183f,0.2621381217925294f,-0.15123730707673103f,-0.9531059133439806f,3.148768059018862f,-0.6323735497675083f,-0.7729649600031082f,-0.05127245032016636f,-0.22527702747748332f,0f,0f,0f,1f],start_interpolation:0}
execute if entity @s[tag=aj.stage.bone.head] run data modify entity @s {} merge value {transformation:[-0.2143091530650504f,0f,0.9767658813208724f,-28.04765354551599f,0f,1f,0f,3.4375f,-0.9767658813208724f,0f,-0.2143091530650504f,0.07444218964911677f,0f,0f,0f,1f],start_interpolation:0}
execute if entity @s[tag=aj.stage.bone.outfit] run data modify entity @s {} merge value {transformation:[-0.2143091530650504f,0f,0.9767658813208724f,-28.04765354551599f,0f,1f,0f,2f,-0.9767658813208724f,0f,-0.2143091530650504f,0.07444218964911677f,0f,0f,0f,1f],start_interpolation:0}
execute if entity @s[tag=aj.stage.bone.chest] run data modify entity @s {} merge value {transformation:[-0.2143091530650504f,0f,0.9767658813208724f,-28.04221394876086f,0f,1f,0f,2.6875f,-0.9767658813208724f,0f,-0.2143091530650504f,0.06205103675868191f,0f,0f,0f,1f],start_interpolation:0}
execute if entity @s[tag=aj.stage.bone.waist] run data modify entity @s {} merge value {transformation:[-0.2143091530650504f,0f,0.9767658813208724f,-28.04765354551599f,0f,1f,0f,3.5f,-0.9767658813208724f,0f,-0.2143091530650504f,0.07444218964911677f,0f,0f,0f,1f],start_interpolation:0}
execute if entity @s[tag=aj.stage.bone.right_leg] run data modify entity @s {} merge value {transformation:[-0.2143091530650504f,0f,0.9767658813208724f,-27.963835330420274f,0f,1f,0f,2.6875f,-0.9767658813208724f,0f,-0.2143091530650504f,0.1648292424728931f,0f,0f,0f,1f],start_interpolation:0}
execute if entity @s[tag=aj.stage.bone.left_leg] run data modify entity @s {} merge value {transformation:[-0.2143091530650504f,0f,0.9767658813208724f,-28.009376025446596f,0f,1f,0f,2.6875f,-0.9767658813208724f,0f,-0.2143091530650504f,-0.04273350730779088f,0f,0f,0f,1f],start_interpolation:0}
execute if entity @s[tag=aj.stage.bone.platform] run data modify entity @s {} merge value {transformation:[1.9535317626417448f,0f,0.42861830613010127f,-28f,0f,2f,0f,3f,-0.42861830613010127f,0f,1.9535317626417448f,-3.429011037612589e-15f,0f,0f,0f,1f],start_interpolation:0}