execute if entity @s[tag=aj.stage.bone.left_straight] run data modify entity @s {} merge value {transformation:[-0.8785652876782002f,-0.07686450283923468f,-0.4713967368259975f,-27.8978447636766f,-0.08715574274765818f,0.9961946980917455f,0f,3.0018115019836387f,0.4696029299238086f,0.04108493272689216f,-0.8819212643483552f,0.0072292223866118055f,0f,0f,0f,1f],start_interpolation:0}
execute if entity @s[tag=aj.stage.bone.left_bend] run data modify entity @s {} merge value {transformation:[-0.8785652876782002f,-0.07686450283923468f,-0.4713967368259975f,-27.61289529779377f,-0.08715574274765818f,0.9961946980917455f,0f,3.0451769882155957f,0.4696029299238086f,0.04108493272689216f,-0.8819212643483552f,-0.20691177410814945f,0f,0f,0f,1f],start_interpolation:0}
execute if entity @s[tag=aj.stage.bone.right_straight] run data modify entity @s {} merge value {transformation:[-0.41076114441744077f,-0.015705592016918082f,-0.9116077098271342f,-27.972856768855824f,0.2621381217925294f,0.9556002056484896f,-0.13458028112487153f,2.968550907607225f,0.8732461779704275f,-0.29424748315654725f,-0.38840639968476076f,-0.06703916924493955f,0f,0f,0f,1f],start_interpolation:0}
execute if entity @s[tag=aj.stage.bone.microphone] run data modify entity @s {} merge value {transformation:[-0.41076114441744077f,-0.03161294824244663f,-0.9111947671822391f,-27.811834808833854f,0.2621381217925294f,0.9531059133439806f,-0.15123730707673125f,3.3291190636437893f,0.8732461779704275f,-0.3009812941897833f,-0.3832119168396043f,0.2787944719342721f,0f,0f,0f,1f],start_interpolation:0}
execute if entity @s[tag=aj.stage.bone.right_bend] run data modify entity @s {} merge value {transformation:[-0.41076114441744077f,-0.9111947671822391f,0.031612948242446426f,-28.189479860217713f,0.2621381217925294f,-0.15123730707673103f,-0.9531059133439806f,3.148768059018862f,0.8732461779704275f,-0.38321191683960437f,0.3009812941897832f,0.158086769417637f,0f,0f,0f,1f],start_interpolation:0}
execute if entity @s[tag=aj.stage.bone.head] run data modify entity @s {} merge value {transformation:[-0.8819212643483552f,0f,-0.4713967368259975f,-27.915417624926604f,0f,1f,0f,3.4375f,0.4713967368259975f,0f,-0.8819212643483552f,0.025657782970143907f,0f,0f,0f,1f],start_interpolation:0}
execute if entity @s[tag=aj.stage.bone.outfit] run data modify entity @s {} merge value {transformation:[-0.8819212643483552f,0f,-0.4713967368259975f,-27.915417624926604f,0f,1f,0f,2f,0.4713967368259975f,0f,-0.8819212643483552f,0.025657782970143907f,0f,0f,0f,1f],start_interpolation:0}
execute if entity @s[tag=aj.stage.bone.chest] run data modify entity @s {} merge value {transformation:[-0.8819212643483552f,0f,-0.4713967368259975f,-27.928820081501996f,0f,1f,0f,2.6875f,0.4713967368259975f,0f,-0.8819212643483552f,0.023785874703902636f,0f,0f,0f,1f],start_interpolation:0}
execute if entity @s[tag=aj.stage.bone.waist] run data modify entity @s {} merge value {transformation:[-0.8819212643483552f,0f,-0.4713967368259975f,-27.915417624926604f,0f,1f,0f,3.5f,0.4713967368259975f,0f,-0.8819212643483552f,0.025657782970143907f,0f,0f,0f,1f],start_interpolation:0}
execute if entity @s[tag=aj.stage.bone.right_leg] run data modify entity @s {} merge value {transformation:[-0.8819212643483552f,0f,-0.4713967368259975f,-27.851175786641218f,0f,1f,0f,2.6875f,0.4713967368259975f,0f,-0.8819212643483552f,-0.0795481993393902f,0f,0f,0f,1f],start_interpolation:0}
execute if entity @s[tag=aj.stage.bone.left_leg] run data modify entity @s {} merge value {transformation:[-0.8819212643483552f,0f,-0.4713967368259975f,-28.03858405531524f,0f,1f,0f,2.6875f,0.4713967368259975f,0f,-0.8819212643483552f,0.020623607236133608f,0f,0f,0f,1f],start_interpolation:0}
execute if entity @s[tag=aj.stage.bone.platform] run data modify entity @s {} merge value {transformation:[-0.9427934736519954f,0f,1.76384252869671f,-28f,0f,2f,0f,3f,-1.76384252869671f,0f,-0.9427934736519954f,-3.429011037612589e-15f,0f,0f,0f,1f],start_interpolation:0}