execute if entity @s[tag=aj.stage.bone.left_straight] run data modify entity @s {} merge value {transformation:[-0.9892895316606485f,-0.08655161896517742f,-0.11753739745783719f,-27.90750635656882f,-0.08715574274765818f,0.9961946980917455f,0f,3.0018115019836387f,0.11709013217499961f,0.01024405917606451f,-0.9930684569549264f,0.04396452990116879f,0f,0f,0f,1f],start_interpolation:0}
execute if entity @s[tag=aj.stage.bone.left_bend] run data modify entity @s {} merge value {transformation:[-0.9892895316606485f,-0.08655161896517742f,-0.11753739745783719f,-27.56410908225012f,-0.08715574274765818f,0.9961946980917455f,0f,3.0451769882155957f,0.11709013217499961f,0.01024405917606451f,-0.9930684569549264f,-0.05159108990827399f,0f,0f,0f,1f],start_interpolation:0}
execute if entity @s[tag=aj.stage.bone.right_straight] run data modify entity @s {} merge value {transformation:[-0.7007793833025774f,0.09261924542886577f,-0.7073400393829313f,-27.950290018254744f,0.2621381217925294f,0.9556002056484896f,-0.13458028112487153f,2.968550907607225f,0.6634695630103498f,-0.2797318758038704f,-0.6939439578367288f,-0.05253496859125666f,0f,0f,0f,1f],start_interpolation:0}
execute if entity @s[tag=aj.stage.bone.microphone] run data modify entity @s {} merge value {transformation:[-0.7007793833025774f,0.08026035321250044f,-0.7088487367839941f,-27.926390124333764f,0.2621381217925294f,0.9531059133439806f,-0.15123730707673125f,3.3291190636437893f,0.6634695630103498f,-0.2918002632811375f,-0.6889562724207643f,0.3281982372775698f,0f,0f,0f,1f],start_interpolation:0}
execute if entity @s[tag=aj.stage.bone.right_bend] run data modify entity @s {} merge value {transformation:[-0.7007793833025774f,-0.7088487367839941f,-0.0802603532125006f,-28.234064439544667f,0.2621381217925294f,-0.15123730707673103f,-0.9531059133439806f,3.148768059018862f,0.6634695630103498f,-0.6889562724207644f,0.29180026328113734f,0.07815294129889469f,0f,0f,0f,1f],start_interpolation:0}
execute if entity @s[tag=aj.stage.bone.head] run data modify entity @s {} merge value {transformation:[-0.9930684569549264f,0f,-0.11753739745783719f,-27.930587134099202f,0f,1f,0f,3.4375f,0.11753739745783719f,0f,-0.9930684569549264f,0.054720691218564634f,0f,0f,0f,1f],start_interpolation:0}
execute if entity @s[tag=aj.stage.bone.outfit] run data modify entity @s {} merge value {transformation:[-0.9930684569549264f,0f,-0.11753739745783719f,-27.930587134099202f,0f,1f,0f,2f,0.11753739745783719f,0f,-0.9930684569549264f,0.054720691218564634f,0f,0f,0f,1f],start_interpolation:0}
execute if entity @s[tag=aj.stage.bone.chest] run data modify entity @s {} merge value {transformation:[-0.9930684569549264f,0f,-0.11753739745783719f,-27.94238544648314f,0f,1f,0f,2.6875f,0.11753739745783719f,0f,-0.9930684569549264f,0.04809274223690024f,0f,0f,0f,1f],start_interpolation:0}
execute if entity @s[tag=aj.stage.bone.waist] run data modify entity @s {} merge value {transformation:[-0.9930684569549264f,0f,-0.11753739745783719f,-27.930587134099202f,0f,1f,0f,3.5f,0.11753739745783719f,0f,-0.9930684569549264f,0.054720691218564634f,0f,0f,0f,1f],start_interpolation:0}
execute if entity @s[tag=aj.stage.bone.right_leg] run data modify entity @s {} merge value {transformation:[-0.9930684569549264f,0f,-0.11753739745783719f,-27.832419697888856f,0f,1f,0f,2.6875f,0.11753739745783719f,0f,-0.9930684569549264f,-0.019834435821013387f,0f,0f,0f,1f],start_interpolation:0}
execute if entity @s[tag=aj.stage.bone.left_leg] run data modify entity @s {} merge value {transformation:[-0.9930684569549264f,0f,-0.11753739745783719f,-28.043446744991776f,0f,1f,0f,2.6875f,0.11753739745783719f,0f,-0.9930684569549264f,0.005142261138776853f,0f,0f,0f,1f],start_interpolation:0}
execute if entity @s[tag=aj.stage.bone.platform] run data modify entity @s {} merge value {transformation:[-0.23507479491567482f,0f,1.9861369139098528f,-28f,0f,2f,0f,3f,-1.9861369139098528f,0f,-0.23507479491567482f,-3.429011037612589e-15f,0f,0f,0f,1f],start_interpolation:0}