execute if entity @s[tag=aj.stage.bone.left_straight] run data modify entity @s {} merge value {transformation:[-0.9913977483327255f,-0.08673606402424051f,-0.0980171403295602f,-27.908387371658193f,-0.08715574274765818f,0.9961946980917455f,0f,3.0018115019836387f,0.09764415551842248f,0.00854275666742426f,-0.9951847266721969f,0.045772047069269614f,0f,0f,0f,1f],start_interpolation:0}
execute if entity @s[tag=aj.stage.bone.left_bend] run data modify entity @s {} merge value {transformation:[-0.9913977483327255f,-0.08673606402424051f,-0.0980171403295602f,-27.56318018078033f,-0.08715574274765818f,0.9961946980917455f,0f,3.0451769882155957f,0.09764415551842248f,0.00854275666742426f,-0.9951847266721969f,-0.04302299700917137f,0f,0f,0f,1f],start_interpolation:0}
execute if entity @s[tag=aj.stage.bone.right_straight] run data modify entity @s {} merge value {transformation:[-0.7136706587636056f,0.09809356180873322f,-0.6935790106048462f,-27.949268144910114f,0.2621381217925294f,0.9556002056484896f,-0.13458028112487153f,2.968550907607225f,0.6495827860427077f,-0.2778594970416535f,-0.7076978903322754f,-0.05154885148222649f,0f,0f,0f,1f],start_interpolation:0}
execute if entity @s[tag=aj.stage.bone.microphone] run data modify entity @s {} merge value {transformation:[-0.7136706587636056f,0.08597399889469809f,-0.6951853438716725f,-27.932848056594743f,0.2621381217925294f,0.9531059133439806f,-0.15123730707673125f,3.3291190636437893f,0.6495827860427077f,-0.29016820891129846f,-0.702740787640936f,0.3295802076044609f,0f,0f,0f,1f],start_interpolation:0}
execute if entity @s[tag=aj.stage.bone.right_bend] run data modify entity @s {} merge value {transformation:[-0.7136706587636056f,-0.6951853438716725f,-0.08597399889469824f,-28.235553752210492f,0.2621381217925294f,-0.15123730707673103f,-0.9531059133439806f,3.148768059018862f,0.6495827860427077f,-0.7027407876409361f,0.2901682089112983f,0.07354232735361536f,0f,0f,0f,1f],start_interpolation:0}
execute if entity @s[tag=aj.stage.bone.head] run data modify entity @s {} merge value {transformation:[-0.9951847266721969f,0f,-0.0980171403295602f,-27.93167488331239f,0f,1f,0f,3.4375f,0.0980171403295602f,0f,-0.9951847266721969f,0.05607297414641135f,0f,0f,0f,1f],start_interpolation:0}
execute if entity @s[tag=aj.stage.bone.outfit] run data modify entity @s {} merge value {transformation:[-0.9951847266721969f,0f,-0.0980171403295602f,-27.93167488331239f,0f,1f,0f,2f,0.0980171403295602f,0f,-0.9951847266721969f,0.05607297414641135f,0f,0f,0f,1f],start_interpolation:0}
execute if entity @s[tag=aj.stage.bone.chest] run data modify entity @s {} merge value {transformation:[-0.9951847266721969f,0f,-0.0980171403295602f,-27.943340790347367f,0f,1f,0f,2.6875f,0.0980171403295602f,0f,-0.9951847266721969f,0.04921465832809692f,0f,0f,0f,1f],start_interpolation:0}
execute if entity @s[tag=aj.stage.bone.waist] run data modify entity @s {} merge value {transformation:[-0.9951847266721969f,0f,-0.0980171403295602f,-27.93167488331239f,0f,1f,0f,3.5f,0.0980171403295602f,0f,-0.9951847266721969f,0.05607297414641135f,0f,0f,0f,1f],start_interpolation:0}
execute if entity @s[tag=aj.stage.bone.right_leg] run data modify entity @s {} merge value {transformation:[-0.9951847266721969f,0f,-0.0980171403295602f,-27.832062577374067f,0f,1f,0f,2.6875f,0.0980171403295602f,0f,-0.9951847266721969f,-0.016540392430616654f,0f,0f,0f,1f],start_interpolation:0}
execute if entity @s[tag=aj.stage.bone.left_leg] run data modify entity @s {} merge value {transformation:[-0.9951847266721969f,0f,-0.0980171403295602f,-28.04353933179191f,0f,1f,0f,2.6875f,0.0980171403295602f,0f,-0.9951847266721969f,0.004288249889414744f,0f,0f,0f,1f],start_interpolation:0}
execute if entity @s[tag=aj.stage.bone.platform] run data modify entity @s {} merge value {transformation:[-0.19603428065912085f,0f,1.9903694533443939f,-28f,0f,2f,0f,3f,-1.9903694533443939f,0f,-0.19603428065912085f,-3.429011037612589e-15f,0f,0f,0f,1f],start_interpolation:0}