execute if entity @s[tag=aj.stage.bone.left_straight] run data modify entity @s {} merge value {transformation:[-0.6313385071030753f,-0.06218141555799889f,-0.7730104533627368f,-27.89995708023298f,-0.0980171403295606f,0.9951847266721969f,0f,2.9983504639538827f,0.7692881967445462f,0.07576827408347263f,-0.6343932841636458f,-0.03594453682608029f,0f,0f,0f,1f],start_interpolation:0}
execute if entity @s[tag=aj.stage.bone.left_bend] run data modify entity @s {} merge value {transformation:[-0.6313385071030753f,-0.06218141555799889f,-0.7730104533627368f,-27.71895969747427f,-0.0980171403295606f,0.9951847266721969f,0f,3.045555727497926f,0.7692881967445462f,0.07576827408347263f,-0.6343932841636458f,-0.34244859945991746f,0f,0f,0f,1f],start_interpolation:0}
execute if entity @s[tag=aj.stage.bone.right_straight] run data modify entity @s {} merge value {transformation:[-0.0453169693927673f,-0.12711371182953968f,-0.9908523989727086f,-28.000577703689224f,0.2621381217925294f,0.9556002056484896f,-0.13458028112487153f,2.968550907607225f,0.9639657552984651f,-0.26583895732093366f,-0.009983555598022442f,-0.07232338120169357f,0f,0f,0f,1f],start_interpolation:0}
execute if entity @s[tag=aj.stage.bone.microphone] run data modify entity @s {} merge value {transformation:[-0.0453169693927673f,-0.12278910632636746f,-0.9913976032110563f,-27.71558072893093f,0.2621381217925294f,0.9561783244134417f,-0.13040942076778028f,3.3208003170864955f,0.9639657552984651f,-0.2657928653848236f,-0.011143398152494367f,0.18800972627579055f,0f,0f,0f,1f],start_interpolation:0}
execute if entity @s[tag=aj.stage.bone.right_bend] run data modify entity @s {} merge value {transformation:[-0.0453169693927673f,-0.9913976032110563f,0.12278910632636723f,-28.114559377145987f,0.2621381217925294f,-0.13040942076778006f,-0.9561783244134417f,3.148768059018862f,0.9639657552984651f,-0.011143398152494426f,0.2657928653848236f,0.21856393389795614f,0f,0f,0f,1f],start_interpolation:0}
execute if entity @s[tag=aj.stage.bone.head] run data modify entity @s {} merge value {transformation:[-0.6343932841636458f,0f,-0.7730104533627368f,-27.9120372664046f,0f,1f,0f,3.4375f,0.7730104533627368f,0f,-0.6343932841636458f,-0.008663573074946635f,0f,0f,0f,1f],start_interpolation:0}
execute if entity @s[tag=aj.stage.bone.outfit] run data modify entity @s {} merge value {transformation:[-0.6343932841636458f,0f,-0.7730104533627368f,-27.9120372664046f,0f,1f,0f,2f,0.7730104533627368f,0f,-0.6343932841636458f,-0.008663573074946635f,0f,0f,0f,1f],start_interpolation:0}
execute if entity @s[tag=aj.stage.bone.chest] run data modify entity @s {} merge value {transformation:[-0.6343932841636458f,0f,-0.7730104533627368f,-27.925135870000375f,0f,1f,0f,2.6875f,0.7730104533627368f,0f,-0.6343932841636458f,-0.005264092724470202f,0f,0f,0f,1f],start_interpolation:0}
execute if entity @s[tag=aj.stage.bone.waist] run data modify entity @s {} merge value {transformation:[-0.6343932841636458f,0f,-0.7730104533627368f,-27.9120372664046f,0f,1f,0f,3.5f,0.7730104533627368f,0f,-0.6343932841636458f,-0.008663573074946635f,0f,0f,0f,1f],start_interpolation:0}
execute if entity @s[tag=aj.stage.bone.right_leg] run data modify entity @s {} merge value {transformation:[-0.6343932841636458f,0f,-0.7730104533627368f,-27.892946133297382f,0f,1f,0f,2.6875f,0.7730104533627368f,0f,-0.6343932841636458f,-0.13044551400496474f,0f,0f,0f,1f],start_interpolation:0}
execute if entity @s[tag=aj.stage.bone.left_leg] run data modify entity @s {} merge value {transformation:[-0.6343932841636458f,0f,-0.7730104533627368f,-28.027754706182158f,0f,1f,0f,2.6875f,0.7730104533627368f,0f,-0.6343932841636458f,0.03381920733461574f,0f,0f,0f,1f],start_interpolation:0}
execute if entity @s[tag=aj.stage.bone.platform] run data modify entity @s {} merge value {transformation:[-1.5460209067254738f,0f,1.2687865683272912f,-28f,0f,2f,0f,3f,-1.2687865683272912f,0f,-1.5460209067254738f,-3.429011037612589e-15f,0f,0f,0f,1f],start_interpolation:0}