execute if entity @s[tag=aj.stage.bone.left_straight] run data modify entity @s {} merge value {transformation:[-0.9954266680823328f,-0.08708854882858685f,0.0392598157590688f,-27.915522674519696f,-0.08715574274765818f,0.9961946980917455f,0f,3.0018115019836387f,-0.03911042030724309f,-0.003421718402617857f,-0.9992290362407229f,0.05789244721290929f,0f,0f,0f,1f],start_interpolation:0}
execute if entity @s[tag=aj.stage.bone.left_bend] run data modify entity @s {} merge value {transformation:[-0.9954266680823328f,-0.08708854882858685f,0.0392598157590688f,-27.56140499821649f,-0.08715574274765818f,0.9961946980917455f,0f,3.0451769882155957f,-0.03911042030724309f,-0.003421718402617857f,-0.9992290362407229f,0.01723244455309995f,0f,0f,0f,1f],start_interpolation:0}
execute if entity @s[tag=aj.stage.bone.right_straight] run data modify entity @s {} merge value {transformation:[-0.7959411323774063f,0.1352386551708889f,-0.5900747579225378f,-27.942683750911538f,0.2621381217925294f,0.9556002056484896f,-0.13458028112487153f,2.968550907607225f,0.5456751037869121f,-0.2617990701131955f,-0.7960527168441853f,-0.04411182154963741f,0f,0f,0f,1f],start_interpolation:0}
execute if entity @s[tag=aj.stage.bone.microphone] run data modify entity @s {} merge value {transformation:[-0.7959411323774063f,0.12491983316501737f,-0.5923451266548889f,-27.978637899727467f,0.2621381217925294f,0.9531059133439806f,-0.15123730707673125f,3.3291190636437893f,0.5456751037869121f,-0.27565223240663356f,-0.7913624503831236f,0.33567269388445714f,0f,0f,0f,1f],start_interpolation:0}
execute if entity @s[tag=aj.stage.bone.right_bend] run data modify entity @s {} merge value {transformation:[-0.7959411323774063f,-0.5923451266548889f,-0.1249198331650175f,-28.243408531449617f,0.2621381217925294f,-0.15123730707673103f,-0.9531059133439806f,3.148768059018862f,0.5456751037869121f,-0.7913624503831237f,0.2756522324066334f,0.04057500351902284f,0f,0f,0f,1f],start_interpolation:0}
execute if entity @s[tag=aj.stage.bone.head] run data modify entity @s {} merge value {transformation:[-0.9992290362407229f,0f,0.0392598157590688f,-27.940001923719898f,0f,1f,0f,3.4375f,-0.0392598157590688f,0f,-0.9992290362407229f,0.06490555324998354f,0f,0f,0f,1f],start_interpolation:0}
execute if entity @s[tag=aj.stage.bone.outfit] run data modify entity @s {} merge value {transformation:[-0.9992290362407229f,0f,0.0392598157590688f,-27.940001923719898f,0f,1f,0f,2f,-0.0392598157590688f,0f,-0.9992290362407229f,0.06490555324998354f,0f,0f,0f,1f],start_interpolation:0}
execute if entity @s[tag=aj.stage.bone.chest] run data modify entity @s {} merge value {transformation:[-0.9992290362407229f,0f,0.0392598157590688f,-27.950618139646952f,0f,1f,0f,2.6875f,-0.0392598157590688f,0f,-0.9992290362407229f,0.056513542632575436f,0f,0f,0f,1f],start_interpolation:0}
execute if entity @s[tag=aj.stage.bone.waist] run data modify entity @s {} merge value {transformation:[-0.9992290362407229f,0f,0.0392598157590688f,-27.940001923719898f,0f,1f,0f,3.5f,-0.0392598157590688f,0f,-0.9992290362407229f,0.06490555324998354f,0f,0f,0f,1f],start_interpolation:0}
execute if entity @s[tag=aj.stage.bone.right_leg] run data modify entity @s {} merge value {transformation:[-0.9992290362407229f,0f,0.0392598157590688f,-27.83138010013438f,0f,1f,0f,2.6875f,-0.0392598157590688f,0f,-0.9992290362407229f,0.006625093909339387f,0f,0f,0f,1f],start_interpolation:0}
execute if entity @s[tag=aj.stage.bone.left_leg] run data modify entity @s {} merge value {transformation:[-0.9992290362407229f,0f,0.0392598157590688f,-28.043716270335533f,0f,1f,0f,2.6875f,-0.0392598157590688f,0f,-0.9992290362407229f,-0.0017176169394626795f,0f,0f,0f,1f],start_interpolation:0}
execute if entity @s[tag=aj.stage.bone.platform] run data modify entity @s {} merge value {transformation:[0.07851963151813715f,0f,1.9984580724814458f,-28f,0f,2f,0f,3f,-1.9984580724814458f,0f,0.07851963151813715f,-3.429011037612589e-15f,0f,0f,0f,1f],start_interpolation:0}