execute if entity @s[tag=aj.stage.bone.left_straight] run data modify entity @s {} merge value {transformation:[-0.9532988888465614f,-0.08340284572593404f,0.29028467725446283f,-27.93287717183429f,-0.08715574274765818f,0.9961946980917455f,0f,3.0018115019836387f,-0.2891800564181694f,-0.025299976654376943f,-0.9569403357322088f,0.0773464925102705f,0f,0f,0f,1f],start_interpolation:0}
execute if entity @s[tag=aj.stage.bone.left_bend] run data modify entity @s {} merge value {transformation:[-0.9532988888465614f,-0.08340284572593404f,0.29028467725446283f,-27.579966921461565f,-0.08715574274765818f,0.9961946980917455f,0f,3.0451769882155957f,-0.2891800564181694f,-0.025299976654376943f,-0.9569403357322088f,0.12741564138001343f,0f,0f,0f,1f],start_interpolation:0}
execute if entity @s[tag=aj.stage.bone.right_straight] run data modify entity @s {} merge value {transformation:[-0.9079302847536432f,0.19695886006935698f,-0.369959194327358f,-27.933402986016432f,0.2621381217925294f,0.9556002056484896f,-0.13458028112487153f,2.968550907607225f,0.32702630342260464f,-0.219169921304781f,-0.919248792474052f,-0.02821068837284732f,0f,0f,0f,1f],start_interpolation:0}
execute if entity @s[tag=aj.stage.bone.microphone] run data modify entity @s {} merge value {transformation:[-0.9079302847536432f,0.1904721840563657f,-0.3733402538274789f,-28.064084579005204f,0.2621381217925294f,0.9531059133439806f,-0.15123730707673125f,3.3291190636437893f,0.32702630342260464f,-0.2351796442074323f,-0.9152837438850383f,0.33019034431889166f,0f,0f,0f,1f],start_interpolation:0}
execute if entity @s[tag=aj.stage.bone.right_bend] run data modify entity @s {} merge value {transformation:[-0.9079302847536432f,-0.3733402538274788f,-0.1904721840563658f,-28.24576672072931f,0.2621381217925294f,-0.15123730707673103f,-0.9531059133439806f,3.148768059018862f,0.32702630342260464f,-0.9152837438850383f,0.2351796442074321f,-0.02219826738713715f,0f,0f,0f,1f],start_interpolation:0}
execute if entity @s[tag=aj.stage.bone.head] run data modify entity @s {} merge value {transformation:[-0.9569403357322088f,0f,0.29028467725446283f,-27.95833402134514f,0f,1f,0f,3.4375f,-0.29028467725446283f,0f,-0.9569403357322088f,0.07795156331166354f,0f,0f,0f,1f],start_interpolation:0}
execute if entity @s[tag=aj.stage.bone.outfit] run data modify entity @s {} merge value {transformation:[-0.9569403357322088f,0f,0.29028467725446283f,-27.95833402134514f,0f,1f,0f,2f,-0.29028467725446283f,0f,-0.9569403357322088f,0.07795156331166354f,0f,0f,0f,1f],start_interpolation:0}
execute if entity @s[tag=aj.stage.bone.chest] run data modify entity @s {} merge value {transformation:[-0.9569403357322088f,0f,0.29028467725446283f,-27.96648735024534f,0f,1f,0f,2.6875f,-0.29028467725446283f,0f,-0.9569403357322088f,0.06715095635382662f,0f,0f,0f,1f],start_interpolation:0}
execute if entity @s[tag=aj.stage.bone.waist] run data modify entity @s {} merge value {transformation:[-0.9569403357322088f,0f,0.29028467725446283f,-27.95833402134514f,0f,1f,0f,3.5f,-0.29028467725446283f,0f,-0.9569403357322088f,0.07795156331166354f,0f,0f,0f,1f],start_interpolation:0}
execute if entity @s[tag=aj.stage.bone.right_leg] run data modify entity @s {} merge value {transformation:[-0.9569403357322088f,0f,0.29028467725446283f,-27.838516318345192f,0f,1f,0f,2.6875f,-0.29028467725446283f,0f,-0.9569403357322088f,0.04898553928668696f,0f,0f,0f,1f],start_interpolation:0}
execute if entity @s[tag=aj.stage.bone.left_leg] run data modify entity @s {} merge value {transformation:[-0.9569403357322088f,0f,0.29028467725446283f,-28.041866139688285f,0f,1f,0f,2.6875f,-0.29028467725446283f,0f,-0.9569403357322088f,-0.012699954629885976f,0f,0f,0f,1f],start_interpolation:0}
execute if entity @s[tag=aj.stage.bone.platform] run data modify entity @s {} merge value {transformation:[0.5805693545089252f,0f,1.9138806714644179f,-28f,0f,2f,0f,3f,-1.9138806714644179f,0f,0.5805693545089252f,-3.429011037612589e-15f,0f,0f,0f,1f],start_interpolation:0}