execute if entity @s[tag=aj.stage.bone.left_straight] run data modify entity @s {} merge value {transformation:[-0.5037331944101461f,-0.044070943952588135f,0.8627343859777921f,-28.003213053161264f,-0.08715574274765818f,0.9961946980917455f,0f,3.0018115019836387f,-0.859451421172514f,-0.07519225620383928f,-0.5056573733779842f,0.10236029627735382f,0f,0f,0f,1f],start_interpolation:0}
execute if entity @s[tag=aj.stage.bone.left_bend] run data modify entity @s {} merge value {transformation:[-0.5037331944101461f,-0.044070943952588135f,0.8627343859777921f,-27.77805008808297f,-0.08715574274765818f,0.9961946980917455f,0f,3.0451769882155957f,-0.859451421172514f,-0.07519225620383928f,-0.5056573733779842f,0.37868294037991435f,0f,0f,0f,1f],start_interpolation:0}
execute if entity @s[tag=aj.stage.bone.right_straight] run data modify entity @s {} merge value {transformation:[-0.8886993436650978f,0.29340403036180374f,0.3523174016943729f,-27.93194687727118f,0.2621381217925294f,0.9556002056484896f,-0.13458028112487153f,2.968550907607225f,-0.3761609784019461f,-0.02724558555095065f,-0.9261536570114466f,0.02449035926345683f,0f,0f,0f,1f],start_interpolation:0}
execute if entity @s[tag=aj.stage.bone.microphone] run data modify entity @s {} merge value {transformation:[-0.8886993436650978f,0.2995081299961432f,0.347143135659396f,-28.271192200762677f,0.2621381217925294f,0.9531059133439806f,-0.15123730707673125f,3.3291190636437893f,-0.3761609784019461f,-0.043405045961844635f,-0.9255370982909009f,0.19896554222578447f,0f,0f,0f,1f],start_interpolation:0}
execute if entity @s[tag=aj.stage.bone.right_bend] run data modify entity @s {} merge value {transformation:[-0.8886993436650978f,0.34714313565939603f,-0.2995081299961431f,-28.1654038346498f,0.2621381217925294f,-0.15123730707673103f,-0.9531059133439806f,3.148768059018862f,-0.3761609784019461f,-0.9255370982909009f,0.04340504596184443f,-0.18312732067108897f,0f,0f,0f,1f],start_interpolation:0}
execute if entity @s[tag=aj.stage.bone.head] run data modify entity @s {} merge value {transformation:[-0.5056573733779842f,0f,0.8627343859777921f,-28.022317313287488f,0f,1f,0f,3.4375f,-0.8627343859777921f,0f,-0.5056573733779842f,0.0855244849597326f,0f,0f,0f,1f],start_interpolation:0}
execute if entity @s[tag=aj.stage.bone.outfit] run data modify entity @s {} merge value {transformation:[-0.5056573733779842f,0f,0.8627343859777921f,-28.022317313287488f,0f,1f,0f,2f,-0.8627343859777921f,0f,-0.5056573733779842f,0.0855244849597326f,0f,0f,0f,1f],start_interpolation:0}
execute if entity @s[tag=aj.stage.bone.chest] run data modify entity @s {} merge value {transformation:[-0.5056573733779842f,0f,0.8627343859777921f,-28.020973026170548f,0f,1f,0f,2.6875f,-0.8627343859777921f,0f,-0.5056573733779842f,0.07205887041899407f,0f,0f,0f,1f],start_interpolation:0}
execute if entity @s[tag=aj.stage.bone.waist] run data modify entity @s {} merge value {transformation:[-0.5056573733779842f,0f,0.8627343859777921f,-28.022317313287488f,0f,1f,0f,3.5f,-0.8627343859777921f,0f,-0.5056573733779842f,0.0855244849597326f,0f,0f,0f,1f],start_interpolation:0}
execute if entity @s[tag=aj.stage.bone.right_leg] run data modify entity @s {} merge value {transformation:[-0.5056573733779842f,0f,0.8627343859777921f,-27.914670318242464f,0f,1f,0f,2.6875f,-0.8627343859777921f,0f,-0.5056573733779842f,0.14558642763374838f,0f,0f,0f,1f],start_interpolation:0}
execute if entity @s[tag=aj.stage.bone.left_leg] run data modify entity @s {} merge value {transformation:[-0.5056573733779842f,0f,0.8627343859777921f,-28.022122510085286f,0f,1f,0f,2.6875f,-0.8627343859777921f,0f,-0.5056573733779842f,-0.03774462938653121f,0f,0f,0f,1f],start_interpolation:0}
execute if entity @s[tag=aj.stage.bone.platform] run data modify entity @s {} merge value {transformation:[1.725468771955584f,0f,1.0113147467559689f,-28f,0f,2f,0f,3f,-1.0113147467559689f,0f,1.725468771955584f,-3.429011037612589e-15f,0f,0f,0f,1f],start_interpolation:0}