execute if entity @s[tag=aj.stage.bone.left_straight] run data modify entity @s {} merge value {transformation:[-0.9686697592840582f,-0.08474762263774077f,0.23344536385590542f,-27.928440138810153f,-0.08715574274765818f,0.9961946980917455f,0f,3.0018115019836387f,-0.23255703376735137f,-0.020346104077858754f,-0.9723699203976767f,0.07326076870395659f,0f,0f,0f,1f],start_interpolation:0}
execute if entity @s[tag=aj.stage.bone.left_bend] run data modify entity @s {} merge value {transformation:[-0.9686697592840582f,-0.08474762263774077f,0.23344536385590542f,-27.57319436134929f,-0.08715574274765818f,0.9961946980917455f,0f,3.0451769882155957f,-0.23255703376735137f,-0.020346104077858754f,-0.9723699203976767f,0.10246696809565517f,0f,0f,0f,1f],start_interpolation:0}
execute if entity @s[tag=aj.stage.bone.right_straight] run data modify entity @s {} merge value {transformation:[-0.8871032784172119f,0.18371454722504227f,-0.4234344560369789f,-27.935179277095276f,0.2621381217925294f,0.9556002056484896f,-0.13458028112487153f,2.968550907607225f,0.3799096978553187f,-0.2303849216039586f,-0.8958746616424746f,-0.03208237977623356f,0f,0f,0f,1f],start_interpolation:0}
execute if entity @s[tag=aj.stage.bone.microphone] run data modify entity @s {} merge value {transformation:[-0.8871032784172119f,0.17629661638335106f,-0.4265762258649866f,-28.044534860436144f,0.2621381217925294f,0.9531059133439806f,-0.15123730707673125f,3.3291190636437893f,0.3799096978553187f,-0.2459850015763523f,-0.8917174443033863f,0.33339037621628426f,0f,0f,0f,1f],start_interpolation:0}
execute if entity @s[tag=aj.stage.bone.right_bend] run data modify entity @s {} merge value {transformation:[-0.8871032784172119f,-0.42657622586498656f,-0.17629661638335115f,-28.246647295272687f,0.2621381217925294f,-0.15123730707673103f,-0.9531059133439806f,3.148768059018862f,0.3799096978553187f,-0.8917174443033863f,0.2459850015763521f,-0.007691282578212069f,0f,0f,0f,1f],start_interpolation:0}
execute if entity @s[tag=aj.stage.bone.head] run data modify entity @s {} merge value {transformation:[-0.9723699203976767f,0f,0.23344536385590542f,-27.95381721521614f,0f,1f,0f,3.4375f,-0.23344536385590542f,0f,-0.9723699203976767f,0.07536345526584544f,0f,0f,0f,1f],start_interpolation:0}
execute if entity @s[tag=aj.stage.bone.outfit] run data modify entity @s {} merge value {transformation:[-0.9723699203976767f,0f,0.23344536385590542f,-27.95381721521614f,0f,1f,0f,2f,-0.23344536385590542f,0f,-0.9723699203976767f,0.07536345526584544f,0f,0f,0f,1f],start_interpolation:0}
execute if entity @s[tag=aj.stage.bone.chest] run data modify entity @s {} merge value {transformation:[-0.9723699203976767f,0f,0.23344536385590542f,-27.962592243477264f,0f,1f,0f,2.6875f,-0.23344536385590542f,0f,-0.9723699203976767f,0.06506157379550233f,0f,0f,0f,1f],start_interpolation:0}
execute if entity @s[tag=aj.stage.bone.waist] run data modify entity @s {} merge value {transformation:[-0.9723699203976767f,0f,0.23344536385590542f,-27.95381721521614f,0f,1f,0f,3.5f,-0.23344536385590542f,0f,-0.9723699203976767f,0.07536345526584544f,0f,0f,0f,1f],start_interpolation:0}
execute if entity @s[tag=aj.stage.bone.right_leg] run data modify entity @s {} merge value {transformation:[-0.9723699203976767f,0f,0.23344536385590542f,-27.835912575932895f,0f,1f,0f,2.6875f,-0.23344536385590542f,0f,-0.9723699203976767f,0.03939390515068043f,0f,0f,0f,1f],start_interpolation:0}
execute if entity @s[tag=aj.stage.bone.left_leg] run data modify entity @s {} merge value {transformation:[-0.9723699203976767f,0f,0.23344536385590542f,-28.0425411840174f,0f,1f,0f,2.6875f,-0.23344536385590542f,0f,-0.9723699203976767f,-0.01021323466869914f,0f,0f,0f,1f],start_interpolation:0}
execute if entity @s[tag=aj.stage.bone.platform] run data modify entity @s {} merge value {transformation:[0.4668907277118104f,0f,1.9447398407953533f,-28f,0f,2f,0f,3f,-1.9447398407953533f,0f,0.4668907277118104f,-3.429011037612589e-15f,0f,0f,0f,1f],start_interpolation:0}