execute if entity @s[tag=aj.stage.bone.left_straight] run data modify entity @s {} merge value {transformation:[-0.8594514211725137f,-0.07519225620383925f,0.5056573733779847f,-27.952787961006678f,-0.08715574274765818f,0.9961946980917455f,0f,3.0018115019836387f,-0.5037331944101465f,-0.04407094395258817f,-0.8627343859777917f,0.090878915809433f,0f,0f,0f,1f],start_interpolation:0}
execute if entity @s[tag=aj.stage.bone.left_bend] run data modify entity @s {} merge value {transformation:[-0.8594514211725137f,-0.07519225620383925f,0.5056573733779847f,-27.621317059620083f,-0.08715574274765818f,0.9961946980917455f,0f,3.0451769882155957f,-0.5037331944101465f,-0.04407094395258817f,-0.8627343859777917f,0.2219499119170234f,0f,0f,0f,1f],start_interpolation:0}
execute if entity @s[tag=aj.stage.bone.right_straight] run data modify entity @s {} merge value {transformation:[-0.9591868731054815f,0.24268107311252243f,-0.14514282350527524f,-27.92865741240225f,0.2621381217925294f,0.9556002056484896f,-0.13458028112487153f,2.968550907607225f,0.10603842494687477f,-0.1671351061791596f,-0.9802151338952418f,-0.011884460646357967f,0f,0f,0f,1f],start_interpolation:0}
execute if entity @s[tag=aj.stage.bone.microphone] run data modify entity @s {} merge value {transformation:[-0.9591868731054815f,0.24011102006236623f,-0.14935608627283622f,-28.13939532205724f,0.2621381217925294f,0.9531059133439806f,-0.15123730707673125f,3.3291190636437893f,0.10603842494687477f,-0.18421676360566763f,-0.9771489325795938f,0.30610691095802f,0f,0f,0f,1f],start_interpolation:0}
execute if entity @s[tag=aj.stage.bone.right_bend] run data modify entity @s {} merge value {transformation:[-0.9591868731054815f,-0.14935608627283617f,-0.24011102006236626f,-28.233794084064797f,0.2621381217925294f,-0.15123730707673103f,-0.9531059133439806f,3.148768059018862f,0.10603842494687477f,-0.9771489325795938f,0.1842167636056674f,-0.0789580290365231f,0f,0f,0f,1f],start_interpolation:0}
execute if entity @s[tag=aj.stage.bone.head] run data modify entity @s {} merge value {transformation:[-0.8627343859777917f,0f,0.5056573733779847f,-27.977682686712512f,0f,1f,0f,3.4375f,-0.5056573733779847f,0f,-0.8627343859777917f,0.0855244849597326f,0f,0f,0f,1f],start_interpolation:0}
execute if entity @s[tag=aj.stage.bone.outfit] run data modify entity @s {} merge value {transformation:[-0.8627343859777917f,0f,0.5056573733779847f,-27.977682686712512f,0f,1f,0f,2f,-0.5056573733779847f,0f,-0.8627343859777917f,0.0855244849597326f,0f,0f,0f,1f],start_interpolation:0}
execute if entity @s[tag=aj.stage.bone.chest] run data modify entity @s {} merge value {transformation:[-0.8627343859777917f,0f,0.5056573733779847f,-27.98308938686504f,0f,1f,0f,2.6875f,-0.5056573733779847f,0f,-0.8627343859777917f,0.07311894280015001f,0f,0f,0f,1f],start_interpolation:0}
execute if entity @s[tag=aj.stage.bone.waist] run data modify entity @s {} merge value {transformation:[-0.8627343859777917f,0f,0.5056573733779847f,-27.977682686712512f,0f,1f,0f,3.5f,-0.5056573733779847f,0f,-0.8627343859777917f,0.0855244849597326f,0f,0f,0f,1f],start_interpolation:0}
execute if entity @s[tag=aj.stage.bone.right_leg] run data modify entity @s {} merge value {transformation:[-0.8627343859777917f,0f,0.5056573733779847f,-27.854413572366248f,0f,1f,0f,2.6875f,-0.5056573733779847f,0f,-0.8627343859777917f,0.08532968175753113f,0f,0f,0f,1f],start_interpolation:0}
execute if entity @s[tag=aj.stage.bone.left_leg] run data modify entity @s {} merge value {transformation:[-0.8627343859777917f,0f,0.5056573733779847f,-28.037744629386527f,0f,1f,0f,2.6875f,-0.5056573733779847f,0f,-0.8627343859777917f,-0.022122510085289898f,0f,0f,0f,1f],start_interpolation:0}
execute if entity @s[tag=aj.stage.bone.platform] run data modify entity @s {} merge value {transformation:[1.0113147467559689f,0f,1.7254687719555837f,-28f,0f,2f,0f,3f,-1.7254687719555837f,0f,1.0113147467559689f,-3.429011037612589e-15f,0f,0f,0f,1f],start_interpolation:0}