execute if entity @s[tag=aj.stage.bone.left_straight] run data modify entity @s {} merge value {transformation:[-0.770068915209455f,-0.06737230021453332f,0.6343932841636458f,-27.967585814128658f,-0.08715574274765818f,0.9961946980917455f,0f,3.0018115019836387f,-0.6319792261888341f,-0.05529101787540873f,-0.7730104533627369f,0.09714563561428277f,0f,0f,0f,1f],start_interpolation:0}
execute if entity @s[tag=aj.stage.bone.left_bend] run data modify entity @s {} merge value {transformation:[-0.770068915209455f,-0.06737230021453332f,0.6343932841636458f,-27.660699890740936f,-0.08715574274765818f,0.9961946980917455f,0f,3.0451769882155957f,-0.6319792261888341f,-0.05529101787540873f,-0.7730104533627369f,0.2784564033947559f,0f,0f,0f,1f],start_interpolation:0}
execute if entity @s[tag=aj.stage.bone.right_straight] run data modify entity @s {} merge value {transformation:[-0.9639657552984651f,0.26583895732093366f,0.009983555598022387f,-27.927676618798312f,0.2621381217925294f,0.9556002056484896f,-0.13458028112487153f,2.968550907607225f,-0.04531696939276725f,-0.12711371182953968f,-0.9908523989727087f,-0.0005777036892295612f,0f,0f,0f,1f],start_interpolation:0}
execute if entity @s[tag=aj.stage.bone.microphone] run data modify entity @s {} merge value {transformation:[-0.9639657552984651f,0.2659727058300997f,0.00534250552411974f,-28.185564805190275f,0.2621381217925294f,0.9531059133439806f,-0.15123730707673125f,3.3291190636437893f,-0.04531696939276725f,-0.1443871105817682f,-0.988483047190443f,0.2805319942936955f,0f,0f,0f,1f],start_interpolation:0}
execute if entity @s[tag=aj.stage.bone.right_bend] run data modify entity @s {} merge value {transformation:[-0.9639657552984651f,0.005342505524119799f,-0.2659727058300997f,-28.21856393389796f,0.2621381217925294f,-0.15123730707673103f,-0.9531059133439806f,3.148768059018862f,-0.04531696939276725f,-0.988483047190443f,0.14438711058176798f,-0.11455937714599346f,0f,0f,0f,1f],start_interpolation:0}
execute if entity @s[tag=aj.stage.bone.head] run data modify entity @s {} merge value {transformation:[-0.7730104533627369f,0f,0.6343932841636458f,-27.991336426925056f,0f,1f,0f,3.4375f,-0.6343932841636458f,0f,-0.7730104533627369f,0.08796273359539548f,0f,0f,0f,1f],start_interpolation:0}
execute if entity @s[tag=aj.stage.bone.outfit] run data modify entity @s {} merge value {transformation:[-0.7730104533627369f,0f,0.6343932841636458f,-27.991336426925056f,0f,1f,0f,2f,-0.6343932841636458f,0f,-0.7730104533627369f,0.08796273359539548f,0f,0f,0f,1f],start_interpolation:0}
execute if entity @s[tag=aj.stage.bone.chest] run data modify entity @s {} merge value {transformation:[-0.7730104533627369f,0f,0.6343932841636458f,-27.994735907275533f,0f,1f,0f,2.6875f,-0.6343932841636458f,0f,-0.7730104533627369f,0.07486412999962085f,0f,0f,0f,1f],start_interpolation:0}
execute if entity @s[tag=aj.stage.bone.waist] run data modify entity @s {} merge value {transformation:[-0.7730104533627369f,0f,0.6343932841636458f,-27.991336426925056f,0f,1f,0f,3.5f,-0.6343932841636458f,0f,-0.7730104533627369f,0.08796273359539548f,0f,0f,0f,1f],start_interpolation:0}
execute if entity @s[tag=aj.stage.bone.right_leg] run data modify entity @s {} merge value {transformation:[-0.7730104533627369f,0f,0.6343932841636458f,-27.86955448599504f,0f,1f,0f,2.6875f,-0.6343932841636458f,0f,-0.7730104533627369f,0.10705386670261134f,0f,0f,0f,1f],start_interpolation:0}
execute if entity @s[tag=aj.stage.bone.left_leg] run data modify entity @s {} merge value {transformation:[-0.7730104533627369f,0f,0.6343932841636458f,-28.033819207334616f,0f,1f,0f,2.6875f,-0.6343932841636458f,0f,-0.7730104533627369f,-0.027754706182162484f,0f,0f,0f,1f],start_interpolation:0}
execute if entity @s[tag=aj.stage.bone.platform] run data modify entity @s {} merge value {transformation:[1.2687865683272912f,0f,1.546020906725474f,-28f,0f,2f,0f,3f,-1.546020906725474f,0f,1.2687865683272912f,-3.429011037612589e-15f,0f,0f,0f,1f],start_interpolation:0}