execute if entity @s[tag=aj.stage.bone.left_straight] run data modify entity @s {} merge value {transformation:[-0.9346212346415905f,-0.08176876272174179f,-0.34611705707749274f,-27.89979864762f,-0.08715574274765818f,0.9961946980917455f,0f,3.0018115019836387f,0.34479997717971633f,0.03016608918722248f,-0.9381913359224842f,0.021157574195170253f,0f,0f,0f,1f],start_interpolation:0}
execute if entity @s[tag=aj.stage.bone.left_bend] run data modify entity @s {} merge value {transformation:[-0.9346212346415905f,-0.08176876272174179f,-0.34611705707749274f,-27.588196483760836f,-0.08715574274765818f,0.9961946980917455f,0f,3.0451769882155957f,0.34479997717971633f,0.03016608918722248f,-0.9381913359224842f,-0.15192233788294332f,0f,0f,0f,1f],start_interpolation:0}
execute if entity @s[tag=aj.stage.bone.right_straight] run data modify entity @s {} merge value {transformation:[-0.5265328996139902f,0.02475805877582954f,-0.8497941775216726f,-27.96392755386534f,0.2621381217925294f,0.9556002056484896f,-0.13458028112487153f,2.968550907607225f,0.8087315442884422f,-0.2936243952573031f,-0.5096449781785496f,-0.06268798800296618f,0f,0f,0f,1f],start_interpolation:0}
execute if entity @s[tag=aj.stage.bone.microphone] run data modify entity @s {} merge value {transformation:[-0.5265328996139902f,0.009923334629414244f,-0.8500968374567195f,-27.851807614139812f,0.2621381217925294f,0.9531059133439806f,-0.15123730707673125f,3.3291190636437893f,0.8087315442884422f,-0.3024742061375963f,-0.5044429044939199f,0.30194620964795627f,0f,0f,0f,1f],start_interpolation:0}
execute if entity @s[tag=aj.stage.bone.right_bend] run data modify entity @s {} merge value {transformation:[-0.5265328996139902f,-0.8500968374567195f,-0.009923334629414433f,-28.209352778630045f,0.2621381217925294f,-0.15123730707673103f,-0.9531059133439806f,3.148768059018862f,0.8087315442884422f,-0.50444290449392f,0.3024742061375962f,0.13063482756488418f,0f,0f,0f,1f],start_interpolation:0}
execute if entity @s[tag=aj.stage.bone.head] run data modify entity @s {} merge value {transformation:[-0.9381913359224842f,0f,-0.34611705707749274f,-27.9197307254375f,0f,1f,0f,3.4375f,0.34611705707749274f,0f,-0.9381913359224842f,0.037004642427808515f,0f,0f,0f,1f],start_interpolation:0}
execute if entity @s[tag=aj.stage.bone.outfit] run data modify entity @s {} merge value {transformation:[-0.9381913359224842f,0f,-0.34611705707749274f,-27.9197307254375f,0f,1f,0f,2f,0.34611705707749274f,0f,-0.9381913359224842f,0.037004642427808515f,0f,0f,0f,1f],start_interpolation:0}
execute if entity @s[tag=aj.stage.bone.chest] run data modify entity @s {} merge value {transformation:[-0.9381913359224842f,0f,-0.34611705707749274f,-27.932750313472738f,0f,1f,0f,2.6875f,0.34611705707749274f,0f,-0.9381913359224842f,0.03331408553146155f,0f,0f,0f,1f],start_interpolation:0}
execute if entity @s[tag=aj.stage.bone.waist] run data modify entity @s {} merge value {transformation:[-0.9381913359224842f,0f,-0.34611705707749274f,-27.9197307254375f,0f,1f,0f,3.5f,0.34611705707749274f,0f,-0.9381913359224842f,0.037004642427808515f,0f,0f,0f,1f],start_interpolation:0}
execute if entity @s[tag=aj.stage.bone.right_leg] run data modify entity @s {} merge value {transformation:[-0.9381913359224842f,0f,-0.34611705707749274f,-27.84168021206308f,0f,1f,0f,2.6875f,0.34611705707749274f,0f,-0.9381913359224842f,-0.0584072533818301f,0f,0f,0f,1f],start_interpolation:0}
execute if entity @s[tag=aj.stage.bone.left_leg] run data modify entity @s {} merge value {transformation:[-0.9381913359224842f,0f,-0.34611705707749274f,-28.041045870946608f,0f,1f,0f,2.6875f,0.34611705707749274f,0f,-0.9381913359224842f,0.015142621247136612f,0f,0f,0f,1f],start_interpolation:0}
execute if entity @s[tag=aj.stage.bone.platform] run data modify entity @s {} merge value {transformation:[-0.6922341141549859f,0f,1.876382671844968f,-28f,0f,2f,0f,3f,-1.876382671844968f,0f,-0.6922341141549859f,-3.429011037612589e-15f,0f,0f,0f,1f],start_interpolation:0}