execute if entity @s[tag=aj.stage.bone.left_straight] run data modify entity @s {} merge value {transformation:[-0.6159789894029108f,-0.06202582273711731f,-0.7853169308807447f,-27.900113810699f,-0.10018806161207629f,0.9949685182509117f,0f,2.9976642460747387f,0.7813656230757682f,0.07867938105608671f,-0.6190939493098343f,-0.038622676971550585f,0f,0f,0f,1f],start_interpolation:0}
execute if entity @s[tag=aj.stage.bone.left_bend] run data modify entity @s {} merge value {transformation:[-0.6159789894029108f,-0.06202582273711731f,-0.7853169308807447f,-27.72523339956646f,-0.10018806161207629f,0.9949685182509117f,0f,3.045636805655908f,0.7813656230757682f,0.07867938105608671f,-0.6190939493098343f,-0.3485397710663385f,0f,0f,0f,1f],start_interpolation:0}
execute if entity @s[tag=aj.stage.bone.right_straight] run data modify entity @s {} merge value {transformation:[-0.026382026933485514f,-0.13230860978381775f,-0.990857416802213f,-28.001997567355566f,0.2621381217925294f,0.9556002056484896f,-0.13458028112487153f,2.968550907607225f,0.9646696811644729f,-0.263292002806082f,0.00947246010264785f,-0.07229809772503001f,0f,0f,0f,1f],start_interpolation:0}
execute if entity @s[tag=aj.stage.bone.microphone] run data modify entity @s {} merge value {transformation:[-0.026382026933485514f,-0.12365681945582174f,-0.9919742837679568f,-27.71118000864682f,0.2621381217925294f,0.9567382389213985f,-0.1262360776032983f,3.3191265785200414f,0.9646696811644729f,-0.2633646392127296f,0.007174472411467123f,0.18286500478920328f,0f,0f,0f,1f],start_interpolation:0}
execute if entity @s[tag=aj.stage.bone.right_bend] run data modify entity @s {} merge value {transformation:[-0.026382026933485514f,-0.9919742837679568f,0.12365681945582152f,-28.110246077674535f,0.2621381217925294f,-0.12623607760329808f,-0.9567382389213985f,3.148768059018862f,0.9646696811644729f,0.007174472411467065f,0.2633646392127296f,0.22077102719878547f,0f,0f,0f,1f],start_interpolation:0}
execute if entity @s[tag=aj.stage.bone.head] run data modify entity @s {} merge value {transformation:[-0.6190939493098343f,0f,-0.7853169308807447f,-27.912224319988088f,0f,1f,0f,3.4375f,0.7853169308807447f,0f,-0.6190939493098343f,-0.010388936348185352f,0f,0f,0f,1f],start_interpolation:0}
execute if entity @s[tag=aj.stage.bone.outfit] run data modify entity @s {} merge value {transformation:[-0.6190939493098343f,0f,-0.7853169308807447f,-27.912224319988088f,0f,1f,0f,2f,0.7853169308807447f,0f,-0.6190939493098343f,-0.010388936348185352f,0f,0f,0f,1f],start_interpolation:0}
execute if entity @s[tag=aj.stage.bone.chest] run data modify entity @s {} merge value {transformation:[-0.6190939493098343f,0f,-0.7853169308807447f,-27.92525365435162f,0f,1f,0f,2.6875f,0.7853169308807447f,0f,-0.6190939493098343f,-0.006732937325239388f,0f,0f,0f,1f],start_interpolation:0}
execute if entity @s[tag=aj.stage.bone.waist] run data modify entity @s {} merge value {transformation:[-0.6190939493098343f,0f,-0.7853169308807447f,-27.912224319988088f,0f,1f,0f,3.5f,0.7853169308807447f,0f,-0.6190939493098343f,-0.010388936348185352f,0f,0f,0f,1f],start_interpolation:0}
execute if entity @s[tag=aj.stage.bone.right_leg] run data modify entity @s {} merge value {transformation:[-0.6190939493098343f,0f,-0.7853169308807447f,-27.895527896053967f,0f,1f,0f,2.6875f,0.7853169308807447f,0f,-0.6190939493098343f,-0.13252223208612857f,0f,0f,0f,1f],start_interpolation:0}
execute if entity @s[tag=aj.stage.bone.left_leg] run data modify entity @s {} merge value {transformation:[-0.6190939493098343f,0f,-0.7853169308807447f,-28.027085360282303f,0f,1f,0f,2.6875f,0.7853169308807447f,0f,-0.6190939493098343f,0.03435761572602858f,0f,0f,0f,1f],start_interpolation:0}
execute if entity @s[tag=aj.stage.bone.platform] run data modify entity @s {} merge value {transformation:[-1.5706338617614897f,0f,1.2381878986196682f,-28f,0f,2f,0f,3f,-1.2381878986196682f,0f,-1.5706338617614897f,-3.429011037612589e-15f,0f,0f,0f,1f],start_interpolation:0}