execute if entity @s[tag=aj.stage.bone.left_straight] run data modify entity @s {} merge value {transformation:[-0.9346212346415904f,-0.08176876272174177f,0.3461170570774935f,-27.93754703915751f,-0.08715574274765818f,0.9961946980917455f,0f,3.0018115019836387f,-0.3447999771797171f,-0.030166089187222547f,-0.938191335922484f,0.08116391837886885f,0f,0f,0f,1f],start_interpolation:0}
execute if entity @s[tag=aj.stage.bone.left_bend] run data modify entity @s {} merge value {transformation:[-0.9346212346415904f,-0.08176876272174177f,0.3461170570774935f,-27.588196483760836f,-0.08715574274765818f,0.9961946980917455f,0f,3.0451769882155957f,-0.3447999771797171f,-0.030166089187222547f,-0.938191335922484f,0.15192233788293677f,0f,0f,0f,1f],start_interpolation:0}
execute if entity @s[tag=aj.stage.bone.right_straight] run data modify entity @s {} merge value {transformation:[-0.9256078810123449f,0.20951996603180303f,-0.3152006257003134f,-27.93185770530315f,0.2621381217925294f,0.9556002056484896f,-0.13458028112487153f,2.968550907607225f,0.2730085268099185f,-0.20719466884694826f,-0.9394342518188709f,-0.024241140308269016f,0f,0f,0f,1f],start_interpolation:0}
execute if entity @s[tag=aj.stage.bone.microphone] run data modify entity @s {} merge value {transformation:[-0.9256078810123449f,0.20398704569713566f,-0.3188092467222236f,-28.083412002291972f,0.2621381217925294f,0.9531059133439806f,-0.15123730707673125f,3.3291190636437893f,0.2730085268099185f,-0.22355850047916134f,-0.9356751258597116f,0.3258449548809154f,0f,0f,0f,1f],start_interpolation:0}
execute if entity @s[tag=aj.stage.bone.right_bend] run data modify entity @s {} merge value {transformation:[-0.9256078810123449f,-0.31880924672222355f,-0.20398704569713574f,-28.244033635591194f,0.2621381217925294f,-0.15123730707673103f,-0.9531059133439806f,3.148768059018862f,0.2730085268099185f,-0.9356751258597116f,0.22355850047916115f,-0.03662825129831569f,0f,0f,0f,1f],start_interpolation:0}
execute if entity @s[tag=aj.stage.bone.head] run data modify entity @s {} merge value {transformation:[-0.938191335922484f,0f,0.3461170570774935f,-27.962995357572186f,0f,1f,0f,3.4375f,-0.3461170570774935f,0f,-0.938191335922484f,0.08026927456249516f,0f,0f,0f,1f],start_interpolation:0}
execute if entity @s[tag=aj.stage.bone.outfit] run data modify entity @s {} merge value {transformation:[-0.938191335922484f,0f,0.3461170570774935f,-27.962995357572186f,0f,1f,0f,2f,-0.3461170570774935f,0f,-0.938191335922484f,0.08026927456249516f,0f,0f,0f,1f],start_interpolation:0}
execute if entity @s[tag=aj.stage.bone.chest] run data modify entity @s {} merge value {transformation:[-0.938191335922484f,0f,0.3461170570774935f,-27.970498705010254f,0f,1f,0f,2.6875f,-0.3461170570774935f,0f,-0.938191335922484f,0.06900740704257755f,0f,0f,0f,1f],start_interpolation:0}
execute if entity @s[tag=aj.stage.bone.waist] run data modify entity @s {} merge value {transformation:[-0.938191335922484f,0f,0.3461170570774935f,-27.962995357572186f,0f,1f,0f,3.5f,-0.3461170570774935f,0f,-0.938191335922484f,0.08026927456249516f,0f,0f,0f,1f],start_interpolation:0}
execute if entity @s[tag=aj.stage.bone.right_leg] run data modify entity @s {} merge value {transformation:[-0.938191335922484f,0f,0.3461170570774935f,-27.84168021206308f,0f,1f,0f,2.6875f,-0.3461170570774935f,0f,-0.938191335922484f,0.05840725338182335f,0f,0f,0f,1f],start_interpolation:0}
execute if entity @s[tag=aj.stage.bone.left_leg] run data modify entity @s {} merge value {transformation:[-0.938191335922484f,0f,0.3461170570774935f,-28.041045870946608f,0f,1f,0f,2.6875f,-0.3461170570774935f,0f,-0.938191335922484f,-0.015142621247143523f,0f,0f,0f,1f],start_interpolation:0}
execute if entity @s[tag=aj.stage.bone.platform] run data modify entity @s {} merge value {transformation:[0.6922341141549866f,0f,1.8763826718449683f,-28f,0f,2f,0f,3f,-1.8763826718449683f,0f,0.6922341141549866f,-3.429011037612589e-15f,0f,0f,0f,1f],start_interpolation:0}