execute if entity @s[tag=aj.stage.bone.left_straight] run data modify entity @s {} merge value {transformation:[-0.9839298882679103f,-0.08608271092777121f,0.1564344650402315f,-27.922912760315466f,-0.08715574274765818f,0.9961946980917455f,0f,3.0018115019836387f,-0.15583918467189714f,-0.013634161991913944f,-0.9876883405951377f,0.06742040820422224f,0f,0f,0f,1f],start_interpolation:0}
execute if entity @s[tag=aj.stage.bone.left_bend] run data modify entity @s {} merge value {transformation:[-0.9839298882679103f,-0.08608271092777121f,0.1564344650402315f,-27.566470595035312f,-0.08715574274765818f,0.9961946980917455f,0f,3.0451769882155957f,-0.15583918467189714f,-0.013634161991913944f,-0.9876883405951377f,0.06866431216955834f,0f,0f,0f,1f],start_interpolation:0}
execute if entity @s[tag=aj.stage.bone.right_straight] run data modify entity @s {} merge value {transformation:[-0.8545612637136368f,0.16507242396920108f,-0.4924186647610794f,-27.937896252257204f,0.2621381217925294f,0.9556002056484896f,-0.13458028112487153f,2.968550907607225f,0.4483398840871031f,-0.24408879902506128f,-0.859890694523011f,-0.03706925580986635f,0f,0f,0f,1f],start_interpolation:0}
execute if entity @s[tag=aj.stage.bone.microphone] run data modify entity @s {} merge value {transformation:[-0.8545612637136368f,0.15645339196476948f,-0.4952245780480511f,-28.01824006688188f,0.2621381217925294f,0.9531059133439806f,-0.15123730707673125f,3.3291190636437893f,0.4483398840871031f,-0.2590587850111528f,-0.8554997920778872f,0.33585680982800803f,0f,0f,0f,1f],start_interpolation:0}
execute if entity @s[tag=aj.stage.bone.right_bend] run data modify entity @s {} merge value {transformation:[-0.8545612637136368f,-0.49522457804805103f,-0.1564533919647696f,-28.246490415051806f,0.2621381217925294f,-0.15123730707673103f,-0.9531059133439806f,3.148768059018862f,0.4483398840871031f,-0.8554997920778873f,0.25905878501115265f,0.011684150829954207f,0f,0f,0f,1f],start_interpolation:0}
execute if entity @s[tag=aj.stage.bone.head] run data modify entity @s {} merge value {transformation:[-0.9876883405951377f,0f,0.1564344650402315f,-27.948046632777817f,0f,1f,0f,3.4375f,-0.1564344650402315f,0f,-0.9876883405951377f,0.07150767535220713f,0f,0f,0f,1f],start_interpolation:0}
execute if entity @s[tag=aj.stage.bone.outfit] run data modify entity @s {} merge value {transformation:[-0.9876883405951377f,0f,0.1564344650402315f,-27.948046632777817f,0f,1f,0f,2f,-0.1564344650402315f,0f,-0.9876883405951377f,0.07150767535220713f,0f,0f,0f,1f],start_interpolation:0}
execute if entity @s[tag=aj.stage.bone.chest] run data modify entity @s {} merge value {transformation:[-0.9876883405951377f,0f,0.1564344650402315f,-27.95760288685979f,0f,1f,0f,2.6875f,-0.1564344650402315f,0f,-0.9876883405951377f,0.06192603192671199f,0f,0f,0f,1f],start_interpolation:0}
execute if entity @s[tag=aj.stage.bone.waist] run data modify entity @s {} merge value {transformation:[-0.9876883405951377f,0f,0.1564344650402315f,-27.948046632777817f,0f,1f,0f,3.5f,-0.1564344650402315f,0f,-0.9876883405951377f,0.07150767535220713f,0f,0f,0f,1f],start_interpolation:0}
execute if entity @s[tag=aj.stage.bone.right_leg] run data modify entity @s {} merge value {transformation:[-0.9876883405951377f,0f,0.1564344650402315f,-27.83332759252457f,0f,1f,0f,2.6875f,-0.1564344650402315f,0f,-0.9876883405951377f,0.02639831597553552f,0f,0f,0f,1f],start_interpolation:0}
execute if entity @s[tag=aj.stage.bone.left_leg] run data modify entity @s {} merge value {transformation:[-0.9876883405951377f,0f,0.1564344650402315f,-28.043211364901037f,0f,1f,0f,2.6875f,-0.1564344650402315f,0f,-0.9876883405951377f,-0.006844007845513464f,0f,0f,0f,1f],start_interpolation:0}
execute if entity @s[tag=aj.stage.bone.platform] run data modify entity @s {} merge value {transformation:[0.31286893008046257f,0f,1.9753766811902753f,-28f,0f,2f,0f,3f,-1.9753766811902753f,0f,0.31286893008046257f,-3.429011037612589e-15f,0f,0f,0f,1f],start_interpolation:0}