execute if entity @s[tag=aj.stage.bone.left_straight] run data modify entity @s {} merge value {transformation:[-0.37940952255126065f,-0.04995021125231485f,-0.9238795325112866f,-27.909370658014055f,-0.13052619222005157f,0.9914448613738104f,0f,2.988269107414599f,0.9159756150367533f,0.12059047744873959f,-0.38268343236509006f,-0.07630156321459225f,0f,0f,0f,1f],start_interpolation:0}
execute if entity @s[tag=aj.stage.bone.left_bend] run data modify entity @s {} merge value {transformation:[-0.37940952255126065f,-0.04995021125231485f,-0.9238795325112866f,-27.825803526382064f,-0.13052619222005157f,0.9914448613738104f,0f,3.0469581769848215f,0.9159756150367533f,0.12059047744873959f,-0.38268343236509006f,-0.420547489125991f,0f,0f,0f,1f],start_interpolation:0}
execute if entity @s[tag=aj.stage.bone.right_straight] run data modify entity @s {} merge value {transformation:[0.23645885225608804f,-0.19880921400189697f,-0.9510847005486321f,-28.021547197332406f,0.2621381217925294f,0.9556002056484896f,-0.13458028112487153f,2.968550907607225f,0.935612535343995f,-0.2174928582563399f,0.2780756017968298f,-0.06904146215946155f,0f,0f,0f,1f],start_interpolation:0}
execute if entity @s[tag=aj.stage.bone.microphone] run data modify entity @s {} merge value {transformation:[0.23645885225608804f,-0.1319806098064447f,-0.9626361357360591f,-27.66103715929174f,0.2621381217925294f,0.9626602574225924f,-0.06759314966883313f,3.29536701528161f,0.935612535343995f,-0.23636063000040267f,0.2622266887503905f,0.10139046720985845f,0f,0f,0f,1f],start_interpolation:0}
execute if entity @s[tag=aj.stage.bone.right_bend] run data modify entity @s {} merge value {transformation:[0.23645885225608804f,-0.9626361357360591f,0.13198060980644447f,-28.04618072781632f,0.2621381217925294f,-0.06759314966883292f,-0.9626602574225924f,3.148768059018862f,0.935612535343995f,0.26222668875039046f,0.23636063000040272f,0.24240747610455826f,0f,0f,0f,1f],start_interpolation:0}
execute if entity @s[tag=aj.stage.bone.head] run data modify entity @s {} merge value {transformation:[-0.38268343236509006f,0f,-0.9238795325112866f,-27.918339814695226f,0f,1f,0f,3.4375f,0.9238795325112866f,0f,-0.38268343236509006f,-0.033824756259140734f,0f,0f,0f,1f],start_interpolation:0}
execute if entity @s[tag=aj.stage.bone.outfit] run data modify entity @s {} merge value {transformation:[-0.38268343236509006f,0f,-0.9238795325112866f,-27.918339814695226f,0f,1f,0f,2f,0.9238795325112866f,0f,-0.38268343236509006f,-0.033824756259140734f,0f,0f,0f,1f],start_interpolation:0}
execute if entity @s[tag=aj.stage.bone.chest] run data modify entity @s {} merge value {transformation:[-0.38268343236509006f,0f,-0.9238795325112866f,-27.92988757976142f,0f,1f,0f,2.6875f,0.9238795325112866f,0f,-0.38268343236509006f,-0.026769332473957193f,0f,0f,0f,1f],start_interpolation:0}
execute if entity @s[tag=aj.stage.bone.waist] run data modify entity @s {} merge value {transformation:[-0.38268343236509006f,0f,-0.9238795325112866f,-27.918339814695226f,0f,1f,0f,3.5f,0.9238795325112866f,0f,-0.38268343236509006f,-0.033824756259140734f,0f,0f,0f,1f],start_interpolation:0}
execute if entity @s[tag=aj.stage.bone.right_leg] run data modify entity @s {} merge value {transformation:[-0.38268343236509006f,0f,-0.9238795325112866f,-27.935422170788392f,0f,1f,0f,2.6875f,0.9238795325112866f,0f,-0.38268343236509006f,-0.15590467111128242f,0f,0f,0f,1f],start_interpolation:0}
execute if entity @s[tag=aj.stage.bone.left_leg] run data modify entity @s {} merge value {transformation:[-0.38268343236509006f,0f,-0.9238795325112866f,-28.016742400165974f,0f,1f,0f,2.6875f,0.9238795325112866f,0f,-0.38268343236509006f,0.04041972954736468f,0f,0f,0f,1f],start_interpolation:0}
execute if entity @s[tag=aj.stage.bone.platform] run data modify entity @s {} merge value {transformation:[-1.8477590650225735f,0f,0.7653668647301797f,-28f,0f,2f,0f,3f,-0.7653668647301797f,0f,-1.8477590650225735f,-3.429011037612589e-15f,0f,0f,0f,1f],start_interpolation:0}