execute if entity @s[tag=aj.stage.bone.left_straight] run data modify entity @s {} merge value {transformation:[-0.9931237623007012f,-0.0868870706795258f,-0.0784590957278448f,-27.909303705159722f,-0.08715574274765818f,0.9961946980917455f,0f,3.0018115019836387f,0.07816053518115172f,0.006838160763469929f,-0.9969173337331279f,0.04756191824191444f,0f,0f,0f,1f],start_interpolation:0}
execute if entity @s[tag=aj.stage.bone.left_bend] run data modify entity @s {} merge value {transformation:[-0.9931237623007012f,-0.0868870706795258f,-0.0784590957278448f,-27.562419681666096f,-0.08715574274765818f,0.9961946980917455f,0f,3.0451769882155957f,0.07816053518115172f,0.006838160763469929f,-0.9969173337331279f,-0.034438317925741625f,0f,0f,0f,1f],start_interpolation:0}
execute if entity @s[tag=aj.stage.bone.right_straight] run data modify entity @s {} merge value {transformation:[-0.7262868006003382f,0.10353006125322702f,-0.6795505939152927f,-27.948265829661345f,0.2621381217925294f,0.9556002056484896f,-0.13458028112487153f,2.968550907607225f,0.6354455825456726f,-0.27587999815402975f,-0.7211789918194533f,-0.0505428613096727f,0f,0f,0f,1f],start_interpolation:0}
execute if entity @s[tag=aj.stage.bone.microphone] run data modify entity @s {} merge value {transformation:[-0.7262868006003382f,0.09165449996373187f,-0.6812539437758304f,-27.939331877208197f,0.2621381217925294f,0.9531059133439806f,-0.15123730707673125f,3.3291190636437893f,0.6354455825456726f,-0.28842428917331964f,-0.7162543829101891f,0.3308351184874744f,0f,0f,0f,1f],start_interpolation:0}
execute if entity @s[tag=aj.stage.bone.right_bend] run data modify entity @s {} merge value {transformation:[-0.7262868006003382f,-0.6812539437758304f,-0.09165449996373203f,-28.236952254420867f,0.2621381217925294f,-0.15123730707673103f,-0.9531059133439806f,3.148768059018862f,0.6354455825456726f,-0.7162543829101892f,0.28842428917331947f,0.06890336144119906f,0f,0f,0f,1f],start_interpolation:0}
execute if entity @s[tag=aj.stage.bone.head] run data modify entity @s {} merge value {transformation:[-0.9969173337331279f,0f,-0.0784590957278448f,-27.93278897315869f,0f,1f,0f,3.4375f,0.0784590957278448f,0f,-0.9969173337331279f,0.05740363987532675f,0f,0f,0f,1f],start_interpolation:0}
execute if entity @s[tag=aj.stage.bone.outfit] run data modify entity @s {} merge value {transformation:[-0.9969173337331279f,0f,-0.0784590957278448f,-27.93278897315869f,0f,1f,0f,2f,0.0784590957278448f,0f,-0.9969173337331279f,0.05740363987532675f,0f,0f,0f,1f],start_interpolation:0}
execute if entity @s[tag=aj.stage.bone.chest] run data modify entity @s {} merge value {transformation:[-0.9969173337331279f,0f,-0.0784590957278448f,-27.944317977415476f,0f,1f,0f,2.6875f,0.0784590957278448f,0f,-0.9969173337331279f,0.05031760123166425f,0f,0f,0f,1f],start_interpolation:0}
execute if entity @s[tag=aj.stage.bone.waist] run data modify entity @s {} merge value {transformation:[-0.9969173337331279f,0f,-0.0784590957278448f,-27.93278897315869f,0f,1f,0f,3.5f,0.0784590957278448f,0f,-0.9969173337331279f,0.05740363987532675f,0f,0f,0f,1f],start_interpolation:0}
execute if entity @s[tag=aj.stage.bone.right_leg] run data modify entity @s {} merge value {transformation:[-0.9969173337331279f,0f,-0.0784590957278448f,-27.831770199932535f,0f,1f,0f,2.6875f,0.0784590957278448f,0f,-0.9969173337331279f,-0.013239972404077191f,0f,0f,0f,1f],start_interpolation:0}
execute if entity @s[tag=aj.stage.bone.left_leg] run data modify entity @s {} merge value {transformation:[-0.9969173337331279f,0f,-0.0784590957278448f,-28.043615133350823f,0f,1f,0f,2.6875f,0.0784590957278448f,0f,-0.9969173337331279f,0.0034325854380897122f,0f,0f,0f,1f],start_interpolation:0}
execute if entity @s[tag=aj.stage.bone.platform] run data modify entity @s {} merge value {transformation:[-0.15691819145569005f,0f,1.9938346674662557f,-28f,0f,2f,0f,3f,-1.9938346674662557f,0f,-0.15691819145569005f,-3.429011037612589e-15f,0f,0f,0f,1f],start_interpolation:0}