execute if entity @s[tag=aj.stage.bone.left_straight] run data modify entity @s {} merge value {transformation:[-0.9931237623007014f,-0.08688707067952581f,0.07845909572784539f,-27.91786065028754f,-0.08715574274765818f,0.9961946980917455f,0f,3.0018115019836387f,-0.0781605351811523f,-0.006838160763469979f,-0.9969173337331281f,0.061164378468348f,0f,0f,0f,1f],start_interpolation:0}
execute if entity @s[tag=aj.stage.bone.left_bend] run data modify entity @s {} merge value {transformation:[-0.9931237623007014f,-0.08688707067952581f,0.07845909572784539f,-27.562419681666096f,-0.08715574274765818f,0.9961946980917455f,0f,3.0451769882155957f,-0.0781605351811523f,-0.006838160763469979f,-0.9969173337331281f,0.03443831792573499f,0f,0f,0f,1f],start_interpolation:0}
execute if entity @s[tag=aj.stage.bone.right_straight] run data modify entity @s {} merge value {transformation:[-0.8167505946488104f,0.1454125743274384f,-0.5583669486711065f,-27.940996117675567f,0.2621381217925294f,0.9556002056484896f,-0.13458028112487153f,2.968550907607225f,0.5140059058453511f,-0.2562877878324124f,-0.8186052153291405f,-0.04182758755465299f,0f,0f,0f,1f],start_interpolation:0}
execute if entity @s[tag=aj.stage.bone.microphone] run data modify entity @s {} merge value {transformation:[-0.8167505946488104f,0.1356455803586927f,-0.560819706028567f,-27.991832817249854f,0.2621381217925294f,0.9531059133439806f,-0.15123730707673125f,3.3291190636437893f,0.5140059058453511f,-0.270535384890572f,-0.8140076991516789f,0.3362525745234197f,0f,0f,0f,1f],start_interpolation:0}
execute if entity @s[tag=aj.stage.bone.right_bend] run data modify entity @s {} merge value {transformation:[-0.8167505946488104f,-0.560819706028567f,-0.1356455803586928f,-28.24481383945575f,0.2621381217925294f,-0.15123730707673103f,-0.9531059133439806f,3.148768059018862f,0.5140059058453511f,-0.814007699151679f,0.27053538489057183f,0.030987547562879608f,0f,0f,0f,1f],start_interpolation:0}
execute if entity @s[tag=aj.stage.bone.head] run data modify entity @s {} merge value {transformation:[-0.9969173337331281f,0f,0.07845909572784539f,-27.94259636012467f,0f,1f,0f,3.4375f,-0.07845909572784539f,0f,-0.9969173337331281f,0.0672110268413074f,0f,0f,0f,1f],start_interpolation:0}
execute if entity @s[tag=aj.stage.bone.outfit] run data modify entity @s {} merge value {transformation:[-0.9969173337331281f,0f,0.07845909572784539f,-27.94259636012467f,0f,1f,0f,2f,-0.07845909572784539f,0f,-0.9969173337331281f,0.0672110268413074f,0f,0f,0f,1f],start_interpolation:0}
execute if entity @s[tag=aj.stage.bone.chest] run data modify entity @s {} merge value {transformation:[-0.9969173337331281f,0f,0.07845909572784539f,-27.952874922543298f,0f,1f,0f,2.6875f,-0.07845909572784539f,0f,-0.9969173337331281f,0.05840869547859818f,0f,0f,0f,1f],start_interpolation:0}
execute if entity @s[tag=aj.stage.bone.waist] run data modify entity @s {} merge value {transformation:[-0.9969173337331281f,0f,0.07845909572784539f,-27.94259636012467f,0f,1f,0f,3.5f,-0.07845909572784539f,0f,-0.9969173337331281f,0.0672110268413074f,0f,0f,0f,1f],start_interpolation:0}
execute if entity @s[tag=aj.stage.bone.right_leg] run data modify entity @s {} merge value {transformation:[-0.9969173337331281f,0f,0.07845909572784539f,-27.83177019993254f,0f,1f,0f,2.6875f,-0.07845909572784539f,0f,-0.9969173337331281f,0.013239972404070419f,0f,0f,0f,1f],start_interpolation:0}
execute if entity @s[tag=aj.stage.bone.left_leg] run data modify entity @s {} merge value {transformation:[-0.9969173337331281f,0f,0.07845909572784539f,-28.043615133350826f,0f,1f,0f,2.6875f,-0.07845909572784539f,0f,-0.9969173337331281f,-0.0034325854380966164f,0f,0f,0f,1f],start_interpolation:0}
execute if entity @s[tag=aj.stage.bone.platform] run data modify entity @s {} merge value {transformation:[0.15691819145569033f,0f,1.9938346674662561f,-28f,0f,2f,0f,3f,-1.9938346674662561f,0f,0.15691819145569033f,-3.429011037612589e-15f,0f,0f,0f,1f],start_interpolation:0}