execute if entity @s[tag=aj.stage.bone.left_straight] run data modify entity @s {} merge value {transformation:[-0.6759531272430577f,-0.0621113669661885f,-0.7343225094356853f,-27.8998776429042f,-0.0915016186634024f,0.9958049275746618f,0f,3.000421110195143f,0.7312419733250465f,0.06719169823433678f,-0.6788007455329419f,-0.027977061955484883f,0f,0f,0f,1f],start_interpolation:0}
execute if entity @s[tag=aj.stage.bone.left_bend] run data modify entity @s {} merge value {transformation:[-0.6759531272430577f,-0.0621113669661885f,-0.7343225094356853f,-27.70094543451492f,-0.0915016186634024f,0.9958049275746618f,0f,3.045323152159502f,0.7312419733250465f,0.06719169823433678f,-0.6788007455329419f,-0.3235154062961269f,0f,0f,0f,1f],start_interpolation:0}
execute if entity @s[tag=aj.stage.bone.right_straight] run data modify entity @s {} merge value {transformation:[-0.10198781080923891f,-0.11124309404308207f,-0.9885461347221286f,-27.996318966151716f,0.2621381217925294f,0.9556002056484896f,-0.13458028112487153f,2.968550907607225f,0.9596260165030039f,-0.2728611753113411f,-0.0682985172481047f,-0.07223195414638742f,0f,0f,0f,1f],start_interpolation:0}
execute if entity @s[tag=aj.stage.bone.microphone] run data modify entity @s {} merge value {transformation:[-0.10198781080923891f,-0.11986544118336173f,-0.9875377271052771f,-27.729361542368974f,0.2621381217925294f,0.9543893997201639f,-0.14291423583698823f,3.3258016811703803f,0.9596260165030039f,-0.2734467950291305f,-0.06591478391736381f,0.2028255702441841f,0f,0f,0f,1f],start_interpolation:0}
execute if entity @s[tag=aj.stage.bone.right_bend] run data modify entity @s {} merge value {transformation:[-0.10198781080923891f,-0.9875377271052771f,0.11986544118336151f,-28.127227720966758f,0.2621381217925294f,-0.142914235836988f,-0.9543893997201639f,3.148768059018862f,0.9596260165030039f,-0.06591478391736387f,0.2734467950291305f,0.211440656238651f,0f,0f,0f,1f],start_interpolation:0}
execute if entity @s[tag=aj.stage.bone.head] run data modify entity @s {} merge value {transformation:[-0.6788007455329419f,0f,-0.7343225094356853f,-27.91167979656446f,0f,1f,0f,3.4375f,0.7343225094356853f,0f,-0.6788007455329419f,-0.003470110243924908f,0f,0f,0f,1f],start_interpolation:0}
execute if entity @s[tag=aj.stage.bone.outfit] run data modify entity @s {} merge value {transformation:[-0.6788007455329419f,0f,-0.7343225094356853f,-27.91167979656446f,0f,1f,0f,2f,0.7343225094356853f,0f,-0.6788007455329419f,-0.003470110243924908f,0f,0f,0f,1f],start_interpolation:0}
execute if entity @s[tag=aj.stage.bone.chest] run data modify entity @s {} merge value {transformation:[-0.6788007455329419f,0f,-0.7343225094356853f,-27.924955812215792f,0f,1f,0f,2.6875f,0.7343225094356853f,0f,-0.6788007455329419f,-0.0008476512379372056f,0f,0f,0f,1f],start_interpolation:0}
execute if entity @s[tag=aj.stage.bone.waist] run data modify entity @s {} merge value {transformation:[-0.6788007455329419f,0f,-0.7343225094356853f,-27.91167979656446f,0f,1f,0f,3.5f,0.7343225094356853f,0f,-0.6788007455329419f,-0.003470110243924908f,0f,0f,0f,1f],start_interpolation:0}
execute if entity @s[tag=aj.stage.bone.right_leg] run data modify entity @s {} merge value {transformation:[-0.6788007455329419f,0f,-0.7343225094356853f,-27.885452374191317f,0f,1f,0f,2.6875f,0.7343225094356853f,0f,-0.6788007455329419f,-0.12391692346727481f,0f,0f,0f,1f],start_interpolation:0}
execute if entity @s[tag=aj.stage.bone.left_leg] run data modify entity @s {} merge value {transformation:[-0.6788007455329419f,0f,-0.7343225094356853f,-28.029697532617064f,0f,1f,0f,2.6875f,0.7343225094356853f,0f,-0.6788007455329419f,0.032126609787807264f,0f,0f,0f,1f],start_interpolation:0}
execute if entity @s[tag=aj.stage.bone.platform] run data modify entity @s {} merge value {transformation:[-1.4686450188713709f,0f,1.3576014910658836f,-28f,0f,2f,0f,3f,-1.3576014910658836f,0f,-1.4686450188713709f,-3.429011037612589e-15f,0f,0f,0f,1f],start_interpolation:0}