execute if entity @s[tag=aj.stage.bone.left_straight] run data modify entity @s {} merge value {transformation:[-0.46800723731737415f,-0.05642791249690338f,-0.8819212643483548f,-27.9045333076114f,-0.11970365530496252f,0.992809667009055f,0f,2.9915788637930123f,0.875579956785895f,0.10556919903367219f,-0.4713967368259979f,-0.06292545903953012f,0f,0f,0f,1f],start_interpolation:0}
execute if entity @s[tag=aj.stage.bone.left_bend] run data modify entity @s {} merge value {transformation:[-0.46800723731737415f,-0.05642791249690338f,-0.8819212643483548f,-27.7873346084781f,-0.11970365530496252f,0.992809667009055f,0f,3.0464463748716044f,0.875579956785895f,0.10556919903367219f,-0.4713967368259979f,-0.39786896327914967f,0f,0f,0f,1f],start_interpolation:0}
execute if entity @s[tag=aj.stage.bone.right_straight] run data modify entity @s {} merge value {transformation:[0.14361417308078794f,-0.17653386528800322f,-0.9737611430411457f,-28.01467619500276f,0.2621381217925294f,0.9556002056484896f,-0.13458028112487153f,2.968550907607225f,0.9542843257611467f,-0.23593228132462407f,0.18351398920941125f,-0.07082100331285177f,0f,0f,0f,1f],start_interpolation:0}
execute if entity @s[tag=aj.stage.bone.microphone] run data modify entity @s {} merge value {transformation:[0.14361417308078794f,-0.12961132923295499f,-0.981109511025547f,-27.67634043232976f,0.2621381217925294f,0.9609566335609285f,-0.08857738717264321f,3.303920275912716f,0.9542843257611467f,-0.24446523628056785f,0.17198306270351044f,0.13233867108615543f,0f,0f,0f,1f],start_interpolation:0}
execute if entity @s[tag=aj.stage.bone.right_bend] run data modify entity @s {} merge value {transformation:[0.14361417308078794f,-0.981109511025547f,0.12961132923295476f,-28.069718442591686f,0.2621381217925294f,-0.088577387172643f,-0.9609566335609285f,3.148768059018862f,0.9542843257611467f,0.17198306270351038f,0.24446523628056788f,0.23671371497151825f,0f,0f,0f,1f],start_interpolation:0}
execute if entity @s[tag=aj.stage.bone.head] run data modify entity @s {} merge value {transformation:[-0.4713967368259979f,0f,-0.8819212643483548f,-27.915417624926604f,0f,1f,0f,3.4375f,0.8819212643483548f,0f,-0.4713967368259979f,-0.025657782970150755f,0f,0f,0f,1f],start_interpolation:0}
execute if entity @s[tag=aj.stage.bone.outfit] run data modify entity @s {} merge value {transformation:[-0.4713967368259979f,0f,-0.8819212643483548f,-27.915417624926604f,0f,1f,0f,2f,0.8819212643483548f,0f,-0.4713967368259979f,-0.025657782970150755f,0f,0f,0f,1f],start_interpolation:0}
execute if entity @s[tag=aj.stage.bone.chest] run data modify entity @s {} merge value {transformation:[-0.4713967368259979f,0f,-0.8819212643483548f,-27.927601336810916f,0f,1f,0f,2.6875f,0.8819212643483548f,0f,-0.4713967368259979f,-0.019768211887922167f,0f,0f,0f,1f],start_interpolation:0}
execute if entity @s[tag=aj.stage.bone.waist] run data modify entity @s {} merge value {transformation:[-0.4713967368259979f,0f,-0.8819212643483548f,-27.915417624926604f,0f,1f,0f,3.5f,0.8819212643483548f,0f,-0.4713967368259979f,-0.025657782970150755f,0f,0f,0f,1f],start_interpolation:0}
execute if entity @s[tag=aj.stage.bone.right_leg] run data modify entity @s {} merge value {transformation:[-0.4713967368259979f,0f,-0.8819212643483548f,-27.920451800660615f,0f,1f,0f,2.6875f,0.8819212643483548f,0f,-0.4713967368259979f,-0.1488242133587877f,0f,0f,0f,1f],start_interpolation:0}
execute if entity @s[tag=aj.stage.bone.left_leg] run data modify entity @s {} merge value {transformation:[-0.4713967368259979f,0f,-0.8819212643483548f,-28.02062360723614f,0f,1f,0f,2.6875f,0.8819212643483548f,0f,-0.4713967368259979f,0.038584055315236454f,0f,0f,0f,1f],start_interpolation:0}
execute if entity @s[tag=aj.stage.bone.platform] run data modify entity @s {} merge value {transformation:[-1.7638425286967099f,0f,0.9427934736519954f,-28f,0f,2f,0f,3f,-0.9427934736519954f,0f,-1.7638425286967099f,-3.429011037612589e-15f,0f,0f,0f,1f],start_interpolation:0}