execute if entity @s[tag=aj.stage.bone.left_straight] run data modify entity @s {} merge value {transformation:[-0.9806805277918026f,-0.08579842872240259f,-0.17579627993435443f,-27.905078549394535f,-0.08715574274765818f,0.9961946980917455f,0f,3.0018115019836387f,0.1751273220148562f,0.015321655349953897f,-0.9844265680898915f,0.038443103146854285f,0f,0f,0f,1f],start_interpolation:0}
execute if entity @s[tag=aj.stage.bone.left_bend] run data modify entity @s {} merge value {transformation:[-0.9806805277918026f,-0.08579842872240259f,-0.17579627993435443f,-27.56790229594258f,-0.08715574274765818f,0.9961946980917455f,0f,3.0451769882155957f,0.1751273220148562f,0.015321655349953897f,-0.9844265680898915f,-0.07716285947956762f,0f,0f,0f,1f],start_interpolation:0}
execute if entity @s[tag=aj.stage.bone.right_straight] run data modify entity @s {} merge value {transformation:[-0.6605049723048935f,0.07599056721746605f,-0.7469662745094181f,-27.95346901056156f,0.2621381217925294f,0.9556002056484896f,-0.13458028112487153f,2.968550907607225f,0.703574293634721f,-0.2846992810994298f,-0.6510987119307415f,-0.05537031905161477f,0f,0f,0f,1f],start_interpolation:0}
execute if entity @s[tag=aj.stage.bone.microphone] run data modify entity @s {} merge value {transformation:[-0.6605049723048935f,0.06294263446832832f,-0.7481787261922769f,-27.907196498566993f,0.2621381217925294f,0.9531059133439806f,-0.15123730707673125f,3.3291190636437893f,0.703574293634721f,-0.2960191593713536f,-0.6460308588770973f,0.32329554106030595f,0f,0f,0f,1f],start_interpolation:0}
execute if entity @s[tag=aj.stage.bone.right_bend] run data modify entity @s {} merge value {transformation:[-0.6605049723048935f,-0.7481787261922769f,-0.06294263446832848f,-28.22905755410263f,0.2621381217925294f,-0.15123730707673103f,-0.9531059133439806f,3.148768059018862f,0.703574293634721f,-0.6460308588770974f,0.2960191593713534f,0.09179695529563124f,0f,0f,0f,1f],start_interpolation:0}
execute if entity @s[tag=aj.stage.bone.head] run data modify entity @s {} merge value {transformation:[-0.9844265680898915f,0f,-0.17579627993435443f,-27.927486071998484f,0f,1f,0f,3.4375f,0.17579627993435443f,0f,-0.9844265680898915f,0.050539393009717624f,0f,0f,0f,1f],start_interpolation:0}
execute if entity @s[tag=aj.stage.bone.outfit] run data modify entity @s {} merge value {transformation:[-0.9844265680898915f,0f,-0.17579627993435443f,-27.927486071998484f,0f,1f,0f,2f,0.17579627993435443f,0f,-0.9844265680898915f,0.05053939300971763f,0f,0f,0f,1f],start_interpolation:0}
execute if entity @s[tag=aj.stage.bone.chest] run data modify entity @s {} merge value {transformation:[-0.9844265680898915f,0f,-0.17579627993435443f,-27.939654114192695f,0f,1f,0f,2.6875f,0.17579627993435443f,0f,-0.9844265680898915f,0.044617515607033434f,0f,0f,0f,1f],start_interpolation:0}
execute if entity @s[tag=aj.stage.bone.waist] run data modify entity @s {} merge value {transformation:[-0.9844265680898915f,0f,-0.17579627993435443f,-27.927486071998484f,0f,1f,0f,3.5f,0.17579627993435443f,0f,-0.9844265680898915f,0.050539393009717624f,0f,0f,0f,1f],start_interpolation:0}
execute if entity @s[tag=aj.stage.bone.right_leg] run data modify entity @s {} merge value {transformation:[-0.9844265680898915f,0f,-0.17579627993435443f,-27.83387801663483f,0f,1f,0f,2.6875f,0.17579627993435443f,0f,-0.9844265680898915f,-0.029665622238925625f,0f,0f,0f,1f],start_interpolation:0}
execute if entity @s[tag=aj.stage.bone.left_leg] run data modify entity @s {} merge value {transformation:[-0.9844265680898915f,0f,-0.17579627993435443f,-28.04306866235393f,0f,1f,0f,2.6875f,0.17579627993435443f,0f,-0.9844265680898915f,0.007691087247124438f,0f,0f,0f,1f],start_interpolation:0}
execute if entity @s[tag=aj.stage.bone.platform] run data modify entity @s {} merge value {transformation:[-0.3515925598687093f,0f,1.968853136179783f,-28f,0f,2f,0f,3f,-1.968853136179783f,0f,-0.3515925598687093f,-3.429011037612589e-15f,0f,0f,0f,1f],start_interpolation:0}