execute if entity @s[tag=aj.stage.bone.left_straight] run data modify entity @s {} merge value {transformation:[-0.8283056194001948f,-0.07246735163233571f,0.5555702330196023f,-27.95821995989492f,-0.08715574274765818f,0.9961946980917455f,0f,3.0018115019836387f,-0.5534561205517234f,-0.04842113630731297f,-0.8314696123025452f,0.0935007070209771f,0f,0f,0f,1f],start_interpolation:0}
execute if entity @s[tag=aj.stage.bone.left_bend] run data modify entity @s {} merge value {transformation:[-0.8283056194001948f,-0.07246735163233571f,0.5555702330196023f,-27.635040213139966f,-0.08715574274765818f,0.9961946980917455f,0f,3.0451769882155957f,-0.5534561205517234f,-0.04842113630731297f,-0.8314696123025452f,0.24385833327945233f,0f,0f,0f,1f],start_interpolation:0}
execute if entity @s[tag=aj.stage.bone.right_straight] run data modify entity @s {} merge value {transformation:[-0.963765836456342f,0.2520995475500478f,-0.08718503658695548f,-27.928081500510366f,0.2621381217925294f,0.9556002056484896f,-0.13458028112487153f,2.968550907607225f,0.04938641091122736f,-0.15255839894815892f,-0.9870597334141848f,-0.007663852892417847f,0f,0f,0f,1f],start_interpolation:0}
execute if entity @s[tag=aj.stage.bone.microphone] run data modify entity @s {} merge value {transformation:[-0.963765836456342f,0.25053956287411944f,-0.09157150165009183f,-28.157174316081647f,0.2621381217925294f,0.9531059133439806f,-0.15123730707673125f,3.3291190636437893f,0.04938641091122736f,-0.16976173121048713f,-0.9842468882519902f,0.29736968761454036f,0f,0f,0f,1f],start_interpolation:0}
execute if entity @s[tag=aj.stage.bone.right_bend] run data modify entity @s {} merge value {transformation:[-0.963765836456342f,-0.09157150165009177f,-0.25053956287411944f,-28.22874027136243f,0.2621381217925294f,-0.15123730707673103f,-0.9531059133439806f,3.148768059018862f,0.04938641091122736f,-0.9842468882519902f,0.1697617312104869f,-0.09258473065291545f,0f,0f,0f,1f],start_interpolation:0}
execute if entity @s[tag=aj.stage.bone.head] run data modify entity @s {} merge value {transformation:[-0.8314696123025452f,0f,0.5555702330196023f,-27.982756288794818f,0f,1f,0f,3.4375f,-0.5555702330196023f,0f,-0.8314696123025452f,0.08668999033263079f,0f,0f,0f,1f],start_interpolation:0}
execute if entity @s[tag=aj.stage.bone.outfit] run data modify entity @s {} merge value {transformation:[-0.8314696123025452f,0f,0.5555702330196023f,-27.982756288794818f,0f,1f,0f,2f,-0.5555702330196023f,0f,-0.8314696123025452f,0.08668999033263079f,0f,0f,0f,1f],start_interpolation:0}
execute if entity @s[tag=aj.stage.bone.chest] run data modify entity @s {} merge value {transformation:[-0.8314696123025452f,0f,0.5555702330196023f,-27.987423287385003f,0f,1f,0f,2.6875f,-0.5555702330196023f,0f,-0.8314696123025452f,0.0739876674359426f,0f,0f,0f,1f],start_interpolation:0}
execute if entity @s[tag=aj.stage.bone.waist] run data modify entity @s {} merge value {transformation:[-0.8314696123025452f,0f,0.5555702330196023f,-27.982756288794818f,0f,1f,0f,3.5f,-0.5555702330196023f,0f,-0.8314696123025452f,0.08668999033263079f,0f,0f,0f,1f],start_interpolation:0}
execute if entity @s[tag=aj.stage.bone.right_leg] run data modify entity @s {} merge value {transformation:[-0.8314696123025452f,0f,0.5555702330196023f,-27.85968950292395f,0f,1f,0f,2.6875f,-0.5555702330196023f,0f,-0.8314696123025452f,0.09375247682205406f,0f,0f,0f,1f],start_interpolation:0}
execute if entity @s[tag=aj.stage.bone.left_leg] run data modify entity @s {} merge value {transformation:[-0.8314696123025452f,0f,0.5555702330196023f,-28.03637679553824f,0f,1f,0f,2.6875f,-0.5555702330196023f,0f,-0.8314696123025452f,-0.024306197694610635f,0f,0f,0f,1f],start_interpolation:0}
execute if entity @s[tag=aj.stage.bone.platform] run data modify entity @s {} merge value {transformation:[1.1111404660392041f,0f,1.6629392246050907f,-28f,0f,2f,0f,3f,-1.6629392246050907f,0f,1.1111404660392041f,-3.429011037612589e-15f,0f,0f,0f,1f],start_interpolation:0}