execute if entity @s[tag=aj.stage.bone.left_straight] run data modify entity @s {} merge value {transformation:[-0.8876159753616065f,-0.07765633540864644f,0.4539904997395471f,-27.947519730277616f,-0.08715574274765818f,0.9961946980917455f,0f,3.0018115019836387f,-0.45226292882455876f,-0.03956787920518074f,-0.8910065241883677f,0.08794188566588099f,0f,0f,0f,1f],start_interpolation:0}
execute if entity @s[tag=aj.stage.bone.left_bend] run data modify entity @s {} merge value {transformation:[-0.8876159753616065f,-0.07765633540864644f,0.4539904997395471f,-27.60890747377023f,-0.08715574274765818f,0.9961946980917455f,0f,3.0451769882155957f,-0.45226292882455876f,-0.03956787920518074f,-0.8910065241883677f,0.1992715952211303f,0f,0f,0f,1f],start_interpolation:0}
execute if entity @s[tag=aj.stage.bone.right_straight] run data modify entity @s {} merge value {transformation:[-0.9512807018672843f,0.23242079151185996f,-0.20259714195389666f,-27.929480796008786f,0.2621381217925294f,0.9556002056484896f,-0.13458028112487153f,2.968550907607225f,0.1623226150540087f,-0.18113205855829317f,-0.9699703840862683f,-0.016063843825287763f,0f,0f,0f,1f],start_interpolation:0}
execute if entity @s[tag=aj.stage.bone.microphone] run data modify entity @s {} merge value {transformation:[-0.9512807018672843f,0.22884958503514585f,-0.20662258754581594f,-28.12113279637908f,0.2621381217925294f,0.9531059133439806f,-0.15123730707673125f,3.3291190636437893f,0.1623226150540087f,-0.1980327886436436f,-0.9666614625938339f,0.3137823168839923f,0f,0f,0f,1f],start_interpolation:0}
execute if entity @s[tag=aj.stage.bone.right_bend] run data modify entity @s {} merge value {transformation:[-0.9512807018672843f,-0.2066225875458159f,-0.2288495850351459f,-28.23803691661061f,0.2621381217925294f,-0.15123730707673103f,-0.9531059133439806f,3.148768059018862f,0.1623226150540087f,-0.9666614625938339f,0.19803278864364338f,-0.06505743941733913f,0f,0f,0f,1f],start_interpolation:0}
execute if entity @s[tag=aj.stage.bone.head] run data modify entity @s {} merge value {transformation:[-0.8910065241883677f,0f,0.4539904997395471f,-27.972686498471948f,0f,1f,0f,3.4375f,-0.4539904997395471f,0f,-0.8910065241883677f,0.08406231399549123f,0f,0f,0f,1f],start_interpolation:0}
execute if entity @s[tag=aj.stage.bone.outfit] run data modify entity @s {} merge value {transformation:[-0.8910065241883677f,0f,0.4539904997395471f,-27.972686498471948f,0f,1f,0f,2f,-0.4539904997395471f,0f,-0.8910065241883677f,0.08406231399549123f,0f,0f,0f,1f],start_interpolation:0}
execute if entity @s[tag=aj.stage.bone.chest] run data modify entity @s {} merge value {transformation:[-0.8910065241883677f,0f,0.4539904997395471f,-27.97881414553546f,0f,1f,0f,2.6875f,-0.4539904997395471f,0f,-0.8910065241883677f,0.07199658466496356f,0f,0f,0f,1f],start_interpolation:0}
execute if entity @s[tag=aj.stage.bone.waist] run data modify entity @s {} merge value {transformation:[-0.8910065241883677f,0f,0.4539904997395471f,-27.972686498471948f,0f,1f,0f,3.5f,-0.4539904997395471f,0f,-0.8910065241883677f,0.08406231399549123f,0f,0f,0f,1f],start_interpolation:0}
execute if entity @s[tag=aj.stage.bone.right_leg] run data modify entity @s {} merge value {transformation:[-0.8910065241883677f,0f,0.4539904997395471f,-27.84964264904321f,0f,1f,0f,2.6875f,-0.4539904997395471f,0f,-0.8910065241883677f,0.0766108968310448f,0f,0f,0f,1f],start_interpolation:0}
execute if entity @s[tag=aj.stage.bone.left_leg] run data modify entity @s {} merge value {transformation:[-0.8910065241883677f,0f,0.4539904997395471f,-28.03898153543324f,0f,1f,0f,2.6875f,-0.4539904997395471f,0f,-0.8910065241883677f,-0.0198620843636083f,0f,0f,0f,1f],start_interpolation:0}
execute if entity @s[tag=aj.stage.bone.platform] run data modify entity @s {} merge value {transformation:[0.9079809994790937f,0f,1.7820130483767356f,-28f,0f,2f,0f,3f,-1.7820130483767356f,0f,0.9079809994790937f,-3.429011037612589e-15f,0f,0f,0f,1f],start_interpolation:0}