execute if entity @s[tag=aj.stage.bone.left_straight] run data modify entity @s {} merge value {transformation:[-0.32638344781420553f,-0.028554851646248006f,0.9448060464668783f,-28.02312081840814f,-0.08715574274765818f,0.9961946980917455f,0f,3.0018115019836387f,-0.9412107742153275f,-0.08234527273229922f,-0.3276301795616934f,0.0997666363106558f,0f,0f,0f,1f],start_interpolation:0}
execute if entity @s[tag=aj.stage.bone.left_bend] run data modify entity @s {} merge value {transformation:[-0.32638344781420553f,-0.028554851646248006f,0.9448060464668783f,-27.85619217018572f,-0.08715574274765818f,0.9961946980917455f,0f,3.0451769882155957f,-0.9412107742153275f,-0.08234527273229922f,-0.3276301795616934f,0.4147069336517781f,0f,0f,0f,1f],start_interpolation:0}
execute if entity @s[tag=aj.stage.bone.right_straight] run data modify entity @s {} merge value {transformation:[-0.7982378685644025f,0.2930817042484926f,0.526231336794531f,-27.938032331017094f,0.2621381217925294f,0.9556002056484896f,-0.13458028112487153f,2.968550907607225f,-0.542309791809852f,0.030518217499774764f,-0.8396241588400084f,0.03729628950475436f,0f,0f,0f,1f],start_interpolation:0}
execute if entity @s[tag=aj.stage.bone.microphone] run data modify entity @s {} merge value {transformation:[-0.7982378685644025f,0.30222106965513573f,0.5210362081912021f,-28.304797570371132f,0.2621381217925294f,0.9531059133439806f,-0.15123730707673125f,3.3291190636437893f,-0.542309791809852f,0.01586010735279303f,-0.8400288963493536f,0.14223550134744406f,0f,0f,0f,1f],start_interpolation:0}
execute if entity @s[tag=aj.stage.bone.right_bend] run data modify entity @s {} merge value {transformation:[-0.7982378685644025f,0.5210362081912022f,-0.3022210696551356f,-28.1264992783871f,0.2621381217925294f,-0.15123730707673103f,-0.9531059133439806f,3.148768059018862f,-0.542309791809852f,-0.8400288963493536f,-0.015860107352793217f,-0.2118772679184182f,0f,0f,0f,1f],start_interpolation:0}
execute if entity @s[tag=aj.stage.bone.head] run data modify entity @s {} merge value {transformation:[-0.3276301795616934f,0f,0.9448060464668783f,-28.038573491681575f,0f,1f,0f,3.4375f,-0.9448060464668783f,0f,-0.3276301795616934f,0.07952726412678231f,0f,0f,0f,1f],start_interpolation:0}
execute if entity @s[tag=aj.stage.bone.outfit] run data modify entity @s {} merge value {transformation:[-0.3276301795616934f,0f,0.9448060464668783f,-28.038573491681575f,0f,1f,0f,2f,-0.9448060464668783f,0f,-0.3276301795616934f,0.07952726412678231f,0f,0f,0f,1f],start_interpolation:0}
execute if entity @s[tag=aj.stage.bone.chest] run data modify entity @s {} merge value {transformation:[-0.3276301795616934f,0f,0.9448060464668783f,-28.034628023587747f,0f,1f,0f,2.6875f,-0.9448060464668783f,0f,-0.3276301795616934f,0.06658264500016792f,0f,0f,0f,1f],start_interpolation:0}
execute if entity @s[tag=aj.stage.bone.waist] run data modify entity @s {} merge value {transformation:[-0.3276301795616934f,0f,0.9448060464668783f,-28.038573491681575f,0f,1f,0f,3.5f,-0.9448060464668783f,0f,-0.3276301795616934f,0.07952726412678231f,0f,0f,0f,1f],start_interpolation:0}
execute if entity @s[tag=aj.stage.bone.right_leg] run data modify entity @s {} merge value {transformation:[-0.3276301795616934f,0f,0.9448060464668783f,-27.944712407198967f,0f,1f,0f,2.6875f,-0.9448060464668783f,0f,-0.3276301795616934f,0.15943602034128163f,0f,0f,0f,1f],start_interpolation:0}
execute if entity @s[tag=aj.stage.bone.left_leg] run data modify entity @s {} merge value {transformation:[-0.3276301795616934f,0f,0.9448060464668783f,-28.014333820355827f,0f,1f,0f,2.6875f,-0.9448060464668783f,0f,-0.3276301795616934f,-0.04133526453292867f,0f,0f,0f,1f],start_interpolation:0}
execute if entity @s[tag=aj.stage.bone.platform] run data modify entity @s {} merge value {transformation:[1.8896120929337563f,0f,0.6552603591233872f,-28f,0f,2f,0f,3f,-0.6552603591233872f,0f,1.8896120929337563f,-3.429011037612589e-15f,0f,0f,0f,1f],start_interpolation:0}