execute if entity @s[tag=aj.stage.bone.left_straight] run data modify entity @s {} merge value {transformation:[-0.7181105311358132f,-0.06282653063296374f,-0.6930873625456357f,-27.89971785449258f,-0.08715574274765818f,0.9961946980917455f,0f,3.0018115019836387f,0.6904499558823538f,0.060406543871680325f,-0.7208535967029189f,-0.02077126036221516f,0f,0f,0f,1f],start_interpolation:0}
execute if entity @s[tag=aj.stage.bone.left_bend] run data modify entity @s {} merge value {transformation:[-0.7181105311358132f,-0.06282653063296374f,-0.6930873625456357f,-27.683593277352074f,-0.08715574274765818f,0.9961946980917455f,0f,3.0451769882155957f,0.6904499558823538f,0.060406543871680325f,-0.7208535967029189f,-0.3042191949860481f,0f,0f,0f,1f],start_interpolation:0}
execute if entity @s[tag=aj.stage.bone.right_straight] run data modify entity @s {} merge value {transformation:[-0.15830487898500917f,-0.09498659847796645f,-0.9828108217755476f,-27.99207299730944f,0.2621381217925294f,0.9556002056484896f,-0.13458028112487153f,2.968550907607225f,0.9519575465285344f,-0.2789368980148557f,-0.1263765663927589f,-0.07188997035986222f,0f,0f,0f,1f],start_interpolation:0}
execute if entity @s[tag=aj.stage.bone.microphone] run data modify entity @s {} merge value {transformation:[-0.15830487898500917f,-0.11212454547152792f,-0.9810033902043076f,-27.743223329562102f,0.2621381217925294f,0.9531059133439806f,-0.15123730707673125f,3.3291190636437893f,0.9519575465285344f,-0.2810999897750616f,-0.12148919851506824f,0.21725155526838252f,0f,0f,0f,1f],start_interpolation:0}
execute if entity @s[tag=aj.stage.bone.right_bend] run data modify entity @s {} merge value {transformation:[-0.15830487898500917f,-0.9810033902043076f,0.1121245454715277f,-28.139454739860597f,0.2621381217925294f,-0.15123730707673103f,-0.9531059133439806f,3.148768059018862f,0.9519575465285344f,-0.1214891985150683f,0.2810999897750616f,0.20358393753791126f,0f,0f,0f,1f],start_interpolation:0}
execute if entity @s[tag=aj.stage.bone.head] run data modify entity @s {} merge value {transformation:[-0.7208535967029189f,0f,-0.6930873625456357f,-27.911628690046964f,0f,1f,0f,3.4375f,0.6930873625456357f,0f,-0.7208535967029189f,0.0017353896348267562f,0f,0f,0f,1f],start_interpolation:0}
execute if entity @s[tag=aj.stage.bone.outfit] run data modify entity @s {} merge value {transformation:[-0.7208535967029189f,0f,-0.6930873625456357f,-27.911628690046964f,0f,1f,0f,2f,0.6930873625456357f,0f,-0.7208535967029189f,0.0017353896348267562f,0f,0f,0f,1f],start_interpolation:0}
execute if entity @s[tag=aj.stage.bone.chest] run data modify entity @s {} merge value {transformation:[-0.7208535967029189f,0f,-0.6930873625456357f,-27.92503606618119f,0f,1f,0f,2.6875f,0.6930873625456357f,0f,-0.7208535967029189f,0.003571730563943757f,0f,0f,0f,1f],start_interpolation:0}
execute if entity @s[tag=aj.stage.bone.waist] run data modify entity @s {} merge value {transformation:[-0.7208535967029189f,0f,-0.6930873625456357f,-27.911628690046964f,0f,1f,0f,3.5f,0.6930873625456357f,0f,-0.7208535967029189f,0.0017353896348267562f,0f,0f,0f,1f],start_interpolation:0}
execute if entity @s[tag=aj.stage.bone.right_leg] run data modify entity @s {} merge value {transformation:[-0.7208535967029189f,0f,-0.6930873625456357f,-27.87835595555638f,0f,1f,0f,2.6875f,0.6930873625456357f,0f,-0.7208535967029189f,-0.11695849242957898f,0f,0f,0f,1f],start_interpolation:0}
execute if entity @s[tag=aj.stage.bone.left_leg] run data modify entity @s {} merge value {transformation:[-0.7208535967029189f,0f,-0.6930873625456357f,-28.03153734485575f,0f,1f,0f,2.6875f,0.6930873625456357f,0f,-0.7208535967029189f,0.03032257211136763f,0f,0f,0f,1f],start_interpolation:0}
execute if entity @s[tag=aj.stage.bone.platform] run data modify entity @s {} merge value {transformation:[-1.3861747250912717f,0f,1.4417071934058376f,-28f,0f,2f,0f,3f,-1.4417071934058376f,0f,-1.3861747250912717f,-3.429011037612589e-15f,0f,0f,0f,1f],start_interpolation:0}