execute if entity @s[tag=aj.stage.bone.left_straight] run data modify entity @s {} merge value {transformation:[-0.193930771125966f,-0.02123887367175934f,-0.9807852804032304f,-27.927815866194894f,-0.10886687485196457f,0.9940563382223196f,0f,2.994939449264795f,0.9749558244199863f,0.10677502837830746f,-0.1950903220161286f,-0.08337618056400331f,0f,0f,0f,1f],start_interpolation:0}
execute if entity @s[tag=aj.stage.bone.left_bend] run data modify entity @s {} merge value {transformation:[-0.193930771125966f,-0.02123887367175934f,-0.9807852804032304f,-27.912779979054037f,-0.10886687485196457f,0.9940563382223196f,0f,3.0459788731666304f,0.9749558244199863f,0.10677502837830746f,-0.1950903220161286f,-0.4384846558056811f,0f,0f,0f,1f],start_interpolation:0}
execute if entity @s[tag=aj.stage.bone.right_straight] run data modify entity @s {} merge value {transformation:[0.41444431251639957f,-0.2374199024550339f,-0.8785600160154405f,-28.03460249506272f,0.2621381217925294f,0.9556002056484896f,-0.13458028112487153f,2.968550907607225f,0.8715041691959333f,-0.17452804039124098f,0.45827987757624633f,-0.0635112001573925f,0f,0f,0f,1f],start_interpolation:0}
execute if entity @s[tag=aj.stage.bone.microphone] run data modify entity @s {} merge value {transformation:[0.41444431251639957f,-0.21434052445955687f,-0.8844738839543038f,-27.65611772120259f,0.2621381217925294f,0.9587956463869264f,-0.10951946663749446f,3.3123993883804475f,0.8715041691959333f,-0.18646460265658565f,0.4535542250164005f,0.03216056610097562f,0f,0f,0f,1f],start_interpolation:0}
execute if entity @s[tag=aj.stage.bone.right_bend] run data modify entity @s {} merge value {transformation:[0.41444431251639957f,-0.8844738839543038f,0.21434052445955667f,-27.9980020255082f,0.2621381217925294f,-0.10951946663749425f,-0.9587956463869264f,3.148768059018862f,0.8715041691959333f,0.45355422501640047f,0.18646460265658577f,0.24675909748367386f,0f,0f,0f,1f],start_interpolation:0}
execute if entity @s[tag=aj.stage.bone.head] run data modify entity @s {} merge value {transformation:[-0.1950903220161286f,0f,-0.9807852804032304f,-27.92650777484879f,0f,1f,0f,3.4375f,0.9807852804032304f,0f,-0.1950903220161286f,-0.049105934899197304f,0f,0f,0f,1f],start_interpolation:0}
execute if entity @s[tag=aj.stage.bone.outfit] run data modify entity @s {} merge value {transformation:[-0.1950903220161286f,0f,-0.9807852804032304f,-27.92650777484879f,0f,1f,0f,2f,0.9807852804032304f,0f,-0.1950903220161286f,-0.049105934899197304f,0f,0f,0f,1f],start_interpolation:0}
execute if entity @s[tag=aj.stage.bone.chest] run data modify entity @s {} merge value {transformation:[-0.1950903220161286f,0f,-0.9807852804032304f,-27.936457207949054f,0f,1f,0f,2.6875f,0.9807852804032304f,0f,-0.1950903220161286f,-0.0399332218983523f,0f,0f,0f,1f],start_interpolation:0}
execute if entity @s[tag=aj.stage.bone.waist] run data modify entity @s {} merge value {transformation:[-0.1950903220161286f,0f,-0.9807852804032304f,-27.92650777484879f,0f,1f,0f,3.5f,0.9807852804032304f,0f,-0.1950903220161286f,-0.049105934899197304f,0f,0f,0f,1f],start_interpolation:0}
execute if entity @s[tag=aj.stage.bone.right_leg] run data modify entity @s {} merge value {transformation:[-0.1950903220161286f,0f,-0.9807852804032304f,-27.96707850815978f,0f,1f,0f,2.6875f,0.9807852804032304f,0f,-0.1950903220161286f,-0.16550751606804787f,0f,0f,0f,1f],start_interpolation:0}
execute if entity @s[tag=aj.stage.bone.left_leg] run data modify entity @s {} merge value {transformation:[-0.1950903220161286f,0f,-0.9807852804032304f,-28.008535201588206f,0f,1f,0f,2.6875f,0.9807852804032304f,0f,-0.1950903220161286f,0.04290935601763719f,0f,0f,0f,1f],start_interpolation:0}
execute if entity @s[tag=aj.stage.bone.platform] run data modify entity @s {} merge value {transformation:[-1.9615705608064609f,0f,0.3901806440322568f,-28f,0f,2f,0f,3f,-0.3901806440322568f,0f,-1.9615705608064609f,-3.429011037612589e-15f,0f,0f,0f,1f],start_interpolation:0}