execute if entity @s[tag=aj.stage.bone.left_straight] run data modify entity @s {} merge value {transformation:[-0.718110531135813f,-0.06282653063296371f,0.6930873625456357f,-27.975307694970216f,-0.08715574274765818f,0.9961946980917455f,0f,3.0018115019836387f,-0.6904499558823538f,-0.060406543871680325f,-0.7208535967029187f,0.09938935575262045f,0f,0f,0f,1f],start_interpolation:0}
execute if entity @s[tag=aj.stage.bone.left_bend] run data modify entity @s {} merge value {transformation:[-0.718110531135813f,-0.06282653063296371f,0.6930873625456357f,-27.683593277352077f,-0.08715574274765818f,0.9961946980917455f,0f,3.0451769882155957f,-0.6904499558823538f,-0.060406543871680325f,-0.7208535967029187f,0.3042191949860413f,0f,0f,0f,1f],start_interpolation:0}
execute if entity @s[tag=aj.stage.bone.right_straight] run data modify entity @s {} merge value {transformation:[-0.9574386421425036f,0.2749926914195354f,0.08769416285112114f,-27.92785424153679f,0.2621381217925294f,0.9556002056484896f,-0.13458028112487153f,2.968550907607225f,-0.1208091537732296f,-0.10586437847739233f,-0.9870146309625765f,0.005098504267510295f,0f,0f,0f,1f],start_interpolation:0}
execute if entity @s[tag=aj.stage.bone.microphone] run data modify entity @s {} merge value {transformation:[-0.9574386421425036f,0.27648128287293033f,0.08288152238742647f,-28.207003057420007f,0.2621381217925294f,0.9531059133439806f,-0.15123730707673125f,3.3291190636437893f,-0.1208091537732296f,-0.123074035318889f,-0.9850167156931503f,0.26510796096396533f,0f,0f,0f,1f],start_interpolation:0}
execute if entity @s[tag=aj.stage.bone.right_bend] run data modify entity @s {} merge value {transformation:[-0.9574386421425036f,0.08288152238742652f,-0.27648128287293033f,-28.208901949093757f,0.2621381217925294f,-0.15123730707673103f,-0.9531059133439806f,3.148768059018862f,-0.1208091537732296f,-0.9850167156931503f,0.12307403531888877f,-0.13135455743086588f,0f,0f,0f,1f],start_interpolation:0}
execute if entity @s[tag=aj.stage.bone.head] run data modify entity @s {} merge value {transformation:[-0.7208535967029187f,0f,0.6930873625456357f,-27.99826461036517f,0f,1f,0f,3.4375f,-0.6930873625456357f,0f,-0.7208535967029187f,0.08837130995303123f,0f,0f,0f,1f],start_interpolation:0}
execute if entity @s[tag=aj.stage.bone.outfit] run data modify entity @s {} merge value {transformation:[-0.7208535967029187f,0f,0.6930873625456357f,-27.99826461036517f,0f,1f,0f,2f,-0.6930873625456357f,0f,-0.7208535967029187f,0.08837130995303123f,0f,0f,0f,1f],start_interpolation:0}
execute if entity @s[tag=aj.stage.bone.chest] run data modify entity @s {} merge value {transformation:[-0.7208535967029187f,0f,0.6930873625456357f,-28.000625906658822f,0f,1f,0f,2.6875f,-0.6930873625456357f,0f,-0.7208535967029187f,0.07504636482646147f,0f,0f,0f,1f],start_interpolation:0}
execute if entity @s[tag=aj.stage.bone.waist] run data modify entity @s {} merge value {transformation:[-0.7208535967029187f,0f,0.6930873625456357f,-27.99826461036517f,0f,1f,0f,3.5f,-0.6930873625456357f,0f,-0.7208535967029187f,0.08837130995303123f,0f,0f,0f,1f],start_interpolation:0}
execute if entity @s[tag=aj.stage.bone.right_leg] run data modify entity @s {} merge value {transformation:[-0.7208535967029187f,0f,0.6930873625456357f,-27.878355955556383f,0f,1f,0f,2.6875f,-0.6930873625456357f,0f,-0.7208535967029187f,0.11695849242957213f,0f,0f,0f,1f],start_interpolation:0}
execute if entity @s[tag=aj.stage.bone.left_leg] run data modify entity @s {} merge value {transformation:[-0.7208535967029187f,0f,0.6930873625456357f,-28.031537344855753f,0f,1f,0f,2.6875f,-0.6930873625456357f,0f,-0.7208535967029187f,-0.0303225721113745f,0f,0f,0f,1f],start_interpolation:0}
execute if entity @s[tag=aj.stage.bone.platform] run data modify entity @s {} merge value {transformation:[1.3861747250912713f,0f,1.4417071934058376f,-28f,0f,2f,0f,3f,-1.4417071934058376f,0f,1.3861747250912713f,-3.429011037612589e-15f,0f,0f,0f,1f],start_interpolation:0}