execute if entity @s[tag=aj.stage.bone.left_straight] run data modify entity @s {} merge value {transformation:[-0.9639170856876761f,-0.08433181757661835f,-0.2524915770151577f,-27.902354949438447f,-0.08715574274765818f,0.9961946980917455f,0f,3.0018115019836387f,0.25153077033532373f,0.022006090932283607f,-0.9675990923602599f,0.030877144709909585f,0f,0f,0f,1f],start_interpolation:0}
execute if entity @s[tag=aj.stage.bone.left_bend] run data modify entity @s {} merge value {transformation:[-0.9639170856876761f,-0.08433181757661835f,-0.2524915770151577f,-27.575288437137413f,-0.08715574274765818f,0.9961946980917455f,0f,3.0451769882155957f,0.25153077033532373f,0.022006090932283607f,-0.9675990923602599f,-0.1108269872620176f,0f,0f,0f,1f],start_interpolation:0}
execute if entity @s[tag=aj.stage.bone.right_straight] run data modify entity @s {} merge value {transformation:[-0.6032670530517307f,0.05341906550987559f,-0.7957482429401475f,-27.95795675523602f,0.2621381217925294f,0.9556002056484896f,-0.13458028112487153f,2.968550907607225f,0.7532280317442822f,-0.28978379941711035f,-0.590485293457863f,-0.05885041019155044f,0f,0f,0f,1f],start_interpolation:0}
execute if entity @s[tag=aj.stage.bone.microphone] run data modify entity @s {} merge value {transformation:[-0.6032670530517307f,0.03952320776991162f,-0.7965593378712328f,-27.882117104985873f,0.2621381217925294f,0.9531059133439806f,-0.15123730707673125f,3.3291190636437893f,0.7532280317442822f,-0.3000450532775251f,-0.585337935041222f,0.31501764999883775f,0f,0f,0f,1f],start_interpolation:0}
execute if entity @s[tag=aj.stage.bone.right_bend] run data modify entity @s {} merge value {transformation:[-0.6032670530517307f,-0.7965593378712328f,-0.03952320776991179f,-28.221149140004364f,0.2621381217925294f,-0.15123730707673103f,-0.9531059133439806f,3.148768059018862f,0.7532280317442822f,-0.5853379350412221f,0.300045053277525f,0.10948562448266419f,0f,0f,0f,1f],start_interpolation:0}
execute if entity @s[tag=aj.stage.bone.head] run data modify entity @s {} merge value {transformation:[-0.9675990923602599f,0f,-0.2524915770151577f,-27.923744333164038f,0f,1f,0f,3.4375f,0.2524915770151577f,0f,-0.9675990923602599f,0.04469421970906544f,0f,0f,0f,1f],start_interpolation:0}
execute if entity @s[tag=aj.stage.bone.outfit] run data modify entity @s {} merge value {transformation:[-0.9675990923602599f,0f,-0.2524915770151577f,-27.923744333164038f,0f,1f,0f,2f,0.2524915770151577f,0f,-0.9675990923602599f,0.04469421970906544f,0f,0f,0f,1f],start_interpolation:0}
execute if entity @s[tag=aj.stage.bone.chest] run data modify entity @s {} merge value {transformation:[-0.9675990923602599f,0f,-0.2524915770151577f,-27.93633949049107f,0f,1f,0f,2.6875f,0.2524915770151577f,0f,-0.9675990923602599f,0.039745291065423086f,0f,0f,0f,1f],start_interpolation:0}
execute if entity @s[tag=aj.stage.bone.waist] run data modify entity @s {} merge value {transformation:[-0.9675990923602599f,0f,-0.2524915770151577f,-27.923744333164038f,0f,1f,0f,3.5f,0.2524915770151577f,0f,-0.9675990923602599f,0.04469421970906544f,0f,0f,0f,1f],start_interpolation:0}
execute if entity @s[tag=aj.stage.bone.right_leg] run data modify entity @s {} merge value {transformation:[-0.9675990923602599f,0f,-0.2524915770151577f,-27.836717653164207f,0f,1f,0f,2.6875f,0.2524915770151577f,0f,-0.9675990923602599f,-0.04260795362131113f,0f,0f,0f,1f],start_interpolation:0}
execute if entity @s[tag=aj.stage.bone.left_leg] run data modify entity @s {} merge value {transformation:[-0.9675990923602599f,0f,-0.2524915770151577f,-28.042332460290762f,0f,1f,0f,2.6875f,0.2524915770151577f,0f,-0.9675990923602599f,0.011046506494409525f,0f,0f,0f,1f],start_interpolation:0}
execute if entity @s[tag=aj.stage.bone.platform] run data modify entity @s {} merge value {transformation:[-0.5049831540303158f,0f,1.9351981847205195f,-28f,0f,2f,0f,3f,-1.9351981847205195f,0f,-0.5049831540303158f,-3.429011037612589e-15f,0f,0f,0f,1f],start_interpolation:0}