execute if entity @s[tag=aj.stage.bone.left_straight] run data modify entity @s {} merge value {transformation:[-0.30671362855862244f,-0.03765969820550704f,-0.9510565162951534f,-27.916793902455712f,-0.12186934340514748f,0.992546151641322f,0f,2.9909128334999746f,0.9439674852421568f,0.11590463318207729f,-0.3090169943749478f,-0.07961520470662742f,0f,0f,0f,1f],start_interpolation:0}
execute if entity @s[tag=aj.stage.bone.left_bend] run data modify entity @s {} merge value {transformation:[-0.30671362855862244f,-0.03765969820550704f,-0.9510565162951534f,-27.860339459208113f,-0.12186934340514748f,0.992546151641322f,0f,3.0465451931345044f,0.9439674852421568f,0.11590463318207729f,-0.3090169943749478f,-0.4298309471881885f,0f,0f,0f,1f],start_interpolation:0}
execute if entity @s[tag=aj.stage.bone.right_straight] run data modify entity @s {} merge value {transformation:[0.30913724200346104f,-0.21526064453040672f,-0.9263352635643574f,-28.026897705202803f,0.2621381217925294f,0.9556002056484896f,-0.13458028112487153f,2.968550907607225f,0.9141760064175708f,-0.20122400920595507f,0.3518396330851643f,-0.06713805675487708f,0f,0f,0f,1f],start_interpolation:0}
execute if entity @s[tag=aj.stage.bone.microphone] run data modify entity @s {} merge value {transformation:[0.30913724200346104f,-0.16648499547816967f,-0.9363316249530009f,-27.657304297159282f,0.2621381217925294f,0.9613339764822405f,-0.08438359297830271f,3.3022154258670784f,0.9141760064175708f,-0.21936210233647155f,0.34082619815522497f,0.073593839670059f,0f,0f,0f,1f],start_interpolation:0}
execute if entity @s[tag=aj.stage.bone.right_bend] run data modify entity @s {} merge value {transformation:[0.30913724200346104f,-0.9363316249530009f,0.16648499547816947f,-28.027019296671668f,0.2621381217925294f,-0.0843835929783025f,-0.9613339764822405f,3.148768059018862f,0.9141760064175708f,0.3408261981552249f,0.21936210233647163f,0.24528351289965544f,0f,0f,0f,1f],start_interpolation:0}
execute if entity @s[tag=aj.stage.bone.head] run data modify entity @s {} merge value {transformation:[-0.3090169943749478f,0f,-0.9510565162951534f,-27.921245405583118f,0f,1f,0f,3.4375f,0.9510565162951534f,0f,-0.3090169943749478f,-0.0401274701200163f,0f,0f,0f,1f],start_interpolation:0}
execute if entity @s[tag=aj.stage.bone.outfit] run data modify entity @s {} merge value {transformation:[-0.3090169943749478f,0f,-0.9510565162951534f,-27.921245405583118f,0f,1f,0f,2f,0.9510565162951534f,0f,-0.3090169943749478f,-0.0401274701200163f,0f,0f,0f,1f],start_interpolation:0}
execute if entity @s[tag=aj.stage.bone.chest] run data modify entity @s {} merge value {transformation:[-0.3090169943749478f,0f,-0.9510565162951534f,-27.932204010573322f,0f,1f,0f,2.6875f,0.9510565162951534f,0f,-0.3090169943749478f,-0.032187768646962746f,0f,0f,0f,1f],start_interpolation:0}
execute if entity @s[tag=aj.stage.bone.waist] run data modify entity @s {} merge value {transformation:[-0.3090169943749478f,0f,-0.9510565162951534f,-27.921245405583118f,0f,1f,0f,3.5f,0.9510565162951534f,0f,-0.3090169943749478f,-0.0401274701200163f,0f,0f,0f,1f],start_interpolation:0}
execute if entity @s[tag=aj.stage.bone.right_leg] run data modify entity @s {} merge value {transformation:[-0.3090169943749478f,0f,-0.9510565162951534f,-27.947853382199227f,0f,1f,0f,2.6875f,0.9510565162951534f,0f,-0.3090169943749478f,-0.1604907871248099f,0f,0f,0f,1f],start_interpolation:0}
execute if entity @s[tag=aj.stage.bone.left_leg] run data modify entity @s {} merge value {transformation:[-0.3090169943749478f,0f,-0.9510565162951534f,-28.013519493503903f,0f,1f,0f,2.6875f,0.9510565162951534f,0f,-0.3090169943749478f,0.04160872258790885f,0f,0f,0f,1f],start_interpolation:0}
execute if entity @s[tag=aj.stage.bone.platform] run data modify entity @s {} merge value {transformation:[-1.902113032590307f,0f,0.6180339887498951f,-28f,0f,2f,0f,3f,-0.6180339887498951f,0f,-1.902113032590307f,-3.429011037612589e-15f,0f,0f,0f,1f],start_interpolation:0}