execute if entity @s[tag=aj.stage.bone.left_straight] run data modify entity @s {} merge value {transformation:[-0.7315281905892554f,-0.06400042372619137f,0.6788007455329421f,-27.973361074602327f,-0.08715574274765818f,0.9961946980917455f,0f,3.0018115019836387f,-0.676217703760641f,-0.05916138315458769f,-0.7343225094356852f,0.09888539638521887f,0f,0f,0f,1f],start_interpolation:0}
execute if entity @s[tag=aj.stage.bone.left_bend] run data modify entity @s {} merge value {transformation:[-0.7315281905892554f,-0.06400042372619137f,0.6788007455329421f,-27.67768132164443f,-0.08715574274765818f,0.9961946980917455f,0f,3.0451769882155957f,-0.676217703760641f,-0.05916138315458769f,-0.7343225094356852f,0.29794832155572465f,0f,0f,0f,1f],start_interpolation:0}
execute if entity @s[tag=aj.stage.bone.right_straight] run data modify entity @s {} merge value {transformation:[-0.9596260165030042f,0.27286117531134113f,0.06829851724810504f,-27.927768045853615f,0.2621381217925294f,0.9556002056484896f,-0.13458028112487153f,2.968550907607225f,-0.10198781080923908f,-0.11124309404308201f,-0.9885461347221286f,0.0036810338482800575f,0f,0f,0f,1f],start_interpolation:0}
execute if entity @s[tag=aj.stage.bone.microphone] run data modify entity @s {} merge value {transformation:[-0.9596260165030042f,0.27401159071478615f,0.06352603092062843f,-28.201758107436017f,0.2621381217925294f,0.9531059133439806f,-0.15123730707673125f,3.3291190636437893f,-0.10198781080923908f,-0.12847866010621756f,-0.986454114667099f,0.26912109324900335f,0f,0f,0f,1f],start_interpolation:0}
execute if entity @s[tag=aj.stage.bone.right_bend] run data modify entity @s {} merge value {transformation:[-0.9596260165030042f,0.06352603092062849f,-0.27401159071478615f,-28.211440656238654f,0.2621381217925294f,-0.15123730707673103f,-0.9531059133439806f,3.148768059018862f,-0.10198781080923908f,-0.986454114667099f,0.12847866010621734f,-0.12722772096676443f,0f,0f,0f,1f],start_interpolation:0}
execute if entity @s[tag=aj.stage.bone.head] run data modify entity @s {} merge value {transformation:[-0.7343225094356852f,0f,0.6788007455329421f,-27.99652988975608f,0f,1f,0f,3.4375f,-0.6788007455329421f,0f,-0.7343225094356852f,0.08832020343553577f,0f,0f,0f,1f],start_interpolation:0}
execute if entity @s[tag=aj.stage.bone.outfit] run data modify entity @s {} merge value {transformation:[-0.7343225094356852f,0f,0.6788007455329421f,-27.99652988975608f,0f,1f,0f,2f,-0.6788007455329421f,0f,-0.7343225094356852f,0.08832020343553579f,0f,0f,0f,1f],start_interpolation:0}
execute if entity @s[tag=aj.stage.bone.chest] run data modify entity @s {} merge value {transformation:[-0.7343225094356852f,0f,0.6788007455329421f,-27.999152348762067f,0f,1f,0f,2.6875f,-0.6788007455329421f,0f,-0.7343225094356852f,0.07504418778420313f,0f,0f,0f,1f],start_interpolation:0}
execute if entity @s[tag=aj.stage.bone.waist] run data modify entity @s {} merge value {transformation:[-0.7343225094356852f,0f,0.6788007455329421f,-27.99652988975608f,0f,1f,0f,3.5f,-0.6788007455329421f,0f,-0.7343225094356852f,0.08832020343553577f,0f,0f,0f,1f],start_interpolation:0}
execute if entity @s[tag=aj.stage.bone.right_leg] run data modify entity @s {} merge value {transformation:[-0.7343225094356852f,0f,0.6788007455329421f,-27.87608307653273f,0f,1f,0f,2.6875f,-0.6788007455329421f,0f,-0.7343225094356852f,0.11454762580868005f,0f,0f,0f,1f],start_interpolation:0}
execute if entity @s[tag=aj.stage.bone.left_leg] run data modify entity @s {} merge value {transformation:[-0.7343225094356852f,0f,0.6788007455329421f,-28.032126609787813f,0f,1f,0f,2.6875f,-0.6788007455329421f,0f,-0.7343225094356852f,-0.02969753261706916f,0f,0f,0f,1f],start_interpolation:0}
execute if entity @s[tag=aj.stage.bone.platform] run data modify entity @s {} merge value {transformation:[1.357601491065884f,0f,1.4686450188713707f,-28f,0f,2f,0f,3f,-1.4686450188713707f,0f,1.357601491065884f,-3.429011037612589e-15f,0f,0f,0f,1f],start_interpolation:0}