execute if entity @s[tag=aj.stage.bone.left_straight] run data modify entity @s {} merge value {transformation:[-0.45060652339820806f,-0.05532752411543338f,-0.8910065241883677f,-27.905363745631732f,-0.12186934340514748f,0.992546151641322f,0f,2.9909128334999746f,0.8843650966704748f,0.10858638007253903f,-0.4539904997395471f,-0.06561870806540487f,0f,0f,0f,1f],start_interpolation:0}
execute if entity @s[tag=aj.stage.bone.left_bend] run data modify entity @s {} merge value {transformation:[-0.45060652339820806f,-0.05532752411543338f,-0.8910065241883677f,-27.79481853793752f,-0.12186934340514748f,0.992546151641322f,0f,3.0465451931345044f,0.8843650966704748f,0.10858638007253903f,-0.4539904997395471f,-0.40269129297872996f,0f,0f,0f,1f],start_interpolation:0}
execute if entity @s[tag=aj.stage.bone.right_straight] run data modify entity @s {} merge value {transformation:[0.1623226150540087f,-0.18113205855829317f,-0.9699703840862683f,-28.016063843825282f,0.2621381217925294f,0.9556002056484896f,-0.13458028112487153f,2.968550907607225f,0.9512807018672843f,-0.23242079151185996f,0.20259714195389666f,-0.07051920399121708f,0f,0f,0f,1f],start_interpolation:0}
execute if entity @s[tag=aj.stage.bone.microphone] run data modify entity @s {} merge value {transformation:[0.1623226150540087f,-0.13011949578871615f,-0.9781207928766865f,-27.67303606287121f,0.2621381217925294f,0.9613339764822405f,-0.08438359297830271f,3.3022154258670784f,0.9512807018672843f,-0.24270538205102307f,0.19015552523751106f,0.12629719632721875f,0f,0f,0f,1f],start_interpolation:0}
execute if entity @s[tag=aj.stage.bone.right_bend] run data modify entity @s {} merge value {transformation:[0.1623226150540087f,-0.9781207928766865f,0.13011949578871593f,-28.065057439417334f,0.2621381217925294f,-0.0843835929783025f,-0.9613339764822405f,3.148768059018862f,0.9512807018672843f,0.190155525237511f,0.24270538205102313f,0.2380369166106108f,0f,0f,0f,1f],start_interpolation:0}
execute if entity @s[tag=aj.stage.bone.head] run data modify entity @s {} merge value {transformation:[-0.4539904997395471f,0f,-0.8910065241883677f,-27.915937686004504f,0f,1f,0f,3.4375f,0.8910065241883677f,0f,-0.4539904997395471f,-0.027313501528054736f,0f,0f,0f,1f],start_interpolation:0}
execute if entity @s[tag=aj.stage.bone.outfit] run data modify entity @s {} merge value {transformation:[-0.4539904997395471f,0f,-0.8910065241883677f,-27.915937686004504f,0f,1f,0f,2f,0.8910065241883677f,0f,-0.4539904997395471f,-0.027313501528054736f,0f,0f,0f,1f],start_interpolation:0}
execute if entity @s[tag=aj.stage.bone.chest] run data modify entity @s {} merge value {transformation:[-0.4539904997395471f,0f,-0.8910065241883677f,-27.92800341533503f,0f,1f,0f,2.6875f,0.8910065241883677f,0f,-0.4539904997395471f,-0.021185854464543345f,0f,0f,0f,1f],start_interpolation:0}
execute if entity @s[tag=aj.stage.bone.waist] run data modify entity @s {} merge value {transformation:[-0.4539904997395471f,0f,-0.8910065241883677f,-27.915937686004504f,0f,1f,0f,3.5f,0.8910065241883677f,0f,-0.4539904997395471f,-0.027313501528054736f,0f,0f,0f,1f],start_interpolation:0}
execute if entity @s[tag=aj.stage.bone.right_leg] run data modify entity @s {} merge value {transformation:[-0.4539904997395471f,0f,-0.8910065241883677f,-27.92338910316895f,0f,1f,0f,2.6875f,0.8910065241883677f,0f,-0.4539904997395471f,-0.15035735095678984f,0f,0f,0f,1f],start_interpolation:0}
execute if entity @s[tag=aj.stage.bone.left_leg] run data modify entity @s {} merge value {transformation:[-0.4539904997395471f,0f,-0.8910065241883677f,-28.019862084363602f,0f,1f,0f,2.6875f,0.8910065241883677f,0f,-0.4539904997395471f,0.038981535433237006f,0f,0f,0f,1f],start_interpolation:0}
execute if entity @s[tag=aj.stage.bone.platform] run data modify entity @s {} merge value {transformation:[-1.7820130483767356f,0f,0.9079809994790937f,-28f,0f,2f,0f,3f,-0.9079809994790937f,0f,-1.7820130483767356f,-3.429011037612589e-15f,0f,0f,0f,1f],start_interpolation:0}