execute if entity @s[tag=aj.stage.bone.left_straight] run data modify entity @s {} merge value {transformation:[-0.616738109923136f,-0.05395759298267958f,0.7853169308807453f,-27.989158128062545f,-0.08715574274765818f,0.9961946980917455f,0f,3.0018115019836387f,-0.7823285628650802f,-0.06844488040322269f,-0.6190939493098335f,0.1018351991086413f,0f,0f,0f,1f],start_interpolation:0}
execute if entity @s[tag=aj.stage.bone.left_bend] run data modify entity @s {} merge value {transformation:[-0.616738109923136f,-0.05395759298267958f,0.7853169308807453f,-27.728258985724377f,-0.08715574274765818f,0.9961946980917455f,0f,3.0451769882155957f,-0.7823285628650802f,-0.06844488040322269f,-0.6190939493098335f,0.3447018333215079f,0f,0f,0f,1f],start_interpolation:0}
execute if entity @s[tag=aj.stage.bone.right_straight] run data modify entity @s {} merge value {transformation:[-0.9318570192072066f,0.28690405536214714f,0.22210033491873343f,-27.929233181632068f,0.2621381217925294f,0.9556002056484896f,-0.13458028112487153f,2.968550907607225f,-0.25085075414944347f,-0.0671886149680022f,-0.9656912493966883f,0.014935281318982335f,0f,0f,0f,1f],start_interpolation:0}
execute if entity @s[tag=aj.stage.bone.microphone] run data modify entity @s {} merge value {transformation:[-0.9318570192072066f,0.2907365437997231f,0.21705934177927308f,-28.24137394458855f,0.2621381217925294f,0.9531059133439806f,-0.15123730707673125f,3.3291190636437893f,-0.25085075414944347f,-0.08403201799390643f,-0.9643715669255949f,0.23424584440597443f,0f,0f,0f,1f],start_interpolation:0}
execute if entity @s[tag=aj.stage.bone.right_bend] run data modify entity @s {} merge value {transformation:[-0.9318570192072066f,0.21705934177927313f,-0.290736543799723f,-28.18893467042698f,0.2621381217925294f,-0.15123730707673103f,-0.9531059133439806f,3.148768059018862f,-0.25085075414944347f,-0.9643715669255949f,0.08403201799390622f,-0.15873794254581405f,0f,0f,0f,1f],start_interpolation:0}
execute if entity @s[tag=aj.stage.bone.head] run data modify entity @s {} merge value {transformation:[-0.6190939493098335f,0f,0.7853169308807453f,-28.010388936348182f,0f,1f,0f,3.4375f,-0.7853169308807453f,0f,-0.6190939493098335f,0.08777568001190776f,0f,0f,0f,1f],start_interpolation:0}
execute if entity @s[tag=aj.stage.bone.outfit] run data modify entity @s {} merge value {transformation:[-0.6190939493098335f,0f,0.7853169308807453f,-28.010388936348182f,0f,1f,0f,2f,-0.7853169308807453f,0f,-0.6190939493098335f,0.08777568001190776f,0f,0f,0f,1f],start_interpolation:0}
execute if entity @s[tag=aj.stage.bone.chest] run data modify entity @s {} merge value {transformation:[-0.6190939493098335f,0f,0.7853169308807453f,-28.0109022821258f,0f,1f,0f,2.6875f,-0.7853169308807453f,0f,-0.6190939493098335f,0.07425287117183632f,0f,0f,0f,1f],start_interpolation:0}
execute if entity @s[tag=aj.stage.bone.waist] run data modify entity @s {} merge value {transformation:[-0.6190939493098335f,0f,0.7853169308807453f,-28.010388936348182f,0f,1f,0f,3.5f,-0.7853169308807453f,0f,-0.6190939493098335f,0.08777568001190776f,0f,0f,0f,1f],start_interpolation:0}
execute if entity @s[tag=aj.stage.bone.right_leg] run data modify entity @s {} merge value {transformation:[-0.6190939493098335f,0f,0.7853169308807453f,-27.895527896053967f,0f,1f,0f,2.6875f,-0.7853169308807453f,0f,-0.6190939493098335f,0.1325222320861218f,0f,0f,0f,1f],start_interpolation:0}
execute if entity @s[tag=aj.stage.bone.left_leg] run data modify entity @s {} merge value {transformation:[-0.6190939493098335f,0f,0.7853169308807453f,-28.027085360282303f,0f,1f,0f,2.6875f,-0.7853169308807453f,0f,-0.6190939493098335f,-0.03435761572603546f,0f,0f,0f,1f],start_interpolation:0}
execute if entity @s[tag=aj.stage.bone.platform] run data modify entity @s {} merge value {transformation:[1.5706338617614903f,0f,1.2381878986196675f,-28f,0f,2f,0f,3f,-1.2381878986196675f,0f,1.5706338617614903f,-3.429011037612589e-15f,0f,0f,0f,1f],start_interpolation:0}