execute if entity @s[tag=aj.stage.bone.left_straight] run data modify entity @s {} merge value {transformation:[-0.26955894870266056f,-0.03190440404192551f,-0.9624552364536472f,-27.92048966318118f,-0.11753739745783764f,0.9930684569549263f,0f,2.9922469272691394f,0.9557839365532121f,0.11312448366242944f,-0.2714404498650745f,-0.08102657520056611f,0f,0f,0f,1f],start_interpolation:0}
execute if entity @s[tag=aj.stage.bone.left_bend] run data modify entity @s {} merge value {transformation:[-0.26955894870266056f,-0.03190440404192551f,-0.9624552364536472f,-27.87776316572659f,-0.11753739745783764f,0.9930684569549263f,0f,3.0463493286419028f,0.9557839365532121f,0.11312448366242944f,-0.2714404498650745f,-0.43341912118270864f,0f,0f,0f,1f],start_interpolation:0}
execute if entity @s[tag=aj.stage.bone.right_straight] run data modify entity @s {} merge value {transformation:[0.34478928997654856f,-0.2229947039024021f,-0.9118079334755469f,-28.0295127957855f,0.2621381217925294f,0.9556002056484896f,-0.13458028112487153f,2.968550907607225f,0.9013345386816997f,-0.1926177795429187f,0.3879361292576434f,-0.06603029679564701f,0f,0f,0f,1f],start_interpolation:0}
execute if entity @s[tag=aj.stage.bone.microphone] run data modify entity @s {} merge value {transformation:[0.34478928997654856f,-0.18300995890281171f,-0.9206669867329114f,-27.65632566017441f,0.2621381217925294f,0.9605609954105027f,-0.09276949498121348f,3.305622159918882f,0.9013345386816997f,-0.20935598639249736f,0.37916503048286504f,0.05972195459240634f,0f,0f,0f,1f],start_interpolation:0}
execute if entity @s[tag=aj.stage.bone.right_bend] run data modify entity @s {} merge value {transformation:[0.34478928997654856f,-0.9206669867329114f,0.18300995890281152f,-28.017368680247955f,0.2621381217925294f,-0.09276949498121327f,-0.9605609954105027f,3.148768059018862f,0.9013345386816997f,0.379165030482865f,0.20935598639249745f,0.24615518080973103f,0f,0f,0f,1f],start_interpolation:0}
execute if entity @s[tag=aj.stage.bone.head] run data modify entity @s {} merge value {transformation:[-0.2714404498650745f,0f,-0.9624552364536472f,-27.92288151960508f,0f,1f,0f,3.4375f,0.9624552364536472f,0f,-0.2714404498650745f,-0.04318842416178924f,0f,0f,0f,1f],start_interpolation:0}
execute if entity @s[tag=aj.stage.bone.outfit] run data modify entity @s {} merge value {transformation:[-0.2714404498650745f,0f,-0.9624552364536472f,-27.92288151960508f,0f,1f,0f,2f,0.9624552364536472f,0f,-0.2714404498650745f,-0.04318842416178924f,0f,0f,0f,1f],start_interpolation:0}
execute if entity @s[tag=aj.stage.bone.chest] run data modify entity @s {} merge value {transformation:[-0.2714404498650745f,0f,-0.9624552364536472f,-27.93351996469097f,0f,1f,0f,2.6875f,0.9624552364536472f,0f,-0.2714404498650745f,-0.0348246110979391f,0f,0f,0f,1f],start_interpolation:0}
execute if entity @s[tag=aj.stage.bone.waist] run data modify entity @s {} merge value {transformation:[-0.2714404498650745f,0f,-0.9624552364536472f,-27.92288151960508f,0f,1f,0f,3.5f,0.9624552364536472f,0f,-0.2714404498650745f,-0.04318842416178924f,0f,0f,0f,1f],start_interpolation:0}
execute if entity @s[tag=aj.stage.bone.right_leg] run data modify entity @s {} merge value {transformation:[-0.2714404498650745f,0f,-0.9624552364536472f,-27.95419442408527f,0f,1f,0f,2.6875f,0.9624552364536472f,0f,-0.2714404498650745f,-0.1624143211515557f,0f,0f,0f,1f],start_interpolation:0}
execute if entity @s[tag=aj.stage.bone.left_leg] run data modify entity @s {} merge value {transformation:[-0.2714404498650745f,0f,-0.9624552364536472f,-28.0118755196816f,0f,1f,0f,2.6875f,0.9624552364536472f,0f,-0.2714404498650745f,0.042107416594842934f,0f,0f,0f,1f],start_interpolation:0}
execute if entity @s[tag=aj.stage.bone.platform] run data modify entity @s {} merge value {transformation:[-1.9249104729072946f,0f,0.5428808997301485f,-28f,0f,2f,0f,3f,-0.5428808997301485f,0f,-1.9249104729072946f,-3.429011037612589e-15f,0f,0f,0f,1f],start_interpolation:0}