execute if entity @s[tag=aj.stage.bone.left_straight] run data modify entity @s {} merge value {transformation:[-0.15583918467189628f,-0.01363416199191387f,0.9876883405951378f,-28.04029935144193f,-0.08715574274765818f,0.9961946980917455f,0f,3.0018115019836387f,-0.9839298882679104f,-0.08608271092777123f,-0.15643446504023065f,0.09414837352798261f,0f,0f,0f,1f],start_interpolation:0}
execute if entity @s[tag=aj.stage.bone.left_bend] run data modify entity @s {} merge value {transformation:[-0.15583918467189628f,-0.01363416199191387f,0.9876883405951378f,-27.931335687830437f,-0.08715574274765818f,0.9961946980917455f,0f,3.0451769882155957f,-0.9839298882679104f,-0.08608271092777123f,-0.15643446504023065f,0.43352940496468556f,0f,0f,0f,1f],start_interpolation:0}
execute if entity @s[tag=aj.stage.bone.right_straight] run data modify entity @s {} merge value {transformation:[-0.6904705214980984f,0.2831524271765923f,0.665638912569081f,-27.945553929240923f,0.2621381217925294f,0.9556002056484896f,-0.13458028112487153f,2.968550907607225f,-0.6741914149892663f,0.08156561744122984f,-0.7340388177788705f,0.047609143963050465f,0f,0f,0f,1f],start_interpolation:0}
execute if entity @s[tag=aj.stage.bone.microphone] run data modify entity @s {} merge value {transformation:[-0.6904705214980984f,0.29472630253308085f,0.660595841295813f,-28.325055298174075f,0.2621381217925294f,0.9531059133439806f,-0.15123730707673125f,3.3291190636437893f,-0.6741914149892663f,0.06874245081400157f,-0.7353505364184182f,0.08643812744773491f,0f,0f,0f,1f],start_interpolation:0}
execute if entity @s[tag=aj.stage.bone.right_bend] run data modify entity @s {} merge value {transformation:[-0.6904705214980984f,0.6605958412958131f,-0.2947263025330807f,-28.087282014985753f,0.2621381217925294f,-0.15123730707673103f,-0.9531059133439806f,3.148768059018862f,-0.6741914149892663f,-0.7353505364184182f,-0.06874245081400174f,-0.23081571426802347f,0f,0f,0f,1f],start_interpolation:0}
execute if entity @s[tag=aj.stage.bone.head] run data modify entity @s {} merge value {transformation:[-0.15643446504023065f,0f,0.9876883405951378f,-28.051953367222183f,0f,1f,0f,3.4375f,-0.9876883405951378f,0f,-0.15643446504023065f,0.07150767535220712f,0f,0f,0f,1f],start_interpolation:0}
execute if entity @s[tag=aj.stage.bone.outfit] run data modify entity @s {} merge value {transformation:[-0.15643446504023065f,0f,0.9876883405951378f,-28.051953367222183f,0f,1f,0f,2f,-0.9876883405951378f,0f,-0.15643446504023065f,0.07150767535220712f,0f,0f,0f,1f],start_interpolation:0}
execute if entity @s[tag=aj.stage.bone.chest] run data modify entity @s {} merge value {transformation:[-0.15643446504023065f,0f,0.9876883405951378f,-28.045793727719442f,0f,1f,0f,2.6875f,-0.9876883405951378f,0f,-0.15643446504023065f,0.05945824698365776f,0f,0f,0f,1f],start_interpolation:0}
execute if entity @s[tag=aj.stage.bone.waist] run data modify entity @s {} merge value {transformation:[-0.15643446504023065f,0f,0.9876883405951378f,-28.051953367222183f,0f,1f,0f,3.5f,-0.9876883405951378f,0f,-0.15643446504023065f,0.07150767535220712f,0f,0f,0f,1f],start_interpolation:0}
execute if entity @s[tag=aj.stage.bone.right_leg] run data modify entity @s {} merge value {transformation:[-0.15643446504023065f,0f,0.9876883405951378f,-27.973601684024462f,0f,1f,0f,2.6875f,-0.9876883405951378f,0f,-0.15643446504023065f,0.1666724074754254f,0f,0f,0f,1f],start_interpolation:0}
execute if entity @s[tag=aj.stage.bone.left_leg] run data modify entity @s {} merge value {transformation:[-0.15643446504023065f,0f,0.9876883405951378f,-28.006844007845512f,0f,1f,0f,2.6875f,-0.9876883405951378f,0f,-0.15643446504023065f,-0.043211364901039995f,0f,0f,0f,1f],start_interpolation:0}
execute if entity @s[tag=aj.stage.bone.platform] run data modify entity @s {} merge value {transformation:[1.9753766811902755f,0f,0.31286893008046174f,-28f,0f,2f,0f,3f,-0.31286893008046174f,0f,1.9753766811902755f,-3.429011037612589e-15f,0f,0f,0f,1f],start_interpolation:0}