execute if entity @s[tag=aj.stage.bone.left_straight] run data modify entity @s {} merge value {transformation:[-0.8691758963521388f,-0.07604303754079567f,-0.4886212414969548f,-27.897722518741638f,-0.08715574274765818f,0.9961946980917455f,0f,3.0018115019836387f,0.4867618901542728f,0.04258614722494995f,-0.8724960070727973f,0.005222144391972994f,0f,0f,0f,1f],start_interpolation:0}
execute if entity @s[tag=aj.stage.bone.left_bend] run data modify entity @s {} merge value {transformation:[-0.8691758963521388f,-0.07604303754079567f,-0.4886212414969548f,-27.617032358048878f,-0.08715574274765818f,0.9961946980917455f,0f,3.0451769882155957f,0.4867618901542728f,0.04258614722494995f,-0.8724960070727973f,-0.2144721845674976f,0f,0f,0f,1f],start_interpolation:0}
execute if entity @s[tag=aj.stage.bone.right_straight] run data modify entity @s {} merge value {transformation:[-0.393536919396566f,-0.021479729206181575f,-0.9190578405655925f,-27.97417822740374f,0.2621381217925294f,0.9556002056484896f,-0.13458028112487153f,2.968550907607225f,0.881142609442391f,-0.29388240538996807f,-0.3704333052349109f,-0.06755916865966571f,0f,0f,0f,1f],start_interpolation:0}
execute if entity @s[tag=aj.stage.bone.microphone] run data modify entity @s {} merge value {transformation:[-0.393536919396566f,-0.037516228712307004f,-0.9185429906406487f,-27.806397314543712f,0.2621381217925294f,0.9531059133439806f,-0.15123730707673125f,3.3291190636437893f,0.881142609442391f,-0.3003025982770418f,-0.3652479312646574f,0.2750463541511075f,0f,0f,0f,1f],start_interpolation:0}
execute if entity @s[tag=aj.stage.bone.right_bend] run data modify entity @s {} merge value {transformation:[-0.393536919396566f,-0.9185429906406487f,0.0375162287123068f,-28.186339509158355f,0.2621381217925294f,-0.15123730707673103f,-0.9531059133439806f,3.148768059018862f,0.881142609442391f,-0.36524793126465743f,0.30030259827704175f,0.16177648599116945f,0f,0f,0f,1f],start_interpolation:0}
execute if entity @s[tag=aj.stage.bone.head] run data modify entity @s {} merge value {transformation:[-0.8724960070727973f,0f,-0.4886212414969548f,-27.91493017196439f,0f,1f,0f,3.4375f,0.4886212414969548f,0f,-0.8724960070727973f,0.02399217284848671f,0f,0f,0f,1f],start_interpolation:0}
execute if entity @s[tag=aj.stage.bone.outfit] run data modify entity @s {} merge value {transformation:[-0.8724960070727973f,0f,-0.4886212414969548f,-27.91493017196439f,0f,1f,0f,2f,0.4886212414969548f,0f,-0.8724960070727973f,0.02399217284848671f,0f,0f,0f,1f],start_interpolation:0}
execute if entity @s[tag=aj.stage.bone.chest] run data modify entity @s {} merge value {transformation:[-0.8724960070727973f,0f,-0.4886212414969548f,-27.928366797559928f,0f,1f,0f,2.6875f,0.4886212414969548f,0f,-0.8724960070727973f,0.022383765120998652f,0f,0f,0f,1f],start_interpolation:0}
execute if entity @s[tag=aj.stage.bone.waist] run data modify entity @s {} merge value {transformation:[-0.8724960070727973f,0f,-0.4886212414969548f,-27.91493017196439f,0f,1f,0f,3.5f,0.4886212414969548f,0f,-0.8724960070727973f,0.02399217284848671f,0f,0f,0f,1f],start_interpolation:0}
execute if entity @s[tag=aj.stage.bone.right_leg] run data modify entity @s {} merge value {transformation:[-0.8724960070727973f,0f,-0.4886212414969548f,-27.852766298806465f,0f,1f,0f,2.6875f,0.4886212414969548f,0f,-0.8724960070727973f,-0.08245483450261423f,0f,0f,0f,1f],start_interpolation:0}
execute if entity @s[tag=aj.stage.bone.left_leg] run data modify entity @s {} merge value {transformation:[-0.8724960070727973f,0f,-0.4886212414969548f,-28.038171700309434f,0f,1f,0f,2.6875f,0.4886212414969548f,0f,-0.8724960070727973f,0.02137717931548798f,0f,0f,0f,1f],start_interpolation:0}
execute if entity @s[tag=aj.stage.bone.platform] run data modify entity @s {} merge value {transformation:[-0.9772424829939099f,0f,1.7449920141455944f,-28f,0f,2f,0f,3f,-1.7449920141455944f,0f,-0.9772424829939099f,-3.429011037612589e-15f,0f,0f,0f,1f],start_interpolation:0}