execute if entity @s[tag=aj.stage.bone.left_straight] run data modify entity @s {} merge value {transformation:[-0.9770530963041242f,-0.08548106958951375f,0.19509032201612875f,-27.92561910458806f,-0.08715574274765818f,0.9961946980917455f,0f,3.0018115019836387f,-0.1943479444414788f,-0.01700324191819551f,-0.9807852804032304f,0.07039486034025114f,0f,0f,0f,1f],start_interpolation:0}
execute if entity @s[tag=aj.stage.bone.left_bend] run data modify entity @s {} merge value {transformation:[-0.9770530963041242f,-0.08548106958951375f,0.19509032201612875f,-27.56950057874012f,-0.08715574274765818f,0.9961946980917455f,0f,3.0451769882155957f,-0.1943479444414788f,-0.01700324191819551f,-0.9807852804032304f,0.08563165903837217f,0f,0f,0f,1f],start_interpolation:0}
execute if entity @s[tag=aj.stage.bone.right_straight] run data modify entity @s {} merge value {transformation:[-0.8715041691959334f,0.174528040391241f,-0.4582798775762462f,-27.93648879984261f,0.2621381217925294f,0.9556002056484896f,-0.13458028112487153f,2.968550907607225f,0.41444431251639946f,-0.23741990245503386f,-0.8785600160154406f,-0.03460249506272389f,0f,0f,0f,1f],start_interpolation:0}
execute if entity @s[tag=aj.stage.bone.microphone] run data modify entity @s {} merge value {transformation:[-0.8715041691959334f,0.16650337223985465f,-0.46125601362677354f,-28.031411680926627f,0.2621381217925294f,0.9531059133439806f,-0.15123730707673125f,3.3291190636437893f,0.41444431251639946f,-0.2527167287329687f,-0.874282658435655f,0.3348817747341085f,0f,0f,0f,1f],start_interpolation:0}
execute if entity @s[tag=aj.stage.bone.right_bend] run data modify entity @s {} merge value {transformation:[-0.8715041691959334f,-0.4612560136267735f,-0.16650337223985476f,-28.24675909748368f,0.2621381217925294f,-0.15123730707673103f,-0.9531059133439806f,3.148768059018862f,0.41444431251639946f,-0.8742826584356551f,0.2527167287329685f,0.001997974491796173f,0f,0f,0f,1f],start_interpolation:0}
execute if entity @s[tag=aj.stage.bone.head] run data modify entity @s {} merge value {transformation:[-0.9807852804032304f,0f,0.19509032201612875f,-27.950894065100805f,0f,1f,0f,3.4375f,-0.19509032201612875f,0f,-0.9807852804032304f,0.0734922251512065f,0f,0f,0f,1f],start_interpolation:0}
execute if entity @s[tag=aj.stage.bone.outfit] run data modify entity @s {} merge value {transformation:[-0.9807852804032304f,0f,0.19509032201612875f,-27.950894065100805f,0f,1f,0f,2f,-0.19509032201612875f,0f,-0.9807852804032304f,0.0734922251512065f,0f,0f,0f,1f],start_interpolation:0}
execute if entity @s[tag=aj.stage.bone.chest] run data modify entity @s {} merge value {transformation:[-0.9807852804032304f,0f,0.19509032201612875f,-27.96006677810165f,0f,1f,0f,2.6875f,-0.19509032201612875f,0f,-0.9807852804032304f,0.06354279205094171f,0f,0f,0f,1f],start_interpolation:0}
execute if entity @s[tag=aj.stage.bone.waist] run data modify entity @s {} merge value {transformation:[-0.9807852804032304f,0f,0.19509032201612875f,-27.950894065100805f,0f,1f,0f,3.5f,-0.19509032201612875f,0f,-0.9807852804032304f,0.0734922251512065f,0f,0f,0f,1f],start_interpolation:0}
execute if entity @s[tag=aj.stage.bone.right_leg] run data modify entity @s {} merge value {transformation:[-0.9807852804032304f,0f,0.19509032201612875f,-27.834492483931953f,0f,1f,0f,2.6875f,-0.19509032201612875f,0f,-0.9807852804032304f,0.03292149184021814f,0f,0f,0f,1f],start_interpolation:0}
execute if entity @s[tag=aj.stage.bone.left_leg] run data modify entity @s {} merge value {transformation:[-0.9807852804032304f,0f,0.19509032201612875f,-28.04290935601764f,0f,1f,0f,2.6875f,-0.19509032201612875f,0f,-0.9807852804032304f,-0.008535201588208946f,0f,0f,0f,1f],start_interpolation:0}
execute if entity @s[tag=aj.stage.bone.platform] run data modify entity @s {} merge value {transformation:[0.39018064403225705f,0f,1.9615705608064609f,-28f,0f,2f,0f,3f,-1.9615705608064609f,0f,0.39018064403225705f,-3.429011037612589e-15f,0f,0f,0f,1f],start_interpolation:0}