execute if entity @s[tag=aj.stage.bone.left_straight] run data modify entity @s {} merge value {transformation:[-0.9960026720819719f,-0.08713894264870087f,-0.019633692460628172f,-27.91226101623987f,-0.08715574274765818f,0.9961946980917455f,0f,3.0018115019836387f,0.019558980333241664f,0.0017111890492851449f,-0.9998072404820649f,0.052818791100752646f,0f,0f,0f,1f],start_interpolation:0}
execute if entity @s[tag=aj.stage.bone.left_bend] run data modify entity @s {} merge value {transformation:[-0.9960026720819719f,-0.08713894264870087f,-0.019633692460628172f,-27.5611512050609f,-0.08715574274765818f,0.9961946980917455f,0f,3.0451769882155957f,0.019558980333241664f,0.0017111890492851449f,-0.9998072404820649f,-0.008617883455615562f,0f,0f,0f,1f],start_interpolation:0}
execute if entity @s[tag=aj.stage.bone.right_straight] run data modify entity @s {} merge value {transformation:[-0.7624363282914637f,0.11959177697202998f,-0.6359156014614704f,-27.945380058015353f,0.2621381217925294f,0.9556002056484896f,-0.13458028112487153f,2.968550907607225f,0.5915863845665454f,-0.26930661678695655f,-0.7599338759064811f,-0.04740956810171769f,0f,0f,0f,1f],start_interpolation:0}
execute if entity @s[tag=aj.stage.bone.microphone] run data modify entity @s {} merge value {transformation:[-0.7624363282914637f,0.10847530502862612f,-0.6379059127335143f,-27.958913628683877f,0.2621381217925294f,0.9531059133439806f,-0.15123730707673125f,3.3291190636437893f,0.5915863845665454f,-0.2825282749525842f,-0.7551180857639423f,0.3338329025721938f,0f,0f,0f,1f],start_interpolation:0}
execute if entity @s[tag=aj.stage.bone.right_bend] run data modify entity @s {} merge value {transformation:[-0.7624363282914637f,-0.6379059127335143f,-0.10847530502862626f,-28.240597683106405f,0.2621381217925294f,-0.15123730707673103f,-0.9531059133439806f,3.148768059018862f,0.5915863845665454f,-0.7551180857639425f,0.28252827495258404f,0.05483428650815909f,0f,0f,0f,1f],start_interpolation:0}
execute if entity @s[tag=aj.stage.bone.head] run data modify entity @s {} merge value {transformation:[-0.9998072404820649f,0f,-0.019633692460628172f,-27.93628494169108f,0f,1f,0f,3.4375f,0.019633692460628172f,0f,-0.9998072404820649f,0.061260846751336355f,0f,0f,0f,1f],start_interpolation:0}
execute if entity @s[tag=aj.stage.bone.outfit] run data modify entity @s {} merge value {transformation:[-0.9998072404820649f,0f,-0.019633692460628172f,-27.93628494169108f,0f,1f,0f,2f,0.019633692460628172f,0f,-0.9998072404820649f,0.061260846751336355f,0f,0f,0f,1f],start_interpolation:0}
execute if entity @s[tag=aj.stage.bone.chest] run data modify entity @s {} merge value {transformation:[-0.9998072404820649f,0f,-0.019633692460628172f,-27.94737678937065f,0f,1f,0f,2.6875f,0.019633692460628172f,0f,-0.9998072404820649f,0.05350837631503304f,0f,0f,0f,1f],start_interpolation:0}
execute if entity @s[tag=aj.stage.bone.waist] run data modify entity @s {} merge value {transformation:[-0.9998072404820649f,0f,-0.019633692460628172f,-27.93628494169108f,0f,1f,0f,3.5f,0.019633692460628172f,0f,-0.9998072404820649f,0.061260846751336355f,0f,0f,0f,1f],start_interpolation:0}
execute if entity @s[tag=aj.stage.bone.right_leg] run data modify entity @s {} merge value {transformation:[-0.9998072404820649f,0f,-0.019633692460628172f,-27.831282528168654f,0f,1f,0f,2.6875f,0.019633692460628172f,0f,-0.9998072404820649f,-0.003313185602734435f,0f,0f,0f,1f],start_interpolation:0}
execute if entity @s[tag=aj.stage.bone.left_leg] run data modify entity @s {} merge value {transformation:[-0.9998072404820649f,0f,-0.019633692460628172f,-28.04374156677109f,0f,1f,0f,2.6875f,0.019633692460628172f,0f,-0.9998072404820649f,0.0008589740451490288f,0f,0f,0f,1f],start_interpolation:0}
execute if entity @s[tag=aj.stage.bone.platform] run data modify entity @s {} merge value {transformation:[-0.03926738492125679f,0f,1.9996144809641299f,-28f,0f,2f,0f,3f,-1.9996144809641299f,0f,-0.03926738492125679f,-3.429011037612589e-15f,0f,0f,0f,1f],start_interpolation:0}