execute if entity @s[tag=aj.stage.bone.left_straight] run data modify entity @s {} merge value {transformation:[-0.731528190589256f,-0.06400042372619143f,-0.6788007455329415f,-27.899329368292637f,-0.08715574274765818f,0.9961946980917455f,0f,3.0018115019836387f,0.6762177037606404f,0.059161383154587625f,-0.7343225094356858f,-0.018798347699896245f,0f,0f,0f,1f],start_interpolation:0}
execute if entity @s[tag=aj.stage.bone.left_bend] run data modify entity @s {} merge value {transformation:[-0.731528190589256f,-0.06400042372619143f,-0.6788007455329415f,-27.677681321644428f,-0.08715574274765818f,0.9961946980917455f,0f,3.0451769882155957f,0.6762177037606404f,0.059161383154587625f,-0.7343225094356858f,-0.29794832155573125f,0f,0f,0f,1f],start_interpolation:0}
execute if entity @s[tag=aj.stage.bone.right_straight] run data modify entity @s {} merge value {transformation:[-0.1769648059169649f,-0.08949172763548817f,-0.980140136996535f,-27.990663059745607f,0.2621381217925294f,0.9556002056484896f,-0.13458028112487153f,2.968550907607225f,0.9486659383417622f,-0.28074806793525764f,-0.14564841152846136f,-0.07172047655087024f,0f,0f,0f,1f],start_interpolation:0}
execute if entity @s[tag=aj.stage.bone.microphone] run data modify entity @s {} merge value {transformation:[-0.1769648059169649f,-0.10658390164826476f,-0.9784290109027859f,-27.747538275932044f,0.2621381217925294f,0.9531059133439806f,-0.15123730707673125f,3.3291190636437893f,0.9486659383417622f,-0.28324722391961676f,-0.14072649918183344f,0.22225115214176017f,0f,0f,0f,1f],start_interpolation:0}
execute if entity @s[tag=aj.stage.bone.right_bend] run data modify entity @s {} merge value {transformation:[-0.1769648059169649f,-0.9784290109027859f,0.10658390164826453f,-28.14342496305171f,0.2621381217925294f,-0.15123730707673103f,-0.9531059133439806f,3.148768059018862f,0.9486659383417622f,-0.1407264991818335f,0.2832472239196167f,0.2008066833216522f,0f,0f,0f,1f],start_interpolation:0}
execute if entity @s[tag=aj.stage.bone.head] run data modify entity @s {} merge value {transformation:[-0.7343225094356858f,0f,-0.6788007455329415f,-27.91167979656446f,0f,1f,0f,3.4375f,0.6788007455329415f,0f,-0.7343225094356858f,0.0034701102439180774f,0f,0f,0f,1f],start_interpolation:0}
execute if entity @s[tag=aj.stage.bone.outfit] run data modify entity @s {} merge value {transformation:[-0.7343225094356858f,0f,-0.6788007455329415f,-27.91167979656446f,0f,1f,0f,2f,0.6788007455329415f,0f,-0.7343225094356858f,0.003470110243918077f,0f,0f,0f,1f],start_interpolation:0}
execute if entity @s[tag=aj.stage.bone.chest] run data modify entity @s {} merge value {transformation:[-0.7343225094356858f,0f,-0.6788007455329415f,-27.92512064245238f,0f,1f,0f,2.6875f,0.6788007455329415f,0f,-0.7343225094356858f,0.005042860901119488f,0f,0f,0f,1f],start_interpolation:0}
execute if entity @s[tag=aj.stage.bone.waist] run data modify entity @s {} merge value {transformation:[-0.7343225094356858f,0f,-0.6788007455329415f,-27.91167979656446f,0f,1f,0f,3.5f,0.6788007455329415f,0f,-0.7343225094356858f,0.0034701102439180774f,0f,0f,0f,1f],start_interpolation:0}
execute if entity @s[tag=aj.stage.bone.right_leg] run data modify entity @s {} merge value {transformation:[-0.7343225094356858f,0f,-0.6788007455329415f,-27.876083076532726f,0f,1f,0f,2.6875f,0.6788007455329415f,0f,-0.7343225094356858f,-0.11454762580868683f,0f,0f,0f,1f],start_interpolation:0}
execute if entity @s[tag=aj.stage.bone.left_leg] run data modify entity @s {} merge value {transformation:[-0.7343225094356858f,0f,-0.6788007455329415f,-28.03212660978781f,0f,1f,0f,2.6875f,0.6788007455329415f,0f,-0.7343225094356858f,0.02969753261706226f,0f,0f,0f,1f],start_interpolation:0}
execute if entity @s[tag=aj.stage.bone.platform] run data modify entity @s {} merge value {transformation:[-1.3576014910658831f,0f,1.4686450188713713f,-28f,0f,2f,0f,3f,-1.4686450188713713f,0f,-1.3576014910658831f,-3.429011037612589e-15f,0f,0f,0f,1f],start_interpolation:0}