execute if entity @s[tag=aj.stage.bone.left_straight] run data modify entity @s {} merge value {transformation:[-0.4153125318687394f,-0.05283442729590052f,-0.9081431738250811f,-27.907230122247803f,-0.12619896913582976f,0.992004949679715f,0f,2.989586885133746f,0.9008825234523262f,0.11460673236446589f,-0.41865973753742847f,-0.07098146430808772f,0f,0f,0f,1f],start_interpolation:0}
execute if entity @s[tag=aj.stage.bone.left_bend] run data modify entity @s {} merge value {transformation:[-0.4153125318687394f,-0.05283442729590052f,-0.9081431738250811f,-27.810106571389458f,-0.12619896913582976f,0.992004949679715f,0f,3.046748143870107f,0.9008825234523262f,0.11460673236446589f,-0.41865973753742847f,-0.4119106890031174f,0f,0f,0f,1f],start_interpolation:0}
execute if entity @s[tag=aj.stage.bone.right_straight] run data modify entity @s {} merge value {transformation:[0.19954457529095798f,-0.19011720975883398f,-0.9612686456061421f,-28.01882003014003f,0.2621381217925294f,0.9556002056484896f,-0.13458028112487153f,2.968550907607225f,0.9441745429606945f,-0.22513039225764242f,0.2405218054706969f,-0.06983417269164369f,0f,0f,0f,1f],start_interpolation:0}
execute if entity @s[tag=aj.stage.bone.microphone] run data modify entity @s {} merge value {transformation:[0.19954457529095798f,-0.13107855592425677f,-0.9710820638075666f,-27.666789571398713f,0.2621381217925294f,0.9620337482497135f,-0.07599126483808272f,3.298796957544788f,0.9441745429606945f,-0.2393939836449907f,0.22632930216731903f,0.11398687359150425f,0f,0f,0f,1f],start_interpolation:0}
execute if entity @s[tag=aj.stage.bone.right_bend] run data modify entity @s {} merge value {transformation:[0.19954457529095798f,-0.9710820638075666f,0.13107855592425655f,-28.055661996999284f,0.2621381217925294f,-0.07599126483808251f,-0.9620337482497135f,3.148768059018862f,0.9441745429606945f,0.22632930216731897f,0.23939398364499076f,0.24040754185981533f,0f,0f,0f,1f],start_interpolation:0}
execute if entity @s[tag=aj.stage.bone.head] run data modify entity @s {} merge value {transformation:[-0.41865973753742847f,0f,-0.9081431738250811f,-27.917074818039843f,0f,1f,0f,3.4375f,0.9081431738250811f,0f,-0.41865973753742847f,-0.03059271476798174f,0f,0f,0f,1f],start_interpolation:0}
execute if entity @s[tag=aj.stage.bone.outfit] run data modify entity @s {} merge value {transformation:[-0.41865973753742847f,0f,-0.9081431738250811f,-27.917074818039843f,0f,1f,0f,2f,0.9081431738250811f,0f,-0.41865973753742847f,-0.03059271476798174f,0f,0f,0f,1f],start_interpolation:0}
execute if entity @s[tag=aj.stage.bone.chest] run data modify entity @s {} merge value {transformation:[-0.41865973753742847f,0f,-0.9081431738250811f,-27.92889067483558f,0f,1f,0f,2.6875f,0.9081431738250811f,0f,-0.41865973753742847f,-0.02399609358777065f,0f,0f,0f,1f],start_interpolation:0}
execute if entity @s[tag=aj.stage.bone.waist] run data modify entity @s {} merge value {transformation:[-0.41865973753742847f,0f,-0.9081431738250811f,-27.917074818039843f,0f,1f,0f,3.5f,0.9081431738250811f,0f,-0.41865973753742847f,-0.03059271476798174f,0f,0f,0f,1f],start_interpolation:0}
execute if entity @s[tag=aj.stage.bone.right_leg] run data modify entity @s {} merge value {transformation:[-0.41865973753742847f,0f,-0.9081431738250811f,-27.92935116929056f,0f,1f,0f,2.6875f,0.9081431738250811f,0f,-0.41865973753742847f,-0.15324916058298527f,0f,0f,0f,1f],start_interpolation:0}
execute if entity @s[tag=aj.stage.bone.left_leg] run data modify entity @s {} merge value {transformation:[-0.41865973753742847f,0f,-0.9081431738250811f,-28.01831636351726f,0f,1f,0f,2.6875f,0.9081431738250811f,0f,-0.41865973753742847f,0.0397312638548432f,0f,0f,0f,1f],start_interpolation:0}
execute if entity @s[tag=aj.stage.bone.platform] run data modify entity @s {} merge value {transformation:[-1.8162863476501625f,0f,0.8373194750748565f,-28f,0f,2f,0f,3f,-0.8373194750748565f,0f,-1.8162863476501625f,-3.429011037612589e-15f,0f,0f,0f,1f],start_interpolation:0}