execute if entity @s[tag=aj.stage.bone.left_straight] run data modify entity @s {} merge value {transformation:[-0.9913977483327254f,-0.0867360640242405f,0.098017140329561f,-27.91907736602539f,-0.08715574274765818f,0.9961946980917455f,0f,3.0018115019836387f,-0.09764415551842329f,-0.008542756667424331f,-0.9951847266721968f,0.06276528718341004f,0f,0f,0f,1f],start_interpolation:0}
execute if entity @s[tag=aj.stage.bone.left_bend] run data modify entity @s {} merge value {transformation:[-0.9913977483327254f,-0.0867360640242405f,0.098017140329561f,-27.563180180780332f,-0.08715574274765818f,0.9961946980917455f,0f,3.0451769882155957f,-0.09764415551842329f,-0.008542756667424331f,-0.9951847266721968f,0.04302299700916484f,0f,0f,0f,1f],start_interpolation:0}
execute if entity @s[tag=aj.stage.bone.right_straight] run data modify entity @s {} merge value {transformation:[-0.8266849920762268f,0.15041642027742563f,-0.5421870750828108f,-27.940186261245064f,0.2621381217925294f,0.9556002056484896f,-0.13458028112487153f,2.968550907607225f,0.4978709963223544f,-0.253383400157724f,-0.8294102263328423f,-0.0406610608094985f,0f,0f,0f,1f],start_interpolation:0}
execute if entity @s[tag=aj.stage.bone.microphone] run data modify entity @s {} merge value {transformation:[-0.8266849920762268f,0.14093104192867187f,-0.5447296258666565f,-27.99843627118935f,0.2621381217925294f,0.9531059133439806f,-0.15123730707673125f,3.3291190636437893f,0.4978709963223544f,-0.2678200130117901f,-0.8248617530540198f,0.3363481105936363f,0f,0f,0f,1f],start_interpolation:0}
execute if entity @s[tag=aj.stage.bone.right_bend] run data modify entity @s {} merge value {transformation:[-0.8266849920762268f,-0.5447296258666565f,-0.14093104192867198f,-28.245375049237033f,0.2621381217925294f,-0.15123730707673103f,-0.9531059133439806f,3.148768059018862f,0.4978709963223544f,-0.8248617530540199f,0.2678200130117899f,0.02617497478416951f,0f,0f,0f,1f],start_interpolation:0}
execute if entity @s[tag=aj.stage.bone.head] run data modify entity @s {} merge value {transformation:[-0.9951847266721968f,0f,0.098017140329561f,-27.943927025853586f,0f,1f,0f,3.4375f,-0.098017140329561f,0f,-0.9951847266721968f,0.06832511668760642f,0f,0f,0f,1f],start_interpolation:0}
execute if entity @s[tag=aj.stage.bone.outfit] run data modify entity @s {} merge value {transformation:[-0.9951847266721968f,0f,0.098017140329561f,-27.943927025853586f,0f,1f,0f,2f,-0.098017140329561f,0f,-0.9951847266721968f,0.06832511668760642f,0f,0f,0f,1f],start_interpolation:0}
execute if entity @s[tag=aj.stage.bone.chest] run data modify entity @s {} merge value {transformation:[-0.9951847266721968f,0f,0.098017140329561f,-27.95403078471456f,0f,1f,0f,2.6875f,-0.098017140329561f,0f,-0.9951847266721968f,0.059322675924582714f,0f,0f,0f,1f],start_interpolation:0}
execute if entity @s[tag=aj.stage.bone.waist] run data modify entity @s {} merge value {transformation:[-0.9951847266721968f,0f,0.098017140329561f,-27.943927025853586f,0f,1f,0f,3.5f,-0.098017140329561f,0f,-0.9951847266721968f,0.06832511668760642f,0f,0f,0f,1f],start_interpolation:0}
execute if entity @s[tag=aj.stage.bone.right_leg] run data modify entity @s {} merge value {transformation:[-0.9951847266721968f,0f,0.098017140329561f,-27.832062577374067f,0f,1f,0f,2.6875f,-0.098017140329561f,0f,-0.9951847266721968f,0.01654039243060991f,0f,0f,0f,1f],start_interpolation:0}
execute if entity @s[tag=aj.stage.bone.left_leg] run data modify entity @s {} merge value {transformation:[-0.9951847266721968f,0f,0.098017140329561f,-28.04353933179191f,0f,1f,0f,2.6875f,-0.098017140329561f,0f,-0.9951847266721968f,-0.004288249889421669f,0f,0f,0f,1f],start_interpolation:0}
execute if entity @s[tag=aj.stage.bone.platform] run data modify entity @s {} merge value {transformation:[0.19603428065912157f,0f,1.9903694533443936f,-28f,0f,2f,0f,3f,-1.9903694533443936f,0f,0.19603428065912157f,-3.429011037612589e-15f,0f,0f,0f,1f],start_interpolation:0}