execute if entity @s[tag=aj.stage.bone.left_straight] run data modify entity @s {} merge value {transformation:[-0.9770530963041242f,-0.08548106958951375f,-0.19509032201612797f,-27.90434206634318f,-0.08715574274765818f,0.9961946980917455f,0f,3.0018115019836387f,0.19434794444147802f,0.017003241918195446f,-0.9807852804032304f,0.03657203430371936f,0f,0f,0f,1f],start_interpolation:0}
execute if entity @s[tag=aj.stage.bone.left_bend] run data modify entity @s {} merge value {transformation:[-0.9770530963041242f,-0.08548106958951375f,-0.19509032201612797f,-27.569500578740122f,-0.08715574274765818f,0.9961946980917455f,0f,3.0451769882155957f,0.19434794444147802f,0.017003241918195446f,-0.9807852804032304f,-0.08563165903837872f,0f,0f,0f,1f],start_interpolation:0}
execute if entity @s[tag=aj.stage.bone.right_straight] run data modify entity @s {} merge value {transformation:[-0.6465638923804103f,0.0703862211834935f,-0.7596057615219891f,-27.954565103668358f,0.2621381217925294f,0.9556002056484896f,-0.13458028112487153f,2.968550907607225f,0.7164068244879985f,-0.2861363780299051f,-0.6363075003447226f,-0.05627322103212956f,0f,0f,0f,1f],start_interpolation:0}
execute if entity @s[tag=aj.stage.bone.microphone] run data modify entity @s {} merge value {transformation:[-0.6465638923804103f,0.05711855253889984f,-0.7607184788249551f,-27.90086690209812f,0.2621381217925294f,0.9531059133439806f,-0.15123730707673125f,3.3291190636437893f,0.7164068244879985f,-0.2971978951887066f,-0.6312168192645253f,0.3214111473612554f,0f,0f,0f,1f],start_interpolation:0}
execute if entity @s[tag=aj.stage.bone.right_bend] run data modify entity @s {} merge value {transformation:[-0.6465638923804103f,-0.7607184788249551f,-0.057118552538900004f,-28.227211087889827f,0.2621381217925294f,-0.15123730707673103f,-0.9531059133439806f,3.148768059018862f,0.7164068244879985f,-0.6312168192645254f,0.29719789518870643f,0.09627650613181532f,0f,0f,0f,1f],start_interpolation:0}
execute if entity @s[tag=aj.stage.bone.head] run data modify entity @s {} merge value {transformation:[-0.9807852804032304f,0f,-0.19509032201612797f,-27.92650777484879f,0f,1f,0f,3.4375f,0.19509032201612797f,0f,-0.9807852804032304f,0.04910593489919046f,0f,0f,0f,1f],start_interpolation:0}
execute if entity @s[tag=aj.stage.bone.outfit] run data modify entity @s {} merge value {transformation:[-0.9807852804032304f,0f,-0.19509032201612797f,-27.92650777484879f,0f,1f,0f,2f,0.19509032201612797f,0f,-0.9807852804032304f,0.04910593489919046f,0f,0f,0f,1f],start_interpolation:0}
execute if entity @s[tag=aj.stage.bone.chest] run data modify entity @s {} merge value {transformation:[-0.9807852804032304f,0f,-0.19509032201612797f,-27.938789739856766f,0f,1f,0f,2.6875f,0.19509032201612797f,0f,-0.9807852804032304f,0.043424102593028764f,0f,0f,0f,1f],start_interpolation:0}
execute if entity @s[tag=aj.stage.bone.waist] run data modify entity @s {} merge value {transformation:[-0.9807852804032304f,0f,-0.19509032201612797f,-27.92650777484879f,0f,1f,0f,3.5f,0.19509032201612797f,0f,-0.9807852804032304f,0.04910593489919046f,0f,0f,0f,1f],start_interpolation:0}
execute if entity @s[tag=aj.stage.bone.right_leg] run data modify entity @s {} merge value {transformation:[-0.9807852804032304f,0f,-0.19509032201612797f,-27.834492483931957f,0f,1f,0f,2.6875f,0.19509032201612797f,0f,-0.9807852804032304f,-0.0329214918402249f,0f,0f,0f,1f],start_interpolation:0}
execute if entity @s[tag=aj.stage.bone.left_leg] run data modify entity @s {} merge value {transformation:[-0.9807852804032304f,0f,-0.19509032201612797f,-28.042909356017642f,0f,1f,0f,2.6875f,0.19509032201612797f,0f,-0.9807852804032304f,0.008535201588202021f,0f,0f,0f,1f],start_interpolation:0}
execute if entity @s[tag=aj.stage.bone.platform] run data modify entity @s {} merge value {transformation:[-0.3901806440322564f,0f,1.9615705608064609f,-28f,0f,2f,0f,3f,-1.9615705608064609f,0f,-0.3901806440322564f,-3.429011037612589e-15f,0f,0f,0f,1f],start_interpolation:0}