execute if entity @s[tag=aj.stage.bone.left_straight] run data modify entity @s {} merge value {transformation:[-0.019555200553919978f,-0.0017538560187523485f,-0.9998072404820648f,-27.94375943984453f,-0.08932889329245368f,0.9960021831417567f,0f,3.001115312192902f,0.9958101942410719f,0.08931167429804494f,-0.019633692460628644f,-0.08650788717446017f,0f,0f,0f,1f],start_interpolation:0}
execute if entity @s[tag=aj.stage.bone.left_bend] run data modify entity @s {} merge value {transformation:[-0.019555200553919978f,-0.0017538560187523485f,-0.9998072404820648f,-27.991366116430836f,-0.08932889329245368f,0.9960021831417567f,0f,3.045249181321841f,0.9958101942410719f,0.08931167429804494f,-0.019633692460628644f,-0.4396635693076092f,0f,0f,0f,1f],start_interpolation:0}
execute if entity @s[tag=aj.stage.bone.right_straight] run data modify entity @s {} merge value {transformation:[0.561197183126819f,-0.26440384001505873f,-0.7843139237804049f,-28.045228648183777f,0.2621381217925294f,0.9556002056484896f,-0.13458028112487153f,2.968550907607225f,0.7850740899772508f,-0.13007250420383104f,0.6055904696216211f,-0.056439122897739f,0f,0f,0f,1f],start_interpolation:0}
execute if entity @s[tag=aj.stage.bone.microphone] run data modify entity @s {} merge value {transformation:[0.561197183126819f,-0.2746475399599025f,-0.7807857903705069f,-27.663886992575563f,0.2621381217925294f,0.9537567356087899f,-0.147077171525529f,3.3274620795278236f,0.7850740899772508f,-0.12213442624763339f,0.6072411836919105f,-0.028056022690245652f,0f,0f,0f,1f],start_interpolation:0}
execute if entity @s[tag=aj.stage.bone.right_bend] run data modify entity @s {} merge value {transformation:[0.561197183126819f,-0.780785790370507f,0.2746475399599023f,-27.954653809450317f,0.2621381217925294f,-0.14707717152552877f,-0.9537567356087899f,3.148768059018862f,0.7850740899772508f,0.6072411836919105f,0.12213442624763353f,0.24256497499774987f,0f,0f,0f,1f],start_interpolation:0}
execute if entity @s[tag=aj.stage.bone.head] run data modify entity @s {} merge value {transformation:[-0.019633692460628644f,0f,-0.9998072404820648f,-27.93628494169108f,0f,1f,0f,3.4375f,0.9998072404820648f,0f,-0.019633692460628644f,-0.061260846751343204f,0f,0f,0f,1f],start_interpolation:0}
execute if entity @s[tag=aj.stage.bone.outfit] run data modify entity @s {} merge value {transformation:[-0.019633692460628644f,0f,-0.9998072404820648f,-27.93628494169108f,0f,1f,0f,2f,0.9998072404820648f,0f,-0.019633692460628644f,-0.061260846751343204f,0f,0f,0f,1f],start_interpolation:0}
execute if entity @s[tag=aj.stage.bone.chest] run data modify entity @s {} merge value {transformation:[-0.019633692460628644f,0f,-0.9998072404820648f,-27.944466899149962f,0f,1f,0f,2.6875f,0.9998072404820648f,0f,-0.019633692460628644f,-0.05048191104536554f,0f,0f,0f,1f],start_interpolation:0}
execute if entity @s[tag=aj.stage.bone.waist] run data modify entity @s {} merge value {transformation:[-0.019633692460628644f,0f,-0.9998072404820648f,-27.93628494169108f,0f,1f,0f,3.5f,0.9998072404820648f,0f,-0.019633692460628644f,-0.061260846751343204f,0f,0f,0f,1f],start_interpolation:0}
execute if entity @s[tag=aj.stage.bone.right_leg] run data modify entity @s {} merge value {transformation:[-0.019633692460628644f,0f,-0.9998072404820648f,-27.99668681439727f,0f,1f,0f,2.6875f,0.9998072404820648f,0f,-0.019633692460628644f,-0.16871747183135116f,0f,0f,0f,1f],start_interpolation:0}
execute if entity @s[tag=aj.stage.bone.left_leg] run data modify entity @s {} merge value {transformation:[-0.019633692460628644f,0f,-0.9998072404820648f,-28.00085897404515f,0f,1f,0f,2.6875f,0.9998072404820648f,0f,-0.019633692460628644f,0.04374156677108619f,0f,0f,0f,1f],start_interpolation:0}
execute if entity @s[tag=aj.stage.bone.platform] run data modify entity @s {} merge value {transformation:[-1.9996144809641296f,0f,0.039267384921256844f,-28f,0f,2f,0f,3f,-0.039267384921256844f,0f,-1.9996144809641296f,-3.429011037612589e-15f,0f,0f,0f,1f],start_interpolation:0}