execute if entity @s[tag=aj.stage.bone.left_straight] run data modify entity @s {} merge value {transformation:[-0.174792743887559f,-0.01875709793694782f,-0.9844265680898916f,-27.929629175882567f,-0.10669792298194264f,0.9942914830326867f,0f,2.9956176307671765f,0.9788069523228764f,0.10503627014343336f,-0.17579627993435482f,-0.08386786617491115f,0f,0f,0f,1f],start_interpolation:0}
execute if entity @s[tag=aj.stage.bone.left_bend] run data modify entity @s {} merge value {transformation:[-0.174792743887559f,-0.01875709793694782f,-0.9844265680898916f,-27.921548849550312f,-0.10669792298194264f,0.9942914830326867f,0f,3.045890693862743f,0.9788069523228764f,0.10503627014343336f,-0.17579627993435482f,-0.43931189459030945f,0f,0f,0f,1f],start_interpolation:0}
execute if entity @s[tag=aj.stage.bone.right_straight] run data modify entity @s {} merge value {transformation:[0.43147526926665625f,-0.24080076737988615f,-0.8693929390330499f,-28.03584278447415f,0.2621381217925294f,0.9556002056484896f,-0.13458028112487153f,2.968550907607225f,0.863199106298397f,-0.16983296910147447f,0.4754409169306172f,-0.0628195830226348f,0f,0f,0f,1f],start_interpolation:0}
execute if entity @s[tag=aj.stage.bone.microphone] run data modify entity @s {} merge value {transformation:[0.43147526926665625f,-0.2217777563032476f,-0.8744390881132682f,-27.656425188601617f,0.2621381217925294f,0.95830865203777f,-0.11370194603716097f,3.3140859573189307f,0.863199106298397f,-0.18016424239745735f,0.4716228881712577f,0.025326687236795625f,0f,0f,0f,1f],start_interpolation:0}
execute if entity @s[tag=aj.stage.bone.right_bend] run data modify entity @s {} merge value {transformation:[0.43147526926665625f,-0.8744390881132682f,0.2217777563032474f,-27.993157618404943f,0.2621381217925294f,-0.11370194603716076f,-0.95830865203777f,3.148768059018862f,0.863199106298397f,0.47162288817125764f,0.18016424239745746f,0.2466723047022806f,0f,0f,0f,1f],start_interpolation:0}
execute if entity @s[tag=aj.stage.bone.head] run data modify entity @s {} merge value {transformation:[-0.17579627993435482f,0f,-0.9844265680898916f,-27.927486071998484f,0f,1f,0f,3.4375f,0.9844265680898916f,0f,-0.17579627993435482f,-0.05053939300972449f,0f,0f,0f,1f],start_interpolation:0}
execute if entity @s[tag=aj.stage.bone.outfit] run data modify entity @s {} merge value {transformation:[-0.17579627993435482f,0f,-0.9844265680898916f,-27.927486071998484f,0f,1f,0f,2f,0.9844265680898916f,0f,-0.17579627993435482f,-0.05053939300972449f,0f,0f,0f,1f],start_interpolation:0}
execute if entity @s[tag=aj.stage.bone.chest] run data modify entity @s {} merge value {transformation:[-0.17579627993435482f,0f,-0.9844265680898916f,-27.93725349302473f,0f,1f,0f,2.6875f,0.9844265680898916f,0f,-0.17579627993435482f,-0.041173104026967486f,0f,0f,0f,1f],start_interpolation:0}
execute if entity @s[tag=aj.stage.bone.waist] run data modify entity @s {} merge value {transformation:[-0.17579627993435482f,0f,-0.9844265680898916f,-27.927486071998484f,0f,1f,0f,3.5f,0.9844265680898916f,0f,-0.17579627993435482f,-0.05053939300972449f,0f,0f,0f,1f],start_interpolation:0}
execute if entity @s[tag=aj.stage.bone.right_leg] run data modify entity @s {} merge value {transformation:[-0.17579627993435482f,0f,-0.9844265680898916f,-27.970334377761077f,0f,1f,0f,2.6875f,0.9844265680898916f,0f,-0.17579627993435482f,-0.16612198336517195f,0f,0f,0f,1f],start_interpolation:0}
execute if entity @s[tag=aj.stage.bone.left_leg] run data modify entity @s {} merge value {transformation:[-0.17579627993435482f,0f,-0.9844265680898916f,-28.007691087247128f,0f,1f,0f,2.6875f,0.9844265680898916f,0f,-0.17579627993435482f,0.043068662353928616f,0f,0f,0f,1f],start_interpolation:0}
execute if entity @s[tag=aj.stage.bone.platform] run data modify entity @s {} merge value {transformation:[-1.9688531361797832f,0f,0.3515925598687092f,-28f,0f,2f,0f,3f,-0.3515925598687092f,0f,-1.9688531361797832f,-3.429011037612589e-15f,0f,0f,0f,1f],start_interpolation:0}