execute if entity @s[tag=aj.stage.bone.left_straight] run data modify entity @s {} merge value {transformation:[-0.2704075370032248f,-0.02365759401974898f,0.9624552364536475f,-28.028954059953357f,-0.08715574274765818f,0.9961946980917455f,0f,3.0018115019836387f,-0.9587928037057609f,-0.08388350099449063f,-0.2714404498650738f,0.09823246091197302f,0f,0f,0f,1f],start_interpolation:0}
execute if entity @s[tag=aj.stage.bone.left_bend] run data modify entity @s {} merge value {transformation:[-0.2704075370032248f,-0.02365759401974898f,0.9624552364536475f,-27.88085571948491f,-0.08715574274765818f,0.9961946980917455f,0f,3.0451769882155957f,-0.9587928037057609f,-0.08388350099449063f,-0.2714404498650738f,0.42245375268222485f,0f,0f,0f,1f],start_interpolation:0}
execute if entity @s[tag=aj.stage.bone.right_straight] run data modify entity @s {} merge value {transformation:[-0.7649271996632351f,0.2907767543353844f,0.5747479955193763f,-27.940335469647408f,0.2621381217925294f,0.9556002056484896f,-0.13458028112487153f,2.968550907607225f,-0.5883621200574067f,0.047719242478731466f,-0.807188261546716f,0.04087968967350383f,0f,0f,0f,1f],start_interpolation:0}
execute if entity @s[tag=aj.stage.bone.microphone] run data modify entity @s {} merge value {transformation:[-0.7649271996632351f,0.30076320324410855f,0.5695857045166289f,-28.31264245084141f,0.2621381217925294f,0.9531059133439806f,-0.15123730707673125f,3.3291190636437893f,-0.5883621200574067f,0.03362459699505093f,-0.8078981384793964f,0.12404513162385683f,0f,0f,0f,1f],start_interpolation:0}
execute if entity @s[tag=aj.stage.bone.right_bend] run data modify entity @s {} merge value {transformation:[-0.7649271996632351f,0.569585704516629f,-0.30076320324410843f,-28.11380649428925f,0.2621381217925294f,-0.15123730707673103f,-0.9531059133439806f,3.148768059018862f,-0.5883621200574067f,-0.8078981384793964f,-0.03362459699505111f,-0.2189569043227944f,0f,0f,0f,1f],start_interpolation:0}
execute if entity @s[tag=aj.stage.bone.head] run data modify entity @s {} merge value {transformation:[-0.2714404498650738f,0f,0.9624552364536475f,-28.043188424161787f,0f,1f,0f,3.4375f,-0.9624552364536475f,0f,-0.2714404498650738f,0.07711848039491666f,0f,0f,0f,1f],start_interpolation:0}
execute if entity @s[tag=aj.stage.bone.outfit] run data modify entity @s {} merge value {transformation:[-0.2714404498650738f,0f,0.9624552364536475f,-28.043188424161787f,0f,1f,0f,2f,-0.9624552364536475f,0f,-0.2714404498650738f,0.07711848039491666f,0f,0f,0f,1f],start_interpolation:0}
execute if entity @s[tag=aj.stage.bone.chest] run data modify entity @s {} merge value {transformation:[-0.2714404498650738f,0f,0.9624552364536475f,-28.038487738916697f,0f,1f,0f,2.6875f,-0.9624552364536475f,0f,-0.2714404498650738f,0.0644285851613419f,0f,0f,0f,1f],start_interpolation:0}
execute if entity @s[tag=aj.stage.bone.waist] run data modify entity @s {} merge value {transformation:[-0.2714404498650738f,0f,0.9624552364536475f,-28.043188424161787f,0f,1f,0f,3.5f,-0.9624552364536475f,0f,-0.2714404498650738f,0.07711848039491666f,0f,0f,0f,1f],start_interpolation:0}
execute if entity @s[tag=aj.stage.bone.right_leg] run data modify entity @s {} merge value {transformation:[-0.2714404498650738f,0f,0.9624552364536475f,-27.95419442408527f,0f,1f,0f,2.6875f,-0.9624552364536475f,0f,-0.2714404498650738f,0.1624143211515489f,0f,0f,0f,1f],start_interpolation:0}
execute if entity @s[tag=aj.stage.bone.left_leg] run data modify entity @s {} merge value {transformation:[-0.2714404498650738f,0f,0.9624552364536475f,-28.0118755196816f,0f,1f,0f,2.6875f,-0.9624552364536475f,0f,-0.2714404498650738f,-0.04210741659484982f,0f,0f,0f,1f],start_interpolation:0}
execute if entity @s[tag=aj.stage.bone.platform] run data modify entity @s {} merge value {transformation:[1.9249104729072948f,0f,0.5428808997301481f,-28f,0f,2f,0f,3f,-0.5428808997301481f,0f,1.9249104729072948f,-3.429011037612589e-15f,0f,0f,0f,1f],start_interpolation:0}