execute if entity @s[tag=aj.stage.bone.left_straight] run data modify entity @s {} merge value {transformation:[-0.9954266680823328f,-0.08708854882858685f,-0.03925981575906799f,-27.911240900863472f,-0.08715574274765818f,0.9961946980917455f,0f,3.0018115019836387f,0.039110420307242294f,0.0034217184026177866f,-0.9992290362407229f,0.05108596955208774f,0f,0f,0f,1f],start_interpolation:0}
execute if entity @s[tag=aj.stage.bone.left_bend] run data modify entity @s {} merge value {transformation:[-0.9954266680823328f,-0.08708854882858685f,-0.03925981575906799f,-27.56140499821649f,-0.08715574274765818f,0.9961946980917455f,0f,3.0451769882155957f,0.039110420307242294f,0.0034217184026177866f,-0.9992290362407229f,-0.01723244455310649f,0f,0f,0f,1f],start_interpolation:0}
execute if entity @s[tag=aj.stage.bone.right_straight] run data modify entity @s {} merge value {transformation:[-0.7506743362938917f,0.11428124122714459f,-0.6507133306866459f,-27.94632141140884f,0.2621381217925294f,0.9556002056484896f,-0.13458028112487153f,2.968550907607225f,0.6064417910507242f,-0.2716027335432168f,-0.7473020200688889f,-0.04847282059936881f,0f,0f,0f,1f],start_interpolation:0}
execute if entity @s[tag=aj.stage.bone.microphone] run data modify entity @s {} merge value {transformation:[-0.7506743362938917f,0.10290732211927019f,-0.6526087065646349f,-27.952367175930664f,0.2621381217925294f,0.9531059133439806f,-0.15123730707673125f,3.3291190636437893f,0.6064417910507242f,-0.28460358571700617f,-0.7424480810563202f,0.33296187592407905f,0f,0f,0f,1f],start_interpolation:0}
execute if entity @s[tag=aj.stage.bone.right_bend] run data modify entity @s {} merge value {transformation:[-0.7506743362938917f,-0.6526087065646349f,-0.10290732211927033f,-28.239474706095393f,0.2621381217925294f,-0.15123730707673103f,-0.9531059133439806f,3.148768059018862f,0.6064417910507242f,-0.7424480810563203f,0.284603585717006f,0.059547537594376185f,0f,0f,0f,1f],start_interpolation:0}
execute if entity @s[tag=aj.stage.bone.head] run data modify entity @s {} merge value {transformation:[-0.9992290362407229f,0f,-0.03925981575906799f,-27.935094446750014f,0f,1f,0f,3.4375f,0.03925981575906799f,0f,-0.9992290362407229f,0.05999807628009999f,0f,0f,0f,1f],start_interpolation:0}
execute if entity @s[tag=aj.stage.bone.outfit] run data modify entity @s {} merge value {transformation:[-0.9992290362407229f,0f,-0.03925981575906799f,-27.935094446750014f,0f,1f,0f,2f,0.03925981575906799f,0f,-0.9992290362407229f,0.059998076280099996f,0f,0f,0f,1f],start_interpolation:0}
execute if entity @s[tag=aj.stage.bone.chest] run data modify entity @s {} merge value {transformation:[-0.9992290362407229f,0f,-0.03925981575906799f,-27.946336365990728f,0f,1f,0f,2.6875f,0.03925981575906799f,0f,-0.9992290362407229f,0.05246487413242157f,0f,0f,0f,1f],start_interpolation:0}
execute if entity @s[tag=aj.stage.bone.waist] run data modify entity @s {} merge value {transformation:[-0.9992290362407229f,0f,-0.03925981575906799f,-27.935094446750014f,0f,1f,0f,3.5f,0.03925981575906799f,0f,-0.9992290362407229f,0.05999807628009999f,0f,0f,0f,1f],start_interpolation:0}
execute if entity @s[tag=aj.stage.bone.right_leg] run data modify entity @s {} merge value {transformation:[-0.9992290362407229f,0f,-0.03925981575906799f,-27.83138010013438f,0f,1f,0f,2.6875f,0.03925981575906799f,0f,-0.9992290362407229f,-0.0066250939093461456f,0f,0f,0f,1f],start_interpolation:0}
execute if entity @s[tag=aj.stage.bone.left_leg] run data modify entity @s {} merge value {transformation:[-0.9992290362407229f,0f,-0.03925981575906799f,-28.043716270335533f,0f,1f,0f,2.6875f,0.03925981575906799f,0f,-0.9992290362407229f,0.0017176169394557544f,0f,0f,0f,1f],start_interpolation:0}
execute if entity @s[tag=aj.stage.bone.platform] run data modify entity @s {} merge value {transformation:[-0.07851963151813643f,0f,1.9984580724814458f,-28f,0f,2f,0f,3f,-1.9984580724814458f,0f,-0.07851963151813643f,-3.429011037612589e-15f,0f,0f,0f,1f],start_interpolation:0}