execute if entity @s[tag=aj.stage.bone.left_straight] run data modify entity @s {} merge value {transformation:[-0.7446638319999501f,-0.06514964343776884f,0.6642524379112822f,-27.971424724047267f,-0.08715574274765818f,0.9961946980917455f,0f,3.0018115019836387f,-0.6617247568417357f,-0.0578934145981005f,-0.7475083268625965f,0.09834331481514128f,0f,0f,0f,1f],start_interpolation:0}
execute if entity @s[tag=aj.stage.bone.left_bend] run data modify entity @s {} merge value {transformation:[-0.7446638319999501f,-0.06514964343776884f,0.6642524379112822f,-27.671893625922905f,-0.08715574274765818f,0.9961946980917455f,0f,3.0451769882155957f,-0.6617247568417357f,-0.0578934145981005f,-0.7475083268625965f,0.2915625833757427f,0f,0f,0f,1f],start_interpolation:0}
execute if entity @s[tag=aj.stage.bone.right_straight] run data modify entity @s {} merge value {transformation:[-0.9614434367668263f,0.2706244660259143f,0.048876541266567486f,-27.927709696963763f,0.2621381217925294f,0.9556002056484896f,-0.13458028112487153f,2.968550907607225f,-0.08312714960275452f,-0.11657892327840912f,-0.9896965351289092f,0.0022621443204296904f,0f,0f,0f,1f],start_interpolation:0}
execute if entity @s[tag=aj.stage.bone.microphone] run data modify entity @s {} merge value {transformation:[-0.9614434367668263f,0.2714362618723723f,0.044146048959636634f,-28.196435375860972f,0.2621381217925294f,0.9531059133439806f,-0.15123730707673125f,3.3291190636437893f,-0.08312714960275452f,-0.13383375392437222f,-0.9875112168018306f,0.27303047422963966f,0f,0f,0f,1f],start_interpolation:0}
execute if entity @s[tag=aj.stage.bone.right_bend] run data modify entity @s {} merge value {transformation:[-0.9614434367668263f,0.0441460489596367f,-0.2714362618723723f,-28.213897848985614f,0.2621381217925294f,-0.15123730707673103f,-0.9531059133439806f,3.148768059018862f,-0.08312714960275452f,-0.9875112168018306f,0.133833753924372f,-0.12305183579433972f,0f,0f,0f,1f],start_interpolation:0}
execute if entity @s[tag=aj.stage.bone.head] run data modify entity @s {} merge value {transformation:[-0.7475083268625965f,0f,0.6642524379112822f,-27.994796506940542f,0f,1f,0f,3.4375f,-0.6642524379112822f,0f,-0.7475083268625965f,0.08823504779836398f,0f,0f,0f,1f],start_interpolation:0}
execute if entity @s[tag=aj.stage.bone.outfit] run data modify entity @s {} merge value {transformation:[-0.7475083268625965f,0f,0.6642524379112822f,-27.994796506940542f,0f,1f,0f,2f,-0.6642524379112822f,0f,-0.7475083268625965f,0.08823504779836398f,0f,0f,0f,1f],start_interpolation:0}
execute if entity @s[tag=aj.stage.bone.chest] run data modify entity @s {} merge value {transformation:[-0.7475083268625965f,0f,0.6642524379112822f,-27.997679117650996f,0f,1f,0f,2.6875f,-0.6642524379112822f,0f,-0.7475083268625965f,0.07501307977902255f,0f,0f,0f,1f],start_interpolation:0}
execute if entity @s[tag=aj.stage.bone.waist] run data modify entity @s {} merge value {transformation:[-0.7475083268625965f,0f,0.6642524379112822f,-27.994796506940542f,0f,1f,0f,3.5f,-0.6642524379112822f,0f,-0.7475083268625965f,0.08823504779836398f,0f,0f,0f,1f],start_interpolation:0}
execute if entity @s[tag=aj.stage.bone.right_leg] run data modify entity @s {} merge value {transformation:[-0.7475083268625965f,0f,0.6642524379112822f,-27.873857969841936f,0f,1f,0f,2.6875f,-0.6642524379112822f,0f,-0.7475083268625965f,0.11209259889752496f,0f,0f,0f,1f],start_interpolation:0}
execute if entity @s[tag=aj.stage.bone.left_leg] run data modify entity @s {} merge value {transformation:[-0.7475083268625965f,0f,0.6642524379112822f,-28.032703489300236f,0f,1f,0f,2.6875f,-0.6642524379112822f,0f,-0.7475083268625965f,-0.029061044158621555f,0f,0f,0f,1f],start_interpolation:0}
execute if entity @s[tag=aj.stage.bone.platform] run data modify entity @s {} merge value {transformation:[1.3285048758225642f,0f,1.4950166537251932f,-28f,0f,2f,0f,3f,-1.4950166537251932f,0f,1.3285048758225642f,-3.429011037612589e-15f,0f,0f,0f,1f],start_interpolation:0}