execute if entity @s[tag=aj.stage.bone.left_straight] run data modify entity @s {} merge value {transformation:[-0.19434794444147788f,-0.01700324191819543f,0.9807852804032307f,-28.036572034303727f,-0.08715574274765818f,0.9961946980917455f,0f,3.0018115019836387f,-0.9770530963041244f,-0.08548106958951376f,-0.19509032201612783f,0.09565793365681774f,0f,0f,0f,1f],start_interpolation:0}
execute if entity @s[tag=aj.stage.bone.left_bend] run data modify entity @s {} merge value {transformation:[-0.19434794444147788f,-0.01700324191819543f,0.9807852804032307f,-27.914368340961627f,-0.08715574274765818f,0.9961946980917455f,0f,3.0451769882155957f,-0.9770530963041244f,-0.08548106958951376f,-0.19509032201612783f,0.4304994212598766f,0f,0f,0f,1f],start_interpolation:0}
execute if entity @s[tag=aj.stage.bone.right_straight] run data modify entity @s {} merge value {transformation:[-0.7164068244879985f,0.28613637802990516f,0.6363075003447229f,-27.943726778967875f,0.2621381217925294f,0.9556002056484896f,-0.13458028112487153f,2.968550907607225f,-0.6465638923804107f,0.07038622118349357f,-0.7596057615219891f,0.045434896331638025f,0f,0f,0f,1f],start_interpolation:0}
execute if entity @s[tag=aj.stage.bone.microphone] run data modify entity @s {} merge value {transformation:[-0.7164068244879985f,0.29719789518870665f,0.6312168192645257f,-28.321411147361264f,0.2621381217925294f,0.9531059133439806f,-0.15123730707673125f,3.3291190636437893f,-0.6465638923804107f,0.05711855253889991f,-0.7607184788249551f,0.09913309790187597f,0f,0f,0f,1f],start_interpolation:0}
execute if entity @s[tag=aj.stage.bone.right_bend] run data modify entity @s {} merge value {transformation:[-0.7164068244879985f,0.6312168192645258f,-0.2971978951887065f,-28.096276506131822f,0.2621381217925294f,-0.15123730707673103f,-0.9531059133439806f,3.148768059018862f,-0.6465638923804107f,-0.7607184788249551f,-0.05711855253890007f,-0.22721108788983047f,0f,0f,0f,1f],start_interpolation:0}
execute if entity @s[tag=aj.stage.bone.head] run data modify entity @s {} merge value {transformation:[-0.19509032201612783f,0f,0.9807852804032307f,-28.049105934899195f,0f,1f,0f,3.4375f,-0.9807852804032307f,0f,-0.19509032201612783f,0.07349222515120649f,0f,0f,0f,1f],start_interpolation:0}
execute if entity @s[tag=aj.stage.bone.outfit] run data modify entity @s {} merge value {transformation:[-0.19509032201612783f,0f,0.9807852804032307f,-28.049105934899195f,0f,1f,0f,2f,-0.9807852804032307f,0f,-0.19509032201612783f,0.07349222515120649f,0f,0f,0f,1f],start_interpolation:0}
execute if entity @s[tag=aj.stage.bone.chest] run data modify entity @s {} merge value {transformation:[-0.19509032201612783f,0f,0.9807852804032307f,-28.043424102593033f,0f,1f,0f,2.6875f,-0.9807852804032307f,0f,-0.19509032201612783f,0.06121026014322943f,0f,0f,0f,1f],start_interpolation:0}
execute if entity @s[tag=aj.stage.bone.waist] run data modify entity @s {} merge value {transformation:[-0.19509032201612783f,0f,0.9807852804032307f,-28.049105934899195f,0f,1f,0f,3.5f,-0.9807852804032307f,0f,-0.19509032201612783f,0.07349222515120649f,0f,0f,0f,1f],start_interpolation:0}
execute if entity @s[tag=aj.stage.bone.right_leg] run data modify entity @s {} merge value {transformation:[-0.19509032201612783f,0f,0.9807852804032307f,-27.96707850815978f,0f,1f,0f,2.6875f,-0.9807852804032307f,0f,-0.19509032201612783f,0.16550751606804107f,0f,0f,0f,1f],start_interpolation:0}
execute if entity @s[tag=aj.stage.bone.left_leg] run data modify entity @s {} merge value {transformation:[-0.19509032201612783f,0f,0.9807852804032307f,-28.008535201588206f,0f,1f,0f,2.6875f,-0.9807852804032307f,0f,-0.19509032201612783f,-0.04290935601764406f,0f,0f,0f,1f],start_interpolation:0}
execute if entity @s[tag=aj.stage.bone.platform] run data modify entity @s {} merge value {transformation:[1.9615705608064613f,0f,0.3901806440322561f,-28f,0f,2f,0f,3f,-0.3901806440322561f,0f,1.9615705608064613f,-3.429011037612589e-15f,0f,0f,0f,1f],start_interpolation:0}