execute if entity @s[tag=aj.stage.bone.left_straight] run data modify entity @s {} merge value {transformation:[-0.6003858091115103f,-0.061779084526888094f,-0.7973206537727069f,-27.900336453095388f,-0.10235850603495578f,0.9947475741323987f,0f,2.9969800324144225f,0.7931327861460583f,0.0816125509509885f,-0.6035559419535718f,-0.04130943404283732f,0f,0f,0f,1f],start_interpolation:0}
execute if entity @s[tag=aj.stage.bone.left_bend] run data modify entity @s {} merge value {transformation:[-0.6003858091115103f,-0.061779084526888094f,-0.7973206537727069f,-27.73163824188378f,-0.10235850603495578f,0.9947475741323987f,0f,3.045719659700351f,0.7931327861460583f,0.0816125509509885f,-0.6035559419535718f,-0.3545162222017863f,0f,0f,0f,1f],start_interpolation:0}
execute if entity @s[tag=aj.stage.bone.right_straight] run data modify entity @s {} merge value {transformation:[-0.00743691370061611f,-0.13745250025041464f,-0.9904804402357066f,-28.00341666092167f,0.2621381217925294f,0.9556002056484896f,-0.13458028112487153f,2.968550907607225f,0.9650017085050651f,-0.26064354421215613f,0.02892482398963203f,-0.07224494195543635f,0f,0f,0f,1f],start_interpolation:0}
execute if entity @s[tag=aj.stage.bone.microphone] run data modify entity @s {} merge value {transformation:[-0.00743691370061611f,-0.12447573597724695f,-0.992194781012041f,-27.706879535363612f,0.2621381217925294f,0.9572799385123946f,-0.1220603310858646f,3.3174495844080334f,0.9650017085050651f,-0.26099982849540065f,0.025510627347770504f,0.17762060237906463f,0f,0f,0f,1f],start_interpolation:0}
execute if entity @s[tag=aj.stage.bone.right_bend] run data modify entity @s {} merge value {transformation:[-0.00743691370061611f,-0.992194781012041f,0.12447573597724673f,-28.105890276241514f,0.2621381217925294f,-0.1220603310858644f,-0.9572799385123946f,3.148768059018862f,0.9650017085050651f,0.025510627347770445f,0.26099982849540065f,0.222893009066061f,0f,0f,0f,1f],start_interpolation:0}
execute if entity @s[tag=aj.stage.bone.head] run data modify entity @s {} merge value {transformation:[-0.6035559419535718f,0f,-0.7973206537727069f,-27.912445212767107f,0f,1f,0f,3.4375f,0.7973206537727069f,0f,-0.6035559419535718f,-0.012110294488699396f,0f,0f,0f,1f],start_interpolation:0}
execute if entity @s[tag=aj.stage.bone.outfit] run data modify entity @s {} merge value {transformation:[-0.6035559419535718f,0f,-0.7973206537727069f,-27.912445212767107f,0f,1f,0f,2f,0.7973206537727069f,0f,-0.6035559419535718f,-0.012110294488699394f,0f,0f,0f,1f],start_interpolation:0}
execute if entity @s[tag=aj.stage.bone.chest] run data modify entity @s {} merge value {transformation:[-0.6035559419535718f,0f,-0.7973206537727069f,-27.925400254841975f,0f,1f,0f,2.6875f,0.7973206537727069f,0f,-0.6035559419535718f,-0.00819918625050237f,0f,0f,0f,1f],start_interpolation:0}
execute if entity @s[tag=aj.stage.bone.waist] run data modify entity @s {} merge value {transformation:[-0.6035559419535718f,0f,-0.7973206537727069f,-27.912445212767107f,0f,1f,0f,3.5f,0.7973206537727069f,0f,-0.6035559419535718f,-0.012110294488699396f,0f,0f,0f,1f],start_interpolation:0}
execute if entity @s[tag=aj.stage.bone.right_leg] run data modify entity @s {} merge value {transformation:[-0.6035559419535718f,0f,-0.7973206537727069f,-27.898149934795335f,0f,1f,0f,2.6875f,0.7973206537727069f,0f,-0.6035559419535718f,-0.13454786032414717f,0f,0f,0f,1f],start_interpolation:0}
execute if entity @s[tag=aj.stage.bone.left_leg] run data modify entity @s {} merge value {transformation:[-0.6035559419535718f,0f,-0.7973206537727069f,-28.02640557246047f,0f,1f,0f,2.6875f,0.7973206537727069f,0f,-0.6035559419535718f,0.03488277860255191f,0f,0f,0f,1f],start_interpolation:0}
execute if entity @s[tag=aj.stage.bone.platform] run data modify entity @s {} merge value {transformation:[-1.594641307545414f,0f,1.207111883907143f,-28f,0f,2f,0f,3f,-1.207111883907143f,0f,-1.594641307545414f,-3.429011037612589e-15f,0f,0f,0f,1f],start_interpolation:0}