execute if entity @s[tag=aj.stage.bone.left_straight] run data modify entity @s {} merge value {transformation:[-0.9961946980917455f,-0.08715574274765818f,1.2246467991473532e-16f,-27.9133149566647f,-0.08715574274765818f,0.9961946980917455f,0f,3.0018115019836387f,-1.2199866483456202e-16f,-1.0673500138322974e-17f,-1f,0.05453124999999657f,0f,0f,0f,1f],start_interpolation:0}
execute if entity @s[tag=aj.stage.bone.left_bend] run data modify entity @s {} merge value {transformation:[-0.9961946980917455f,-0.08715574274765818f,1.2246467991473532e-16f,-27.56106659646963f,-0.08715574274765818f,0.9961946980917455f,0f,3.0451769882155957f,-1.2199866483456202e-16f,-1.0673500138322974e-17f,-1f,-3.3891165564587635e-15f,0f,0f,0f,1f],start_interpolation:0}
execute if entity @s[tag=aj.stage.bone.right_straight] run data modify entity @s {} merge value {transformation:[-0.7739043865708405f,0.12485620781035922f,-0.6208727146667241f,-27.944459761649238f,0.2621381217925294f,0.9556002056484896f,-0.13458028112487153f,2.968550907607225f,0.5765029102697541f,-0.2669066772034391f,-0.7722727627689087f,-0.046328038313080896f,0f,0f,0f,1f],start_interpolation:0}
execute if entity @s[tag=aj.stage.bone.microphone] run data modify entity @s {} merge value {transformation:[-0.7739043865708405f,0.11400146864297178f,-0.6229571940299402f,-27.965475921015347f,0.2621381217925294f,0.9531059133439806f,-0.15123730707673125f,3.3291190636437893f,0.5765029102697541f,-0.28034404415999636f,-0.7674969780751726f,0.33457523028156705f,0f,0f,0f,1f],start_interpolation:0}
execute if entity @s[tag=aj.stage.bone.right_bend] run data modify entity @s {} merge value {transformation:[-0.7739043865708405f,-0.6229571940299402f,-0.11400146864297192f,-28.241627905130592f,0.2621381217925294f,-0.15123730707673103f,-0.9531059133439806f,3.148768059018862f,0.5765029102697541f,-0.7674969780751727f,0.2803440441599962f,0.05009989576067463f,0f,0f,0f,1f],start_interpolation:0}
execute if entity @s[tag=aj.stage.bone.head] run data modify entity @s {} merge value {transformation:[-1f,0f,1.2246467991473532e-16f,-27.9375f,0f,1f,0f,3.4375f,-1.2246467991473532e-16f,0f,-1f,0.062499999999996565f,0f,0f,0f,1f],start_interpolation:0}
execute if entity @s[tag=aj.stage.bone.outfit] run data modify entity @s {} merge value {transformation:[-1f,0f,1.2246467991473532e-16f,-27.9375f,0f,1f,0f,2f,-1.2246467991473532e-16f,0f,-1f,0.062499999999996565f,0f,0f,0f,1f],start_interpolation:0}
execute if entity @s[tag=aj.stage.bone.chest] run data modify entity @s {} merge value {transformation:[-1f,0f,1.2246467991473532e-16f,-27.9484375f,0f,1f,0f,2.6875f,-1.2246467991473532e-16f,0f,-1f,0.05453124999999657f,0f,0f,0f,1f],start_interpolation:0}
execute if entity @s[tag=aj.stage.bone.waist] run data modify entity @s {} merge value {transformation:[-1f,0f,1.2246467991473532e-16f,-27.9375f,0f,1f,0f,3.5f,-1.2246467991473532e-16f,0f,-1f,0.062499999999996565f,0f,0f,0f,1f],start_interpolation:0}
execute if entity @s[tag=aj.stage.bone.right_leg] run data modify entity @s {} merge value {transformation:[-1f,0f,1.2246467991473532e-16f,-27.83125f,0f,1f,0f,2.6875f,-1.2246467991473532e-16f,0f,-1f,-3.4208746946262636e-15f,0f,0f,0f,1f],start_interpolation:0}
execute if entity @s[tag=aj.stage.bone.left_leg] run data modify entity @s {} merge value {transformation:[-1f,0f,1.2246467991473532e-16f,-28.04375f,0f,1f,0f,2.6875f,-1.2246467991473532e-16f,0f,-1f,-3.4486302702418925e-15f,0f,0f,0f,1f],start_interpolation:0}
execute if entity @s[tag=aj.stage.bone.platform] run data modify entity @s {} merge value {transformation:[-1.9915985002059197e-16f,0f,2f,-28f,0f,2f,0f,3f,-2f,0f,-1.9915985002059197e-16f,-3.429011037612589e-15f,0f,0f,0f,1f],start_interpolation:0}