execute if entity @s[tag=aj.stage.bone.left_straight] run data modify entity @s {} merge value {transformation:[-0.4852343423287817f,-0.05743126906816969f,-0.872496007072797f,-27.903771261786996f,-0.11753739745783764f,0.9930684569549263f,0f,2.9922469272691394f,0.8664482634431169f,0.10255090996369166f,-0.4886212414969552f,-0.06022648496889571f,0f,0f,0f,1f],start_interpolation:0}
execute if entity @s[tag=aj.stage.bone.left_bend] run data modify entity @s {} merge value {transformation:[-0.4852343423287817f,-0.05743126906816969f,-0.872496007072797f,-27.779960894741297f,-0.11753739745783764f,0.9930684569549263f,0f,3.0463493286419028f,0.8664482634431169f,0.10255090996369166f,-0.4886212414969552f,-0.39290809410971156f,0f,0f,0f,1f],start_interpolation:0}
execute if entity @s[tag=aj.stage.bone.right_straight] run data modify entity @s {} merge value {transformation:[0.12485036511002395f,-0.17186761485216898f,-0.9771764985389897f,-28.01328288822769f,0.2621381217925294f,0.9556002056484896f,-0.13458028112487153f,2.968550907607225f,0.9569200548817955f,-0.23935281475176123f,0.16436008832873722f,-0.07109549978956992f,0f,0f,0f,1f],start_interpolation:0}
execute if entity @s[tag=aj.stage.bone.microphone] run data modify entity @s {} merge value {transformation:[0.12485036511002395f,-0.12908019475150057f,-0.9837432031047576f,-27.67976322296108f,0.2621381217925294f,0.9605609954105027f,-0.09276949498121348f,3.305622159918882f,0.9569200548817955f,-0.2462942902685709f,0.1537632308002215f,0.13830101354153457f,0f,0f,0f,1f],start_interpolation:0}
execute if entity @s[tag=aj.stage.bone.right_bend] run data modify entity @s {} merge value {transformation:[0.12485036511002395f,-0.9837432031047576f,0.12908019475150034f,-28.074352567979265f,0.2621381217925294f,-0.09276949498121327f,-0.9605609954105027f,3.148768059018862f,0.9569200548817955f,0.15376323080022145f,0.24629429026857091f,0.23529925568925258f,0f,0f,0f,1f],start_interpolation:0}
execute if entity @s[tag=aj.stage.bone.head] run data modify entity @s {} merge value {transformation:[-0.4886212414969552f,0f,-0.872496007072797f,-27.91493017196439f,0f,1f,0f,3.4375f,0.872496007072797f,0f,-0.4886212414969552f,-0.023992172848493556f,0f,0f,0f,1f],start_interpolation:0}
execute if entity @s[tag=aj.stage.bone.outfit] run data modify entity @s {} merge value {transformation:[-0.4886212414969552f,0f,-0.872496007072797f,-27.91493017196439f,0f,1f,0f,2f,0.872496007072797f,0f,-0.4886212414969552f,-0.023992172848493556f,0f,0f,0f,1f],start_interpolation:0}
execute if entity @s[tag=aj.stage.bone.chest] run data modify entity @s {} merge value {transformation:[-0.4886212414969552f,0f,-0.872496007072797f,-27.927227169349624f,0f,1f,0f,2.6875f,0.872496007072797f,0f,-0.4886212414969552f,-0.018342948289313078f,0f,0f,0f,1f],start_interpolation:0}
execute if entity @s[tag=aj.stage.bone.waist] run data modify entity @s {} merge value {transformation:[-0.4886212414969552f,0f,-0.872496007072797f,-27.91493017196439f,0f,1f,0f,3.5f,0.872496007072797f,0f,-0.4886212414969552f,-0.023992172848493556f,0f,0f,0f,1f],start_interpolation:0}
execute if entity @s[tag=aj.stage.bone.right_leg] run data modify entity @s {} merge value {transformation:[-0.4886212414969552f,0f,-0.872496007072797f,-27.917545165497387f,0f,1f,0f,2.6875f,0.872496007072797f,0f,-0.4886212414969552f,-0.14723370119353732f,0f,0f,0f,1f],start_interpolation:0}
execute if entity @s[tag=aj.stage.bone.left_leg] run data modify entity @s {} merge value {transformation:[-0.4886212414969552f,0f,-0.872496007072797f,-28.02137717931549f,0f,1f,0f,2.6875f,0.872496007072797f,0f,-0.4886212414969552f,0.0381717003094308f,0f,0f,0f,1f],start_interpolation:0}
execute if entity @s[tag=aj.stage.bone.platform] run data modify entity @s {} merge value {transformation:[-1.7449920141455941f,0f,0.97724248299391f,-28f,0f,2f,0f,3f,-0.97724248299391f,0f,-1.7449920141455941f,-3.429011037612589e-15f,0f,0f,0f,1f],start_interpolation:0}