execute if entity @s[tag=aj.stage.bone.left_straight] run data modify entity @s {} merge value {transformation:[-0.5370867388220139f,-0.046989000977035f,0.8422172337162868f,-27.999191929640833f,-0.08715574274765818f,0.9961946980917455f,0f,3.0018115019836387f,-0.8390123428696614f,-0.073404068559421f,-0.5391383229110002f,0.10240752407367054f,0f,0f,0f,1f],start_interpolation:0}
execute if entity @s[tag=aj.stage.bone.left_bend] run data modify entity @s {} merge value {transformation:[-0.5370867388220139f,-0.046989000977035f,0.8422172337162868f,-27.763354180951023f,-0.08715574274765818f,0.9961946980917455f,0f,3.0451769882155957f,-0.8390123428696614f,-0.073404068559421f,-0.5391383229110002f,0.36967727690702096f,0f,0f,0f,1f],start_interpolation:0}
execute if entity @s[tag=aj.stage.bone.right_straight] run data modify entity @s {} merge value {transformation:[-0.9027821993860503f,0.2921081698185907f,0.3156851558070467f,-27.931037856769954f,0.2621381217925294f,0.9556002056484896f,-0.13458028112487153f,2.968550907607225f,-0.3409807994224469f,-0.038743568366863254f,-0.939271542385604f,0.021799725023850136f,0f,0f,0f,1f],start_interpolation:0}
execute if entity @s[tag=aj.stage.bone.microphone] run data modify entity @s {} merge value {transformation:[-0.9027821993860503f,0.2975731459748314f,0.3105390849254368f,-28.263171770873903f,0.2621381217925294f,0.9531059133439806f,-0.15123730707673125f,3.3291190636437893f,-0.3409807994224469f,-0.055130216246430136f,-0.9384523182782656f,0.20945910284062252f,0f,0f,0f,1f],start_interpolation:0}
execute if entity @s[tag=aj.stage.bone.right_bend] run data modify entity @s {} merge value {transformation:[-0.9027821993860503f,0.31053908492543686f,-0.29757314597483137f,-28.17246585915764f,0.2621381217925294f,-0.15123730707673103f,-0.9531059133439806f,3.148768059018862f,-0.3409807994224469f,-0.9384523182782656f,0.05513021624642993f,-0.17649241206932348f,0f,0f,0f,1f],start_interpolation:0}
execute if entity @s[tag=aj.stage.bone.head] run data modify entity @s {} merge value {transformation:[-0.5391383229110002f,0f,0.8422172337162868f,-28.018942431925332f,0f,1f,0f,3.4375f,-0.8422172337162868f,0f,-0.5391383229110002f,0.08633472228920201f,0f,0f,0f,1f],start_interpolation:0}
execute if entity @s[tag=aj.stage.bone.outfit] run data modify entity @s {} merge value {transformation:[-0.5391383229110002f,0f,0.8422172337162868f,-28.018942431925332f,0f,1f,0f,2f,-0.8422172337162868f,0f,-0.5391383229110002f,0.086334722289202f,0f,0f,0f,1f],start_interpolation:0}
execute if entity @s[tag=aj.stage.bone.chest] run data modify entity @s {} merge value {transformation:[-0.5391383229110002f,0f,0.8422172337162868f,-28.018127838750996f,0f,1f,0f,2.6875f,-0.8422172337162868f,0f,-0.5391383229110002f,0.07282671278473249f,0f,0f,0f,1f],start_interpolation:0}
execute if entity @s[tag=aj.stage.bone.waist] run data modify entity @s {} merge value {transformation:[-0.5391383229110002f,0f,0.8422172337162868f,-28.018942431925332f,0f,1f,0f,3.5f,-0.8422172337162868f,0f,-0.5391383229110002f,0.08633472228920201f,0f,0f,0f,1f],start_interpolation:0}
execute if entity @s[tag=aj.stage.bone.right_leg] run data modify entity @s {} merge value {transformation:[-0.5391383229110002f,0f,0.8422172337162868f,-27.90902040800877f,0f,1f,0f,2.6875f,-0.8422172337162868f,0f,-0.5391383229110002f,0.14212415818961938f,0f,0f,0f,1f],start_interpolation:0}
execute if entity @s[tag=aj.stage.bone.left_leg] run data modify entity @s {} merge value {transformation:[-0.5391383229110002f,0f,0.8422172337162868f,-28.02358730162736f,0f,1f,0f,2.6875f,-0.8422172337162868f,0f,-0.5391383229110002f,-0.03684700397509037f,0f,0f,0f,1f],start_interpolation:0}
execute if entity @s[tag=aj.stage.bone.platform] run data modify entity @s {} merge value {transformation:[1.6844344674325733f,0f,1.0782766458220008f,-28f,0f,2f,0f,3f,-1.0782766458220008f,0f,1.6844344674325733f,-3.429011037612589e-15f,0f,0f,0f,1f],start_interpolation:0}