execute if entity @s[tag=aj.stage.bone.left_straight] run data modify entity @s {} merge value {transformation:[-0.07816053518115118f,-0.006838160763469881f,0.9969173337331279f,-28.047561918241918f,-0.08715574274765818f,0.9961946980917455f,0f,3.0018115019836387f,-0.9931237623007012f,-0.0868870706795258f,-0.07845909572784426f,0.09069629484027442f,0f,0f,0f,1f],start_interpolation:0}
execute if entity @s[tag=aj.stage.bone.left_bend] run data modify entity @s {} merge value {transformation:[-0.07816053518115118f,-0.006838160763469881f,0.9969173337331279f,-27.96556168207426f,-0.08715574274765818f,0.9961946980917455f,0f,3.0451769882155957f,-0.9931237623007012f,-0.0868870706795258f,-0.07845909572784426f,0.437580318333902f,0f,0f,0f,1f],start_interpolation:0}
execute if entity @s[tag=aj.stage.bone.right_straight] run data modify entity @s {} merge value {transformation:[-0.6354455825456722f,0.2758799981540297f,0.7211789918194537f,-27.949457138690327f,0.2621381217925294f,0.9556002056484896f,-0.13458028112487153f,2.968550907607225f,-0.7262868006003386f,0.10353006125322717f,-0.6795505939152924f,0.051734170338652574f,0f,0f,0f,1f],start_interpolation:0}
execute if entity @s[tag=aj.stage.bone.microphone] run data modify entity @s {} merge value {transformation:[-0.6354455825456722f,0.2884242891733196f,0.7162543829101894f,-28.330835118487478f,0.2621381217925294f,0.9531059133439806f,-0.15123730707673125f,3.3291190636437893f,-0.7262868006003386f,0.09165449996373203f,-0.68125394377583f,0.060668122791797674f,0f,0f,0f,1f],start_interpolation:0}
execute if entity @s[tag=aj.stage.bone.right_bend] run data modify entity @s {} merge value {transformation:[-0.6354455825456722f,0.7162543829101895f,-0.2884242891733194f,-28.0689033614412f,0.2621381217925294f,-0.15123730707673103f,-0.9531059133439806f,3.148768059018862f,-0.7262868006003386f,-0.68125394377583f,-0.09165449996373218f,-0.23695225442087153f,0f,0f,0f,1f],start_interpolation:0}
execute if entity @s[tag=aj.stage.bone.head] run data modify entity @s {} merge value {transformation:[-0.07845909572784426f,0f,0.9969173337331279f,-28.05740363987533f,0f,1f,0f,3.4375f,-0.9969173337331279f,0f,-0.07845909572784426f,0.06721102684130735f,0f,0f,0f,1f],start_interpolation:0}
execute if entity @s[tag=aj.stage.bone.outfit] run data modify entity @s {} merge value {transformation:[-0.07845909572784426f,0f,0.9969173337331279f,-28.05740363987533f,0f,1f,0f,2f,-0.9969173337331279f,0f,-0.07845909572784426f,0.06721102684130735f,0f,0f,0f,1f],start_interpolation:0}
execute if entity @s[tag=aj.stage.bone.chest] run data modify entity @s {} merge value {transformation:[-0.07845909572784426f,0f,0.9969173337331279f,-28.050317601231665f,0f,1f,0f,2.6875f,-0.9969173337331279f,0f,-0.07845909572784426f,0.0556820225845193f,0f,0f,0f,1f],start_interpolation:0}
execute if entity @s[tag=aj.stage.bone.waist] run data modify entity @s {} merge value {transformation:[-0.07845909572784426f,0f,0.9969173337331279f,-28.05740363987533f,0f,1f,0f,3.5f,-0.9969173337331279f,0f,-0.07845909572784426f,0.06721102684130735f,0f,0f,0f,1f],start_interpolation:0}
execute if entity @s[tag=aj.stage.bone.right_leg] run data modify entity @s {} merge value {transformation:[-0.07845909572784426f,0f,0.9969173337331279f,-27.986760027595924f,0f,1f,0f,2.6875f,-0.9969173337331279f,0f,-0.07845909572784426f,0.1682298000674612f,0f,0f,0f,1f],start_interpolation:0}
execute if entity @s[tag=aj.stage.bone.left_leg] run data modify entity @s {} merge value {transformation:[-0.07845909572784426f,0f,0.9969173337331279f,-28.00343258543809f,0f,1f,0f,2.6875f,-0.9969173337331279f,0f,-0.07845909572784426f,-0.04361513335082705f,0f,0f,0f,1f],start_interpolation:0}
execute if entity @s[tag=aj.stage.bone.platform] run data modify entity @s {} merge value {transformation:[1.9938346674662557f,0f,0.15691819145568897f,-28f,0f,2f,0f,3f,-0.15691819145568897f,0f,1.9938346674662557f,-3.429011037612589e-15f,0f,0f,0f,1f],start_interpolation:0}