execute if entity @s[tag=aj.stage.bone.left_straight] run data modify entity @s {} merge value {transformation:[-0.9587928037057606f,-0.0838835009944906f,0.27144044986507454f,-27.93137151315143f,-0.08715574274765818f,0.9961946980917455f,0f,3.0018115019836387f,-0.2704075370032255f,-0.023657594019749043f,-0.9624552364536472f,0.07601371427236706f,0f,0f,0f,1f],start_interpolation:0}
execute if entity @s[tag=aj.stage.bone.left_bend] run data modify entity @s {} merge value {transformation:[-0.9587928037057606f,-0.0838835009944906f,0.27144044986507454f,-27.57754624731777f,-0.08715574274765818f,0.9961946980917455f,0f,3.0451769882155957f,-0.2704075370032255f,-0.023657594019749043f,-0.9624552364536472f,0.11914428051508899f,0f,0f,0f,1f],start_interpolation:0}
execute if entity @s[tag=aj.stage.bone.right_straight] run data modify entity @s {} merge value {transformation:[-0.9013345386816997f,0.1926177795429187f,-0.3879361292576434f,-27.933969703204355f,0.2621381217925294f,0.9556002056484896f,-0.13458028112487153f,2.968550907607225f,0.34478928997654856f,-0.2229947039024021f,-0.9118079334755469f,-0.02951279578550551f,0f,0f,0f,1f],start_interpolation:0}
execute if entity @s[tag=aj.stage.bone.microphone] run data modify entity @s {} merge value {transformation:[-0.9013345386816997f,0.18581802392261818f,-0.3912386884817768f,-28.057589370418814f,0.2621381217925294f,0.9531059133439806f,-0.15123730707673125f,3.3291190636437893f,0.34478928997654856f,-0.23887398337665358f,-0.9077772665049714f,0.3313849139029509f,0f,0f,0f,1f],start_interpolation:0}
execute if entity @s[tag=aj.stage.bone.right_bend] run data modify entity @s {} merge value {transformation:[-0.9013345386816997f,-0.39123868848177673f,-0.18581802392261826f,-28.24615518080973f,0.2621381217925294f,-0.15123730707673103f,-0.9531059133439806f,3.148768059018862f,0.34478928997654856f,-0.9077772665049714f,0.2388739833766534f,-0.01736868024796017f,0f,0f,0f,1f],start_interpolation:0}
execute if entity @s[tag=aj.stage.bone.head] run data modify entity @s {} merge value {transformation:[-0.9624552364536472f,0f,0.27144044986507454f,-27.956811575838213f,0f,1f,0f,3.4375f,-0.27144044986507454f,0f,-0.9624552364536472f,0.07711848039491667f,0f,0f,0f,1f],start_interpolation:0}
execute if entity @s[tag=aj.stage.bone.outfit] run data modify entity @s {} merge value {transformation:[-0.9624552364536472f,0f,0.27144044986507454f,-27.956811575838213f,0f,1f,0f,2f,-0.27144044986507454f,0f,-0.9624552364536472f,0.07711848039491667f,0f,0f,0f,1f],start_interpolation:0}
execute if entity @s[tag=aj.stage.bone.chest] run data modify entity @s {} merge value {transformation:[-0.9624552364536472f,0f,0.27144044986507454f,-27.96517538890206f,0f,1f,0f,2.6875f,-0.27144044986507454f,0f,-0.9624552364536472f,0.06648003530902723f,0f,0f,0f,1f],start_interpolation:0}
execute if entity @s[tag=aj.stage.bone.waist] run data modify entity @s {} merge value {transformation:[-0.9624552364536472f,0f,0.27144044986507454f,-27.956811575838213f,0f,1f,0f,3.5f,-0.27144044986507454f,0f,-0.9624552364536472f,0.07711848039491667f,0f,0f,0f,1f],start_interpolation:0}
execute if entity @s[tag=aj.stage.bone.right_leg] run data modify entity @s {} merge value {transformation:[-0.9624552364536472f,0f,0.27144044986507454f,-27.837585678848445f,0f,1f,0f,2.6875f,-0.27144044986507454f,0f,-0.9624552364536472f,0.0458055759147277f,0f,0f,0f,1f],start_interpolation:0}
execute if entity @s[tag=aj.stage.bone.left_leg] run data modify entity @s {} merge value {transformation:[-0.9624552364536472f,0f,0.27144044986507454f,-28.042107416594845f,0f,1f,0f,2.6875f,-0.27144044986507454f,0f,-0.9624552364536472f,-0.01187551968160025f,0f,0f,0f,1f],start_interpolation:0}
execute if entity @s[tag=aj.stage.bone.platform] run data modify entity @s {} merge value {transformation:[0.5428808997301486f,0f,1.9249104729072946f,-28f,0f,2f,0f,3f,-1.9249104729072946f,0f,0.5428808997301486f,-3.429011037612589e-15f,0f,0f,0f,1f],start_interpolation:0}