execute if entity @s[tag=aj.stage.bone.left_straight] run data modify entity @s {} merge value {transformation:[-0.8172795683469312f,-0.07150269716171707f,0.5717879602276122f,-27.96006377752181f,-0.08715574274765818f,0.9961946980917455f,0f,3.0018115019836387f,-0.5696121344114412f,-0.04983460436780598f,-0.8204014435255135f,0.09430298032818105f,0f,0f,0f,1f],start_interpolation:0}
execute if entity @s[tag=aj.stage.bone.left_bend] run data modify entity @s {} merge value {transformation:[-0.8172795683469312f,-0.07150269716171707f,0.5717879602276122f,-27.639898402132115f,-0.08715574274765818f,0.9961946980917455f,0f,3.0451769882155957f,-0.5696121344114412f,-0.04983460436780598f,-0.8204014435255135f,0.2509768354803913f,0f,0f,0f,1f],start_interpolation:0}
execute if entity @s[tag=aj.stage.bone.right_straight] run data modify entity @s {} merge value {transformation:[-0.9645496990218694f,0.2550462376500243f,-0.06778860359520783f,-27.9279448937549f,0.2621381217925294f,0.9556002056484896f,-0.13458028112487153f,2.968550907607225f,0.030454609173423575f,-0.14757934687865953f,-0.9885812324513155f,-0.006250349910619388f,0f,0f,0f,1f],start_interpolation:0}
execute if entity @s[tag=aj.stage.bone.microphone] run data modify entity @s {} merge value {transformation:[-0.9645496990218694f,0.2538243186109266f,-0.07222944966230706f,-28.162982484229985f,0.2621381217925294f,0.9531059133439806f,-0.15123730707673125f,3.3291190636437893f,0.030454609173423575f,-0.16480999129432441f,-0.9858550519978372f,0.29422645459225055f,0f,0f,0f,1f],start_interpolation:0}
execute if entity @s[tag=aj.stage.bone.right_bend] run data modify entity @s {} merge value {transformation:[-0.9645496990218694f,-0.072229449662307f,-0.2538243186109266f,-28.2268783993698f,0.2621381217925294f,-0.15123730707673103f,-0.9531059133439806f,3.148768059018862f,0.030454609173423575f,-0.9858550519978372f,0.1648099912943242f,-0.09705790020615716f,0f,0f,0f,1f],start_interpolation:0}
execute if entity @s[tag=aj.stage.bone.head] run data modify entity @s {} merge value {transformation:[-0.8204014435255135f,0f,0.5717879602276122f,-27.98446165729388f,0f,1f,0f,3.4375f,-0.5717879602276122f,0f,-0.8204014435255135f,0.08701183773456693f,0f,0f,0f,1f],start_interpolation:0}
execute if entity @s[tag=aj.stage.bone.outfit] run data modify entity @s {} merge value {transformation:[-0.8204014435255135f,0f,0.5717879602276122f,-27.98446165729388f,0f,1f,0f,2f,-0.5717879602276122f,0f,-0.8204014435255135f,0.08701183773456693f,0f,0f,0f,1f],start_interpolation:0}
execute if entity @s[tag=aj.stage.bone.chest] run data modify entity @s {} merge value {transformation:[-0.8204014435255135f,0f,0.5717879602276122f,-27.98887836277438f,0f,1f,0f,2.6875f,-0.5717879602276122f,0f,-0.8204014435255135f,0.07422033291648308f,0f,0f,0f,1f],start_interpolation:0}
execute if entity @s[tag=aj.stage.bone.waist] run data modify entity @s {} merge value {transformation:[-0.8204014435255135f,0f,0.5717879602276122f,-27.98446165729388f,0f,1f,0f,3.5f,-0.5717879602276122f,0f,-0.8204014435255135f,0.08701183773456693f,0f,0f,0f,1f],start_interpolation:0}
execute if entity @s[tag=aj.stage.bone.right_leg] run data modify entity @s {} merge value {transformation:[-0.8204014435255135f,0f,0.5717879602276122f,-27.86155725640507f,0f,1f,0f,2.6875f,-0.5717879602276122f,0f,-0.8204014435255135f,0.09648921828840573f,0f,0f,0f,1f],start_interpolation:0}
execute if entity @s[tag=aj.stage.bone.left_leg] run data modify entity @s {} merge value {transformation:[-0.8204014435255135f,0f,0.5717879602276122f,-28.035892563154242f,0f,1f,0f,2.6875f,-0.5717879602276122f,0f,-0.8204014435255135f,-0.025015723259961056f,0f,0f,0f,1f],start_interpolation:0}
execute if entity @s[tag=aj.stage.bone.platform] run data modify entity @s {} merge value {transformation:[1.143575920455224f,0f,1.6408028870510272f,-28f,0f,2f,0f,3f,-1.6408028870510272f,0f,1.143575920455224f,-3.429011037612589e-15f,0f,0f,0f,1f],start_interpolation:0}