execute if entity @s[tag=aj.stage.bone.left_straight] run data modify entity @s {} merge value {transformation:[-0.09754516100806448f,-0.009607359798384809f,-0.9951847266721969f,-27.936787066987947f,-0.0980171403295606f,0.9951847266721969f,0f,2.9983504639538827f,0.9903926402016153f,0.09754516100806414f,-0.09801714032956095f,-0.08546765834610082f,0f,0f,0f,1f],start_interpolation:0}
execute if entity @s[tag=aj.stage.bone.left_bend] run data modify entity @s {} merge value {transformation:[-0.09754516100806448f,-0.009607359798384809f,-0.9951847266721969f,-27.956577776816722f,-0.0980171403295606f,0.9951847266721969f,0f,3.045555727497926f,0.9903926402016153f,0.09754516100806414f,-0.09801714032956095f,-0.4408732305886075f,0f,0f,0f,1f],start_interpolation:0}
execute if entity @s[tag=aj.stage.bone.right_straight] run data modify entity @s {} merge value {transformation:[0.49787099632235454f,-0.25338340015772404f,-0.8294102263328424f,-28.040661060809494f,0.2621381217925294f,0.9556002056484896f,-0.13458028112487153f,2.968550907607225f,0.8266849920762267f,-0.15041642027742563f,0.542187075082811f,-0.05981373875494225f,0f,0f,0f,1f],start_interpolation:0}
execute if entity @s[tag=aj.stage.bone.microphone] run data modify entity @s {} merge value {transformation:[0.49787099632235454f,-0.24976201478895502f,-0.8305079210877812f,-27.659061411515836f,0.2621381217925294f,0.9561783244134417f,-0.13040942076778028f,3.3208003170864955f,0.8266849920762267f,-0.15278071832029322f,0.5415256004894543f,-0.001690506487468102f,0f,0f,0f,1f],start_interpolation:0}
execute if entity @s[tag=aj.stage.bone.right_bend] run data modify entity @s {} merge value {transformation:[0.49787099632235454f,-0.8305079210877812f,0.24976201478895482f,-27.973825025215827f,0.2621381217925294f,-0.13040942076778006f,-0.9561783244134417f,3.148768059018862f,0.8266849920762267f,0.5415256004894543f,0.15278071832029333f,0.24537504923703035f,0f,0f,0f,1f],start_interpolation:0}
execute if entity @s[tag=aj.stage.bone.head] run data modify entity @s {} merge value {transformation:[-0.09801714032956095f,0f,-0.9951847266721969f,-27.93167488331239f,0f,1f,0f,3.4375f,0.9951847266721969f,0f,-0.09801714032956095f,-0.05607297414641819f,0f,0f,0f,1f],start_interpolation:0}
execute if entity @s[tag=aj.stage.bone.outfit] run data modify entity @s {} merge value {transformation:[-0.09801714032956095f,0f,-0.9951847266721969f,-27.93167488331239f,0f,1f,0f,2f,0.9951847266721969f,0f,-0.09801714032956095f,-0.05607297414641818f,0f,0f,0f,1f],start_interpolation:0}
execute if entity @s[tag=aj.stage.bone.chest] run data modify entity @s {} merge value {transformation:[-0.09801714032956095f,0f,-0.9951847266721969f,-27.940677324075413f,0f,1f,0f,2.6875f,0.9951847266721969f,0f,-0.09801714032956095f,-0.04596921528544151f,0f,0f,0f,1f],start_interpolation:0}
execute if entity @s[tag=aj.stage.bone.waist] run data modify entity @s {} merge value {transformation:[-0.09801714032956095f,0f,-0.9951847266721969f,-27.93167488331239f,0f,1f,0f,3.5f,0.9951847266721969f,0f,-0.09801714032956095f,-0.05607297414641819f,0f,0f,0f,1f],start_interpolation:0}
execute if entity @s[tag=aj.stage.bone.right_leg] run data modify entity @s {} merge value {transformation:[-0.09801714032956095f,0f,-0.9951847266721969f,-27.983459607569387f,0f,1f,0f,2.6875f,0.9951847266721969f,0f,-0.09801714032956095f,-0.16793742262593597f,0f,0f,0f,1f],start_interpolation:0}
execute if entity @s[tag=aj.stage.bone.left_leg] run data modify entity @s {} merge value {transformation:[-0.09801714032956095f,0f,-0.9951847266721969f,-28.004288249889417f,0f,1f,0f,2.6875f,0.9951847266721969f,0f,-0.09801714032956095f,0.04353933179190448f,0f,0f,0f,1f],start_interpolation:0}
execute if entity @s[tag=aj.stage.bone.platform] run data modify entity @s {} merge value {transformation:[-1.9903694533443939f,0f,0.19603428065912146f,-28f,0f,2f,0f,3f,-0.19603428065912146f,0f,-1.9903694533443939f,-3.429011037612589e-15f,0f,0f,0f,1f],start_interpolation:0}