execute if entity @s[tag=aj.stage.bone.left_straight] run data modify entity @s {} merge value {transformation:[-0.5522681114607869f,-0.060483195029621864f,-0.8314696123025451f,-27.901403873249684f,-0.10886687485196457f,0.9940563382223196f,0f,2.994939449264795f,0.8265276381485998f,0.09051949822575268f,-0.5555702330196025f,-0.049405874635209235f,0f,0f,0f,1f],start_interpolation:0}
execute if entity @s[tag=aj.stage.bone.left_bend] run data modify entity @s {} merge value {transformation:[-0.5522681114607869f,-0.060483195029621864f,-0.8314696123025451f,-27.75161839469968f,-0.10886687485196457f,0.9940563382223196f,0f,3.0459788731666304f,0.8265276381485998f,0.09051949822575268f,-0.5555702330196025f,-0.3717293418325696f,0f,0f,0f,1f],start_interpolation:0}
execute if entity @s[tag=aj.stage.bone.right_straight] run data modify entity @s {} merge value {transformation:[0.04938641091122714f,-0.15255839894815887f,-0.9870597334141851f,-28.007663852892414f,0.2621381217925294f,0.9556002056484896f,-0.13458028112487153f,2.968550907607225f,0.963765836456342f,-0.2520995475500478f,0.0871850365869552f,-0.07191849948964077f,0f,0f,0f,1f],start_interpolation:0}
execute if entity @s[tag=aj.stage.bone.microphone] run data modify entity @s {} merge value {transformation:[0.04938641091122714f,-0.1266679093767046f,-0.9907150060191089f,-27.69460151684806f,0.2621381217925294f,0.9587956463869264f,-0.10951946663749446f,3.3123993883804475f,0.963765836456342f,-0.2542953975273859f,0.08055596362775602f,0.16131053955438868f,0f,0f,0f,1f],start_interpolation:0}
execute if entity @s[tag=aj.stage.bone.right_bend] run data modify entity @s {} merge value {transformation:[0.04938641091122714f,-0.9907150060191089f,0.12666790937670439f,-28.092584730652913f,0.2621381217925294f,-0.10951946663749425f,-0.9587956463869264f,3.148768059018862f,0.963765836456342f,0.08055596362775597f,0.2542953975273859f,0.22874027136242314f,0f,0f,0f,1f],start_interpolation:0}
execute if entity @s[tag=aj.stage.bone.head] run data modify entity @s {} merge value {transformation:[-0.5555702330196025f,0f,-0.8314696123025451f,-27.913310009667367f,0f,1f,0f,3.4375f,0.8314696123025451f,0f,-0.5555702330196025f,-0.017243711205187362f,0f,0f,0f,1f],start_interpolation:0}
execute if entity @s[tag=aj.stage.bone.outfit] run data modify entity @s {} merge value {transformation:[-0.5555702330196025f,0f,-0.8314696123025451f,-27.913310009667367f,0f,1f,0f,2f,0.8314696123025451f,0f,-0.5555702330196025f,-0.017243711205187362f,0f,0f,0f,1f],start_interpolation:0}
execute if entity @s[tag=aj.stage.bone.chest] run data modify entity @s {} merge value {transformation:[-0.5555702330196025f,0f,-0.8314696123025451f,-27.926012332564056f,0f,1f,0f,2.6875f,0.8314696123025451f,0f,-0.5555702330196025f,-0.01257671261500264f,0f,0f,0f,1f],start_interpolation:0}
execute if entity @s[tag=aj.stage.bone.waist] run data modify entity @s {} merge value {transformation:[-0.5555702330196025f,0f,-0.8314696123025451f,-27.913310009667367f,0f,1f,0f,3.5f,0.8314696123025451f,0f,-0.5555702330196025f,-0.017243711205187362f,0f,0f,0f,1f],start_interpolation:0}
execute if entity @s[tag=aj.stage.bone.right_leg] run data modify entity @s {} merge value {transformation:[-0.5555702330196025f,0f,-0.8314696123025451f,-27.906247523177942f,0f,1f,0f,2.6875f,0.8314696123025451f,0f,-0.5555702330196025f,-0.14031049707605736f,0f,0f,0f,1f],start_interpolation:0}
execute if entity @s[tag=aj.stage.bone.left_leg] run data modify entity @s {} merge value {transformation:[-0.5555702330196025f,0f,-0.8314696123025451f,-28.024306197694607f,0f,1f,0f,2.6875f,0.8314696123025451f,0f,-0.5555702330196025f,0.036376795538232316f,0f,0f,0f,1f],start_interpolation:0}
execute if entity @s[tag=aj.stage.bone.platform] run data modify entity @s {} merge value {transformation:[-1.6629392246050905f,0f,1.1111404660392046f,-28f,0f,2f,0f,3f,-1.1111404660392046f,0f,-1.6629392246050905f,-3.429011037612589e-15f,0f,0f,0f,1f],start_interpolation:0}