execute if entity @s[tag=aj.stage.bone.left_straight] run data modify entity @s {} merge value {transformation:[-0.986799925042129f,-0.08633380660941785f,0.1370123416819683f,-27.92160390805437f,-0.08715574274765818f,0.9961946980917455f,0f,3.0018115019836387f,-0.13649096835671148f,-0.011941412404887873f,-0.9905693404435773f,0.06589390512223285f,0f,0f,0f,1f],start_interpolation:0}
execute if entity @s[tag=aj.stage.bone.left_bend] run data modify entity @s {} merge value {transformation:[-0.986799925042129f,-0.08633380660941785f,0.1370123416819683f,-27.565206027966262f,-0.08715574274765818f,0.9961946980917455f,0f,3.0451769882155957f,-0.13649096835671148f,-0.011941412404887873f,-0.9905693404435773f,0.060139293460129126f,0f,0f,0f,1f],start_interpolation:0}
execute if entity @s[tag=aj.stage.bone.right_straight] run data modify entity @s {} merge value {transformation:[-0.8455939714943972f,0.16024824027519013f,-0.509206575822659f,-27.938636029713997f,0.2621381217925294f,0.9556002056484896f,-0.13458028112487153f,2.968550907607225f,0.46503165534769514f,-0.24728272979176966f,-0.8500569457814654f,-0.03828143624182069f,0f,0f,0f,1f],start_interpolation:0}
execute if entity @s[tag=aj.stage.bone.microphone] run data modify entity @s {} merge value {transformation:[-0.8455939714943972f,0.15133695357022192f,-0.511925738614906f,-28.01164244162041f,0.2621381217925294f,0.9531059133439806f,-0.15123730707673125f,3.3291190636437893f,0.46503165534769514f,-0.26208060674689565f,-0.8456117992860327f,0.33615019009487057f,0f,0f,0f,1f],start_interpolation:0}
execute if entity @s[tag=aj.stage.bone.right_bend] run data modify entity @s {} merge value {transformation:[-0.8455939714943972f,-0.511925738614906f,-0.15133695357022203f,-28.246213498654164f,0.2621381217925294f,-0.15123730707673103f,-0.9531059133439806f,3.148768059018862f,0.46503165534769514f,-0.8456117992860328f,0.2620806067468955f,0.016521415602292644f,0f,0f,0f,1f],start_interpolation:0}
execute if entity @s[tag=aj.stage.bone.head] run data modify entity @s {} merge value {transformation:[-0.9905693404435773f,0f,0.1370123416819683f,-27.946652687577398f,0f,1f,0f,3.4375f,-0.1370123416819683f,0f,-0.9905693404435773f,0.07047385513284316f,0f,0f,0f,1f],start_interpolation:0}
execute if entity @s[tag=aj.stage.bone.outfit] run data modify entity @s {} merge value {transformation:[-0.9905693404435773f,0f,0.1370123416819683f,-27.946652687577398f,0f,1f,0f,2f,-0.1370123416819683f,0f,-0.9905693404435773f,0.07047385513284316f,0f,0f,0f,1f],start_interpolation:0}
execute if entity @s[tag=aj.stage.bone.chest] run data modify entity @s {} merge value {transformation:[-0.9905693404435773f,0f,0.1370123416819683f,-27.956395222640722f,0f,1f,0f,2.6875f,-0.1370123416819683f,0f,-0.9905693404435773f,0.06108168321403678f,0f,0f,0f,1f],start_interpolation:0}
execute if entity @s[tag=aj.stage.bone.waist] run data modify entity @s {} merge value {transformation:[-0.9905693404435773f,0f,0.1370123416819683f,-27.946652687577398f,0f,1f,0f,3.5f,-0.1370123416819683f,0f,-0.9905693404435773f,0.07047385513284316f,0f,0f,0f,1f],start_interpolation:0}
execute if entity @s[tag=aj.stage.bone.right_leg] run data modify entity @s {} merge value {transformation:[-0.9905693404435773f,0f,0.1370123416819683f,-27.832841423800147f,0f,1f,0f,2.6875f,-0.1370123416819683f,0f,-0.9905693404435773f,0.02312083265882861f,0f,0f,0f,1f],start_interpolation:0}
execute if entity @s[tag=aj.stage.bone.left_leg] run data modify entity @s {} merge value {transformation:[-0.9905693404435773f,0f,0.1370123416819683f,-28.043337408644405f,0f,1f,0f,2.6875f,-0.1370123416819683f,0f,-0.9905693404435773f,-0.005994289948589457f,0f,0f,0f,1f],start_interpolation:0}
execute if entity @s[tag=aj.stage.bone.platform] run data modify entity @s {} merge value {transformation:[0.27402468336393615f,0f,1.9811386808871545f,-28f,0f,2f,0f,3f,-1.9811386808871545f,0f,0.27402468336393615f,-3.429011037612589e-15f,0f,0f,0f,1f],start_interpolation:0}