execute if entity @s[tag=aj.stage.bone.left_straight] run data modify entity @s {} merge value {transformation:[-0.4347485717570275f,-0.03803557151282661f,0.8997482840522216f,-28.01123424467503f,-0.08715574274765818f,0.9961946980917455f,0f,3.0018115019836387f,-0.8963244701899691f,-0.07841822998250231f,-0.4364092406733417f,0.10179266039939405f,0f,0f,0f,1f],start_interpolation:0}
execute if entity @s[tag=aj.stage.bone.left_bend] run data modify entity @s {} merge value {transformation:[-0.4347485717570275f,-0.03803557151282661f,0.8997482840522216f,-27.808445406659146f,-0.08715574274765818f,0.9961946980917455f,0f,3.0451769882155957f,-0.8963244701899691f,-0.07841822998250231f,-0.4364092406733417f,0.39492957663964995f,0f,0f,0f,1f],start_interpolation:0}
execute if entity @s[tag=aj.stage.bone.right_straight] run data modify entity @s {} merge value {transformation:[-0.856446529963472f,0.29463722765974637f,0.42389650315909244f,-27.93407815377883f,0.2621381217925294f,0.9556002056484896f,-0.13458028112487153f,2.968550907607225f,-0.4447279465208058f,-0.004141381598359292f,-0.8956561296289128f,0.02975425012985128f,0f,0f,0f,1f],start_interpolation:0}
execute if entity @s[tag=aj.stage.bone.microphone] run data modify entity @s {} merge value {transformation:[-0.856446529963472f,0.30199036704334214f,0.41868981301980013f,-28.28596686223758f,0.2621381217925294f,0.9531059133439806f,-0.15123730707673125f,3.3291190636437893f,-0.4447279465208058f,-0.01977210564821081f,-0.895447439787296f,0.17707470302021142f,0f,0f,0f,1f],start_interpolation:0}
execute if entity @s[tag=aj.stage.bone.right_bend] run data modify entity @s {} merge value {transformation:[-0.856446529963472f,0.4186898130198002f,-0.30199036704334203f,-28.150525945845395f,0.2621381217925294f,-0.15123730707673103f,-0.9531059133439806f,3.148768059018862f,-0.4447279465208058f,-0.895447439787296f,0.019772105648210612f,-0.19554023555365482f,0f,0f,0f,1f],start_interpolation:0}
execute if entity @s[tag=aj.stage.bone.head] run data modify entity @s {} merge value {transformation:[-0.4364092406733417f,0f,0.8997482840522216f,-28.02895869021118f,0f,1f,0f,3.4375f,-0.8997482840522216f,0f,-0.4364092406733417f,0.08350984529534429f,0f,0f,0f,1f],start_interpolation:0}
execute if entity @s[tag=aj.stage.bone.outfit] run data modify entity @s {} merge value {transformation:[-0.4364092406733417f,0f,0.8997482840522216f,-28.02895869021118f,0f,1f,0f,2f,-0.8997482840522216f,0f,-0.4364092406733417f,0.08350984529534428f,0f,0f,0f,1f],start_interpolation:0}
execute if entity @s[tag=aj.stage.bone.chest] run data modify entity @s {} merge value {transformation:[-0.4364092406733417f,0f,0.8997482840522216f,-28.026562047142505f,0f,1f,0f,2.6875f,-0.8997482840522216f,0f,-0.4364092406733417f,0.07019121230190678f,0f,0f,0f,1f],start_interpolation:0}
execute if entity @s[tag=aj.stage.bone.waist] run data modify entity @s {} merge value {transformation:[-0.4364092406733417f,0f,0.8997482840522216f,-28.02895869021118f,0f,1f,0f,3.5f,-0.8997482840522216f,0f,-0.4364092406733417f,0.08350984529534429f,0f,0f,0f,1f],start_interpolation:0}
execute if entity @s[tag=aj.stage.bone.right_leg] run data modify entity @s {} merge value {transformation:[-0.4364092406733417f,0f,0.8997482840522216f,-27.926355940636373f,0f,1f,0f,2.6875f,-0.8997482840522216f,0f,-0.4364092406733417f,0.15183252293380833f,0f,0f,0f,1f],start_interpolation:0}
execute if entity @s[tag=aj.stage.bone.left_leg] run data modify entity @s {} merge value {transformation:[-0.4364092406733417f,0f,0.8997482840522216f,-28.019092904279457f,0f,1f,0f,2.6875f,-0.8997482840522216f,0f,-0.4364092406733417f,-0.03936398742728747f,0f,0f,0f,1f],start_interpolation:0}
execute if entity @s[tag=aj.stage.bone.platform] run data modify entity @s {} merge value {transformation:[1.799496568104443f,0f,0.8728184813466838f,-28f,0f,2f,0f,3f,-0.8728184813466838f,0f,1.799496568104443f,-3.429011037612589e-15f,0f,0f,0f,1f],start_interpolation:0}