execute if entity @s[tag=aj.stage.bone.left_straight] run data modify entity @s {} merge value {transformation:[-0.4867618901542725f,-0.04258614722494993f,0.8724960070727972f,-28.00522214439198f,-0.08715574274765818f,0.9961946980917455f,0f,3.0018115019836387f,-0.8691758963521387f,-0.07604303754079567f,-0.4886212414969545f,0.10227748125835978f,0f,0f,0f,1f],start_interpolation:0}
execute if entity @s[tag=aj.stage.bone.left_bend] run data modify entity @s {} merge value {transformation:[-0.4867618901542725f,-0.04258614722494993f,0.8724960070727972f,-27.78552781543251f,-0.08715574274765818f,0.9961946980917455f,0f,3.0451769882155957f,-0.8691758963521387f,-0.07604303754079567f,-0.4886212414969545f,0.3829676419511189f,0f,0f,0f,1f],start_interpolation:0}
execute if entity @s[tag=aj.stage.bone.right_straight] run data modify entity @s {} merge value {transformation:[-0.8811426094423906f,0.293882405389968f,0.37043330523491114f,-27.932440831340337f,0.2621381217925294f,0.9556002056484896f,-0.13458028112487153f,2.968550907607225f,-0.39353691939656604f,-0.021479729206181505f,-0.9190578405655921f,0.025821772596254233f,0f,0f,0f,1f],start_interpolation:0}
execute if entity @s[tag=aj.stage.bone.microphone] run data modify entity @s {} merge value {transformation:[-0.8811426094423906f,0.30030259827704175f,0.3652479312646576f,-28.27504635415111f,0.2621381217925294f,0.9531059133439806f,-0.15123730707673125f,3.3291190636437893f,-0.39353691939656604f,-0.03751622871230693f,-0.9185429906406484f,0.19360268545628398f,0f,0f,0f,1f],start_interpolation:0}
execute if entity @s[tag=aj.stage.bone.right_bend] run data modify entity @s {} merge value {transformation:[-0.8811426094423906f,0.36524793126465765f,-0.3003025982770417f,-28.161776485991172f,0.2621381217925294f,-0.15123730707673103f,-0.9531059133439806f,3.148768059018862f,-0.39353691939656604f,-0.9185429906406484f,0.037516228712306726f,-0.18633950915835842f,0f,0f,0f,1f],start_interpolation:0}
execute if entity @s[tag=aj.stage.bone.head] run data modify entity @s {} merge value {transformation:[-0.4886212414969545f,0f,0.8724960070727972f,-28.02399217284849f,0f,1f,0f,3.4375f,-0.8724960070727972f,0f,-0.4886212414969545f,0.08506982803560606f,0f,0f,0f,1f],start_interpolation:0}
execute if entity @s[tag=aj.stage.bone.outfit] run data modify entity @s {} merge value {transformation:[-0.4886212414969545f,0f,0.8724960070727972f,-28.02399217284849f,0f,1f,0f,2f,-0.8724960070727972f,0f,-0.4886212414969545f,0.08506982803560606f,0f,0f,0f,1f],start_interpolation:0}
execute if entity @s[tag=aj.stage.bone.chest] run data modify entity @s {} merge value {transformation:[-0.4886212414969545f,0f,0.8724960070727972f,-28.022383765121003f,0f,1f,0f,2.6875f,-0.8724960070727972f,0f,-0.4886212414969545f,0.07163320244006786f,0f,0f,0f,1f],start_interpolation:0}
execute if entity @s[tag=aj.stage.bone.waist] run data modify entity @s {} merge value {transformation:[-0.4886212414969545f,0f,0.8724960070727972f,-28.02399217284849f,0f,1f,0f,3.5f,-0.8724960070727972f,0f,-0.4886212414969545f,0.08506982803560606f,0f,0f,0f,1f],start_interpolation:0}
execute if entity @s[tag=aj.stage.bone.right_leg] run data modify entity @s {} merge value {transformation:[-0.4886212414969545f,0f,0.8724960070727972f,-27.91754516549739f,0f,1f,0f,2.6875f,-0.8724960070727972f,0f,-0.4886212414969545f,0.1472337011935305f,0f,0f,0f,1f],start_interpolation:0}
execute if entity @s[tag=aj.stage.bone.left_leg] run data modify entity @s {} merge value {transformation:[-0.4886212414969545f,0f,0.8724960070727972f,-28.021377179315493f,0f,1f,0f,2.6875f,-0.8724960070727972f,0f,-0.4886212414969545f,-0.03817170030943767f,0f,0f,0f,1f],start_interpolation:0}
execute if entity @s[tag=aj.stage.bone.platform] run data modify entity @s {} merge value {transformation:[1.7449920141455941f,0f,0.9772424829939094f,-28f,0f,2f,0f,3f,-0.9772424829939094f,0f,1.7449920141455941f,-3.429011037612589e-15f,0f,0f,0f,1f],start_interpolation:0}