execute if entity @s[tag=aj.stage.bone.left_straight] run data modify entity @s {} merge value {transformation:[-0.3251001905183806f,-0.04063742960055871f,-0.9448060464668779f,-27.914940754685936f,-0.12403445145048535f,0.992277912105967f,0f,2.9902488395600937f,0.937510171133247f,0.11718849970062098f,-0.3276301795616938f,-0.0788487779581154f,0f,0f,0f,1f],start_interpolation:0}
execute if entity @s[tag=aj.stage.bone.left_bend] run data modify entity @s {} merge value {transformation:[-0.3251001905183806f,-0.04063742960055871f,-0.9448060464668779f,-27.851661203452853f,-0.12403445145048535f,0.992277912105967f,0f,3.0466457829602627f,0.937510171133247f,0.11718849970062098f,-0.3276301795616938f,-0.4277731437649055f,0f,0f,0f,1f],start_interpolation:0}
execute if entity @s[tag=aj.stage.bone.right_straight] run data modify entity @s {} merge value {transformation:[0.2911290022928288f,-0.21126838067989234f,-0.9330646147769608f,-28.025574352455383f,0.2621381217925294f,0.9556002056484896f,-0.13458028112487153f,2.968550907607225f,0.9200692958288887f,-0.2054115826565302f,0.3335844309668428f,-0.06765321652727044f,0f,0f,0f,1f],start_interpolation:0}
execute if entity @s[tag=aj.stage.bone.microphone] run data modify entity @s {} merge value {transformation:[0.2911290022928288f,-0.15803055753448886f,-0.9435413329098629f,-27.658014773362385f,0.2621381217925294f,0.9616930169903736f,-0.08018819224198857f,3.300507642239856f,0.9200692958288887f,-0.22399304443953547f,0.321402562086305f,0.08054130766850476f,0f,0f,0f,1f],start_interpolation:0}
execute if entity @s[tag=aj.stage.bone.right_bend] run data modify entity @s {} merge value {transformation:[0.2911290022928288f,-0.9435413329098629f,0.15803055753448864f,-28.031829909503003f,0.2621381217925294f,-0.08018819224198837f,-0.9616930169903736f,3.148768059018862f,0.9200692958288887f,0.32140256208630497f,0.22399304443953555f,0.24470574360659747f,0f,0f,0f,1f],start_interpolation:0}
execute if entity @s[tag=aj.stage.bone.head] run data modify entity @s {} merge value {transformation:[-0.3276301795616938f,0f,-0.9448060464668779f,-27.920472735873215f,0f,1f,0f,3.4375f,0.9448060464668779f,0f,-0.3276301795616938f,-0.038573491681577456f,0f,0f,0f,1f],start_interpolation:0}
execute if entity @s[tag=aj.stage.bone.outfit] run data modify entity @s {} merge value {transformation:[-0.3276301795616938f,0f,-0.9448060464668779f,-27.920472735873215f,0f,1f,0f,2f,0.9448060464668779f,0f,-0.3276301795616938f,-0.038573491681577456f,0f,0f,0f,1f],start_interpolation:0}
execute if entity @s[tag=aj.stage.bone.chest] run data modify entity @s {} merge value {transformation:[-0.3276301795616938f,0f,-0.9448060464668779f,-27.931585114144955f,0f,1f,0f,2.6875f,0.9448060464668779f,0f,-0.3276301795616938f,-0.030850478541727552f,0f,0f,0f,1f],start_interpolation:0}
execute if entity @s[tag=aj.stage.bone.waist] run data modify entity @s {} merge value {transformation:[-0.3276301795616938f,0f,-0.9448060464668779f,-27.920472735873215f,0f,1f,0f,3.5f,0.9448060464668779f,0f,-0.3276301795616938f,-0.038573491681577456f,0f,0f,0f,1f],start_interpolation:0}
execute if entity @s[tag=aj.stage.bone.right_leg] run data modify entity @s {} merge value {transformation:[-0.3276301795616938f,0f,-0.9448060464668779f,-27.944712407198963f,0f,1f,0f,2.6875f,0.9448060464668779f,0f,-0.3276301795616938f,-0.15943602034128843f,0f,0f,0f,1f],start_interpolation:0}
execute if entity @s[tag=aj.stage.bone.left_leg] run data modify entity @s {} merge value {transformation:[-0.3276301795616938f,0f,-0.9448060464668779f,-28.014333820355823f,0f,1f,0f,2.6875f,0.9448060464668779f,0f,-0.3276301795616938f,0.041335264532921794f,0f,0f,0f,1f],start_interpolation:0}
execute if entity @s[tag=aj.stage.bone.platform] run data modify entity @s {} merge value {transformation:[-1.889612092933756f,0f,0.6552603591233872f,-28f,0f,2f,0f,3f,-0.6552603591233872f,0f,-1.889612092933756f,-3.429011037612589e-15f,0f,0f,0f,1f],start_interpolation:0}