execute if entity @s[tag=aj.stage.bone.left_straight] run data modify entity @s {} merge value {transformation:[-0.502280856505393f,-0.05833798453607718f,-0.8627343859777916f,-27.903077479863867f,-0.1153705801743918f,0.9933225202471875f,0f,2.99291702074861f,0.8569734945833698f,0.0995341666466555f,-0.5056573733779849f,-0.057523418877002463f,0f,0f,0f,1f],start_interpolation:0}
execute if entity @s[tag=aj.stage.bone.left_bend] run data modify entity @s {} merge value {transformation:[-0.502280856505393f,-0.05833798453607718f,-0.8627343859777916f,-27.77269994786416f,-0.1153705801743918f,0.9933225202471875f,0f,3.0462540549073047f,0.8569734945833698f,0.0995341666466555f,-0.5056573733779849f,-0.3878111567959771f,0f,0f,0f,1f],start_interpolation:0}
execute if entity @s[tag=aj.stage.bone.right_straight] run data modify entity @s {} merge value {transformation:[0.10603842494687454f,-0.16713510617915955f,-0.9802151338952418f,-28.011884460646353f,0.2621381217925294f,0.9556002056484896f,-0.13458028112487153f,2.968550907607225f,0.9591868731054815f,-0.24268107311252246f,0.14514282350527496f,-0.0713425875977545f,0f,0f,0f,1f],start_interpolation:0}
execute if entity @s[tag=aj.stage.bone.microphone] run data modify entity @s {} merge value {transformation:[0.10603842494687454f,-0.12852318550841502f,-0.9860211170261798f,-27.6833026206008f,0.2621381217925294f,0.960147069563343f,-0.09695983659232361f,3.307321045484158f,0.9591868731054815f,-0.24819225530965824f,0.1355033094298227f,0.1441817667792623f,0f,0f,0f,1f],start_interpolation:0}
execute if entity @s[tag=aj.stage.bone.right_bend] run data modify entity @s {} merge value {transformation:[0.10603842494687454f,-0.9860211170261798f,0.1285231855084148f,-28.078958029036517f,0.2621381217925294f,-0.0969598365923234f,-0.960147069563343f,3.148768059018862f,0.9591868731054815f,0.13550330942982264f,0.24819225530965827f,0.23379408406479263f,0f,0f,0f,1f],start_interpolation:0}
execute if entity @s[tag=aj.stage.bone.head] run data modify entity @s {} merge value {transformation:[-0.5056573733779849f,0f,-0.8627343859777916f,-27.914475515040262f,0f,1f,0f,3.4375f,0.8627343859777916f,0f,-0.5056573733779849f,-0.02231731328749137f,0f,0f,0f,1f],start_interpolation:0}
execute if entity @s[tag=aj.stage.bone.outfit] run data modify entity @s {} merge value {transformation:[-0.5056573733779849f,0f,-0.8627343859777916f,-27.914475515040262f,0f,1f,0f,2f,0.8627343859777916f,0f,-0.5056573733779849f,-0.02231731328749137f,0f,0f,0f,1f],start_interpolation:0}
execute if entity @s[tag=aj.stage.bone.chest] run data modify entity @s {} merge value {transformation:[-0.5056573733779849f,0f,-0.8627343859777916f,-27.926881057199846f,0f,1f,0f,2.6875f,0.8627343859777916f,0f,-0.5056573733779849f,-0.016910613134964475f,0f,0f,0f,1f],start_interpolation:0}
execute if entity @s[tag=aj.stage.bone.waist] run data modify entity @s {} merge value {transformation:[-0.5056573733779849f,0f,-0.8627343859777916f,-27.914475515040262f,0f,1f,0f,3.5f,0.8627343859777916f,0f,-0.5056573733779849f,-0.02231731328749137f,0f,0f,0f,1f],start_interpolation:0}
execute if entity @s[tag=aj.stage.bone.right_leg] run data modify entity @s {} merge value {transformation:[-0.5056573733779849f,0f,-0.8627343859777916f,-27.914670318242464f,0f,1f,0f,2.6875f,0.8627343859777916f,0f,-0.5056573733779849f,-0.14558642763375518f,0f,0f,0f,1f],start_interpolation:0}
execute if entity @s[tag=aj.stage.bone.left_leg] run data modify entity @s {} merge value {transformation:[-0.5056573733779849f,0f,-0.8627343859777916f,-28.022122510085286f,0f,1f,0f,2.6875f,0.8627343859777916f,0f,-0.5056573733779849f,0.03774462938652432f,0f,0f,0f,1f],start_interpolation:0}
execute if entity @s[tag=aj.stage.bone.platform] run data modify entity @s {} merge value {transformation:[-1.7254687719555835f,0f,1.0113147467559693f,-28f,0f,2f,0f,3f,-1.0113147467559693f,0f,-1.7254687719555835f,-3.429011037612589e-15f,0f,0f,0f,1f],start_interpolation:0}