execute if entity @s[tag=aj.stage.bone.left_straight] run data modify entity @s {} merge value {transformation:[-0.8785652876781997f,-0.07686450283923466f,0.47139673682599825f,-27.949256470286684f,-0.08715574274765818f,0.9961946980917455f,0f,3.0018115019836387f,-0.46960292992380936f,-0.04108493272689223f,-0.8819212643483547f,0.08895531550637385f,0f,0f,0f,1f],start_interpolation:0}
execute if entity @s[tag=aj.stage.bone.left_bend] run data modify entity @s {} merge value {transformation:[-0.8785652876781997f,-0.07686450283923466f,0.47139673682599825f,-27.61289529779377f,-0.08715574274765818f,0.9961946980917455f,0f,3.0451769882155957f,-0.46960292992380936f,-0.04108493272689223f,-0.8819212643483547f,0.20691177410814293f,0f,0f,0f,1f],start_interpolation:0}
execute if entity @s[tag=aj.stage.bone.right_straight] run data modify entity @s {} merge value {transformation:[-0.9542843257611469f,0.23593228132462413f,-0.18351398920941092f,-27.929178996687153f,0.2621381217925294f,0.9556002056484896f,-0.13458028112487153f,2.968550907607225f,0.14361417308078772f,-0.17653386528800313f,-0.9737611430411457f,-0.014676195002763973f,0f,0f,0f,1f],start_interpolation:0}
execute if entity @s[tag=aj.stage.bone.microphone] run data modify entity @s {} merge value {transformation:[-0.9542843257611469f,0.2326935869688048f,-0.18760362520533727f,-28.12727015238893f,0.2621381217925294f,0.9531059133439806f,-0.15123730707673125f,3.3291190636437893f,0.14361417308078772f,-0.19350145356644677f,-0.9705318937355917f,0.3113435482848503f,0f,0f,0f,1f],start_interpolation:0}
execute if entity @s[tag=aj.stage.bone.right_bend] run data modify entity @s {} merge value {transformation:[-0.9542843257611469f,-0.18760362520533722f,-0.23269358696880485f,-28.236713714971522f,0.2621381217925294f,-0.15123730707673103f,-0.9531059133439806f,3.148768059018862f,0.14361417308078772f,-0.9705318937355917f,0.19350145356644655f,-0.06971844259168802f,0f,0f,0f,1f],start_interpolation:0}
execute if entity @s[tag=aj.stage.bone.head] run data modify entity @s {} merge value {transformation:[-0.8819212643483547f,0f,0.47139673682599825f,-27.974342217029854f,0f,1f,0f,3.4375f,-0.47139673682599825f,0f,-0.8819212643483547f,0.08458237507339363f,0f,0f,0f,1f],start_interpolation:0}
execute if entity @s[tag=aj.stage.bone.outfit] run data modify entity @s {} merge value {transformation:[-0.8819212643483547f,0f,0.47139673682599825f,-27.974342217029854f,0f,1f,0f,2f,-0.47139673682599825f,0f,-0.8819212643483547f,0.08458237507339363f,0f,0f,0f,1f],start_interpolation:0}
execute if entity @s[tag=aj.stage.bone.chest] run data modify entity @s {} merge value {transformation:[-0.8819212643483547f,0f,0.47139673682599825f,-27.980231788112082f,0f,1f,0f,2.6875f,-0.47139673682599825f,0f,-0.8819212643483547f,0.07239866318908299f,0f,0f,0f,1f],start_interpolation:0}
execute if entity @s[tag=aj.stage.bone.waist] run data modify entity @s {} merge value {transformation:[-0.8819212643483547f,0f,0.47139673682599825f,-27.974342217029854f,0f,1f,0f,3.5f,-0.47139673682599825f,0f,-0.8819212643483547f,0.08458237507339363f,0f,0f,0f,1f],start_interpolation:0}
execute if entity @s[tag=aj.stage.bone.right_leg] run data modify entity @s {} merge value {transformation:[-0.8819212643483547f,0f,0.47139673682599825f,-27.851175786641218f,0f,1f,0f,2.6875f,-0.47139673682599825f,0f,-0.8819212643483547f,0.07954819933938344f,0f,0f,0f,1f],start_interpolation:0}
execute if entity @s[tag=aj.stage.bone.left_leg] run data modify entity @s {} merge value {transformation:[-0.8819212643483547f,0f,0.47139673682599825f,-28.03858405531524f,0f,1f,0f,2.6875f,-0.47139673682599825f,0f,-0.8819212643483547f,-0.020623607236140526f,0f,0f,0f,1f],start_interpolation:0}
execute if entity @s[tag=aj.stage.bone.platform] run data modify entity @s {} merge value {transformation:[0.9427934736519961f,0f,1.7638425286967097f,-28f,0f,2f,0f,3f,-1.7638425286967097f,0f,0.9427934736519961f,-3.429011037612589e-15f,0f,0f,0f,1f],start_interpolation:0}