execute if entity @s[tag=aj.stage.bone.left_straight] run data modify entity @s {} merge value {transformation:[-0.361455332259528f,-0.04678448528424442f,-0.9312149347588035f,-27.911228245126185f,-0.12836288615884434f,0.9917272656617703f,0f,2.988926973371599f,0.923511240991752f,0.11953343665985994f,-0.36447049987915f,-0.0771923487156656f,0f,0f,0f,1f],start_interpolation:0}
execute if entity @s[tag=aj.stage.bone.left_bend] run data modify entity @s {} merge value {transformation:[-0.361455332259528f,-0.04678448528424442f,-0.9312149347588035f,-27.834389677442502f,-0.12836288615884434f,0.9917272656617703f,0f,3.0468522753768363f,0.923511240991752f,0.11953343665985994f,-0.36447049987915f,-0.4231311059932149f,0f,0f,0f,1f],start_interpolation:0}
execute if entity @s[tag=aj.stage.bone.right_straight] run data modify entity @s {} merge value {transformation:[0.2547828013429684f,-0.2030410795250329f,-0.9454417190737558f,-28.022898582740105f,0.2621381217925294f,0.9556002056484896f,-0.13458028112487153f,2.968550907607225f,0.930789626737919f,-0.2135475754717756f,0.2966953045924585f,-0.06860510271468528f,0f,0f,0f,1f],start_interpolation:0}
execute if entity @s[tag=aj.stage.bone.microphone] run data modify entity @s {} merge value {transformation:[0.2547828013429684f,-0.14077150605590366f,-0.9566969777429957f,-27.659880771017544f,0.2621381217925294f,0.9623561637732286f,-0.07179289067003353f,3.297083404350845f,0.930789626737919f,-0.2324951550687176f,0.28209337749521585f,0.09444292552734002f,0f,0f,0f,1f],start_interpolation:0}
execute if entity @s[tag=aj.stage.bone.right_bend] run data modify entity @s {} merge value {transformation:[0.2547828013429684f,-0.9566969777429957f,0.14077150605590344f,-28.041412472205497f,0.2621381217925294f,-0.07179289067003332f,-0.9623561637732286f,3.148768059018862f,0.930789626737919f,0.2820933774952158f,0.23249515506871765f,0.24326744796387412f,0f,0f,0f,1f],start_interpolation:0}
execute if entity @s[tag=aj.stage.bone.head] run data modify entity @s {} merge value {transformation:[-0.36447049987915f,0f,-0.9312149347588035f,-27.919019660335127f,0f,1f,0f,3.4375f,0.9312149347588035f,0f,-0.36447049987915f,-0.03542152717998179f,0f,0f,0f,1f],start_interpolation:0}
execute if entity @s[tag=aj.stage.bone.outfit] run data modify entity @s {} merge value {transformation:[-0.36447049987915f,0f,-0.9312149347588035f,-27.919019660335127f,0f,1f,0f,2f,0.9312149347588035f,0f,-0.36447049987915f,-0.03542152717998179f,0f,0f,0f,1f],start_interpolation:0}
execute if entity @s[tag=aj.stage.bone.chest] run data modify entity @s {} merge value {transformation:[-0.36447049987915f,0f,-0.9312149347588035f,-27.930426675438916f,0f,1f,0f,2.6875f,0.9312149347588035f,0f,-0.36447049987915f,-0.028140738126968688f,0f,0f,0f,1f],start_interpolation:0}
execute if entity @s[tag=aj.stage.bone.waist] run data modify entity @s {} merge value {transformation:[-0.36447049987915f,0f,-0.9312149347588035f,-27.919019660335127f,0f,1f,0f,3.5f,0.9312149347588035f,0f,-0.36447049987915f,-0.03542152717998179f,0f,0f,0f,1f],start_interpolation:0}
execute if entity @s[tag=aj.stage.bone.right_leg] run data modify entity @s {} merge value {transformation:[-0.36447049987915f,0f,-0.9312149347588035f,-27.938495603145395f,0f,1f,0f,2.6875f,0.9312149347588035f,0f,-0.36447049987915f,-0.15714252024055086f,0f,0f,0f,1f],start_interpolation:0}
execute if entity @s[tag=aj.stage.bone.left_leg] run data modify entity @s {} merge value {transformation:[-0.36447049987915f,0f,-0.9312149347588035f,-28.015945584369714f,0f,1f,0f,2.6875f,0.9312149347588035f,0f,-0.36447049987915f,0.04074065339569355f,0f,0f,0f,1f],start_interpolation:0}
execute if entity @s[tag=aj.stage.bone.platform] run data modify entity @s {} merge value {transformation:[-1.8624298695176071f,0f,0.7289409997582995f,-28f,0f,2f,0f,3f,-0.7289409997582995f,0f,-1.8624298695176071f,-3.429011037612589e-15f,0f,0f,0f,1f],start_interpolation:0}