execute if entity @s[tag=aj.stage.bone.left_straight] run data modify entity @s {} merge value {transformation:[-0.9203638919632243f,-0.08052140686538041f,-0.3826834323650895f,-27.899045256766502f,-0.08715574274765818f,0.9961946980917455f,0f,3.0018115019836387f,0.38122720636965324f,0.03335305878500259f,-0.9238795325112867f,0.017207375838983213f,0f,0f,0f,1f],start_interpolation:0}
execute if entity @s[tag=aj.stage.bone.left_bend] run data modify entity @s {} merge value {transformation:[-0.9203638919632243f,-0.08052140686538041f,-0.3826834323650895f,-27.594478412342774f,-0.08715574274765818f,0.9961946980917455f,0f,3.0451769882155957f,0.38122720636965324f,0.03335305878500259f,-0.9238795325112867f,-0.16797254144269702f,0f,0f,0f,1f],start_interpolation:0}
execute if entity @s[tag=aj.stage.bone.right_straight] run data modify entity @s {} merge value {transformation:[-0.4943763104030094f,0.013211331549593655f,-0.8691475849537831f,-27.96641648327332f,0.2621381217925294f,0.9556002056484896f,-0.13458028112487153f,2.968550907607225f,0.8287796262067451f,-0.2943700183158114f,-0.4758892975276462f,-0.06405585542529954f,0f,0f,0f,1f],start_interpolation:0}
execute if entity @s[tag=aj.stage.bone.microphone] run data modify entity @s {} merge value {transformation:[-0.4943763104030094f,-0.001959397506788792f,-0.869245779094565f,-27.84006751253878f,0.2621381217925294f,0.9531059133439806f,-0.15123730707673125f,3.3291190636437893f,0.8287796262067451f,-0.3026305977758146f,-0.470679352080013f,0.2958954142972988f,0f,0f,0f,1f],start_interpolation:0}
execute if entity @s[tag=aj.stage.bone.right_bend] run data modify entity @s {} merge value {transformation:[-0.4943763104030094f,-0.869245779094565f,0.001959397506788599f,-28.204062675962902f,0.2621381217925294f,-0.15123730707673103f,-0.9531059133439806f,3.148768059018862f,0.8287796262067451f,-0.47067935208001305f,0.30263059777581447f,0.1387532643647969f,0f,0f,0f,1f],start_interpolation:0}
execute if entity @s[tag=aj.stage.bone.head] run data modify entity @s {} merge value {transformation:[-0.9238795325112867f,0f,-0.3826834323650895f,-27.918339814695226f,0f,1f,0f,3.4375f,0.3826834323650895f,0f,-0.9238795325112867f,0.03382475625913388f,0f,0f,0f,1f],start_interpolation:0}
execute if entity @s[tag=aj.stage.bone.outfit] run data modify entity @s {} merge value {transformation:[-0.9238795325112867f,0f,-0.3826834323650895f,-27.918339814695226f,0f,1f,0f,2f,0.3826834323650895f,0f,-0.9238795325112867f,0.03382475625913388f,0f,0f,0f,1f],start_interpolation:0}
execute if entity @s[tag=aj.stage.bone.chest] run data modify entity @s {} merge value {transformation:[-0.9238795325112867f,0f,-0.3826834323650895f,-27.931494255683727f,0f,1f,0f,2.6875f,0.3826834323650895f,0f,-0.9238795325112867f,0.030648191275928004f,0f,0f,0f,1f],start_interpolation:0}
execute if entity @s[tag=aj.stage.bone.waist] run data modify entity @s {} merge value {transformation:[-0.9238795325112867f,0f,-0.3826834323650895f,-27.918339814695226f,0f,1f,0f,3.5f,0.3826834323650895f,0f,-0.9238795325112867f,0.03382475625913388f,0f,0f,0f,1f],start_interpolation:0}
execute if entity @s[tag=aj.stage.bone.right_leg] run data modify entity @s {} merge value {transformation:[-0.9238795325112867f,0f,-0.3826834323650895f,-27.84409532888872f,0f,1f,0f,2.6875f,0.3826834323650895f,0f,-0.9238795325112867f,-0.06457782921161202f,0f,0f,0f,1f],start_interpolation:0}
execute if entity @s[tag=aj.stage.bone.left_leg] run data modify entity @s {} merge value {transformation:[-0.9238795325112867f,0f,-0.3826834323650895f,-28.040419729547367f,0f,1f,0f,2.6875f,0.3826834323650895f,0f,-0.9238795325112867f,0.016742400165968944f,0f,0f,0f,1f],start_interpolation:0}
execute if entity @s[tag=aj.stage.bone.platform] run data modify entity @s {} merge value {transformation:[-0.7653668647301795f,0f,1.8477590650225733f,-28f,0f,2f,0f,3f,-1.8477590650225733f,0f,-0.7653668647301795f,-3.429011037612589e-15f,0f,0f,0f,1f],start_interpolation:0}