execute if entity @s[tag=aj.stage.bone.left_straight] run data modify entity @s {} merge value {transformation:[-0.646458118344849f,-0.06224683691499728f,-0.7604059656000307f,-27.899865807100113f,-0.09584575252022398f,0.9953961983671789f,0f,2.9990386827857014f,0.7569052073739944f,0.07288168199380249f,-0.649448048330184f,-0.0332765456716449f,0f,0f,0f,1f],start_interpolation:0}
execute if entity @s[tag=aj.stage.bone.left_bend] run data modify entity @s {} merge value {transformation:[-0.646458118344849f,-0.06224683691499728f,-0.7604059656000307f,-27.71281916652274f,-0.09584575252022398f,0.9953961983671789f,0f,3.045476425612308f,0.7569052073739944f,0.07288168199380249f,-0.649448048330184f,-0.33624555427269187f,0f,0f,0f,1f],start_interpolation:0}
execute if entity @s[tag=aj.stage.bone.right_straight] run data modify entity @s {} merge value {transformation:[-0.06423444129770028f,-0.12186980911963115f,-0.9904653886816627f,-27.999157617307112f,0.2621381217925294f,0.9556002056484896f,-0.13458028112487153f,2.968550907607225f,0.9628902022838624f,-0.2682834258572622f,-0.029435722447964108f,-0.07232078263816527f,0f,0f,0f,1f],start_interpolation:0}
execute if entity @s[tag=aj.stage.bone.microphone] run data modify entity @s {} merge value {transformation:[-0.06423444129770028f,-0.12186980911963115f,-0.9904653886816627f,-27.720079435360056f,0.2621381217925294f,0.9556002056484896f,-0.13458028112487153f,3.3224707682418257f,0.9628902022838624f,-0.2682834258572622f,-0.029435722447964108f,0.19305271784801975f,0f,0f,0f,1f],start_interpolation:0}
execute if entity @s[tag=aj.stage.bone.right_bend] run data modify entity @s {} merge value {transformation:[-0.06423444129770028f,-0.9904653886816627f,0.12186980911963093f,-28.118828511796814f,0.2621381217925294f,-0.1345802811248713f,-0.9556002056484896f,3.148768059018862f,0.9628902022838624f,-0.029435722447964167f,0.2682834258572622f,0.2162725800400545f,0f,0f,0f,1f],start_interpolation:0}
execute if entity @s[tag=aj.stage.bone.head] run data modify entity @s {} merge value {transformation:[-0.649448048330184f,0f,-0.7604059656000307f,-27.91188412412936f,0f,1f,0f,3.4375f,0.7604059656000307f,0f,-0.649448048330184f,-0.006934869829368869f,0f,0f,0f,1f],start_interpolation:0}
execute if entity @s[tag=aj.stage.bone.outfit] run data modify entity @s {} merge value {transformation:[-0.649448048330184f,0f,-0.7604059656000307f,-27.91188412412936f,0f,1f,0f,2f,0.7604059656000307f,0f,-0.649448048330184f,-0.006934869829368869f,0f,0f,0f,1f],start_interpolation:0}
execute if entity @s[tag=aj.stage.bone.chest] run data modify entity @s {} merge value {transformation:[-0.649448048330184f,0f,-0.7604059656000307f,-27.92504694719635f,0f,1f,0f,2.6875f,0.7604059656000307f,0f,-0.649448048330184f,-0.003793218715749145f,0f,0f,0f,1f],start_interpolation:0}
execute if entity @s[tag=aj.stage.bone.waist] run data modify entity @s {} merge value {transformation:[-0.649448048330184f,0f,-0.7604059656000307f,-27.91188412412936f,0f,1f,0f,3.5f,0.7604059656000307f,0f,-0.649448048330184f,-0.006934869829368869f,0f,0f,0f,1f],start_interpolation:0}
execute if entity @s[tag=aj.stage.bone.right_leg] run data modify entity @s {} merge value {transformation:[-0.649448048330184f,0f,-0.7604059656000307f,-27.890405641844282f,0f,1f,0f,2.6875f,0.7604059656000307f,0f,-0.649448048330184f,-0.12831850669500808f,0f,0f,0f,1f],start_interpolation:0}
execute if entity @s[tag=aj.stage.bone.left_leg] run data modify entity @s {} merge value {transformation:[-0.649448048330184f,0f,-0.7604059656000307f,-28.028413352114445f,0f,1f,0f,2.6875f,0.7604059656000307f,0f,-0.649448048330184f,0.033267760994997356f,0f,0f,0f,1f],start_interpolation:0}
execute if entity @s[tag=aj.stage.bone.platform] run data modify entity @s {} merge value {transformation:[-1.5208119312000616f,0f,1.2988960966603675f,-28f,0f,2f,0f,3f,-1.2988960966603675f,0f,-1.5208119312000616f,-3.429011037612589e-15f,0f,0f,0f,1f],start_interpolation:0}