execute if entity @s[tag=aj.stage.bone.left_straight] run data modify entity @s {} merge value {transformation:[-0.8876159753616069f,-0.07765633540864647f,-0.45399049973954664f,-27.898006391399772f,-0.08715574274765818f,0.9961946980917455f,0f,3.0018115019836387f,0.4522629288245584f,0.039567879205180706f,-0.891006524188368f,0.009233513378406055f,0f,0f,0f,1f],start_interpolation:0}
execute if entity @s[tag=aj.stage.bone.left_bend] run data modify entity @s {} merge value {transformation:[-0.8876159753616069f,-0.07765633540864647f,-0.45399049973954664f,-27.60890747377023f,-0.08715574274765818f,0.9961946980917455f,0f,3.0451769882155957f,0.4522629288245584f,0.039567879205180706f,-0.891006524188368f,-0.19927159522113702f,0f,0f,0f,1f],start_interpolation:0}
execute if entity @s[tag=aj.stage.bone.right_straight] run data modify entity @s {} merge value {transformation:[-0.42782701319794686f,-0.009925400022962466f,-0.9038061369632915f,-27.971545774540196f,0.2621381217925294f,0.9556002056484896f,-0.13458028112487153f,2.968550907607225f,0.8650130934738554f,-0.2944991229171126f,-0.4062297560738783f,-0.0664933249543205f,0f,0f,0f,1f],start_interpolation:0}
execute if entity @s[tag=aj.stage.bone.microphone] run data modify entity @s {} merge value {transformation:[-0.42782701319794686f,-0.025697480379258814f,-0.9034952607956953f,-27.817344844387073f,0.2621381217925294f,0.9531059133439806f,-0.15123730707673125f,3.3291190636437893f,0.8650130934738554f,-0.3015439560841738f,-0.40102816692583726f,0.28243510914141057f,0f,0f,0f,1f],start_interpolation:0}
execute if entity @s[tag=aj.stage.bone.right_bend] run data modify entity @s {} merge value {transformation:[-0.42782701319794686f,-0.9034952607956953f,0.025697480379258612f,-28.192547163184035f,0.2621381217925294f,-0.15123730707673103f,-0.9531059133439806f,3.148768059018862f,0.8650130934738554f,-0.4010281669258373f,0.30154395608417367f,0.15433610738517478f,0f,0f,0f,1f],start_interpolation:0}
execute if entity @s[tag=aj.stage.bone.head] run data modify entity @s {} merge value {transformation:[-0.891006524188368f,0f,-0.45399049973954664f,-27.915937686004504f,0f,1f,0f,3.4375f,0.45399049973954664f,0f,-0.891006524188368f,0.027313501528047887f,0f,0f,0f,1f],start_interpolation:0}
execute if entity @s[tag=aj.stage.bone.outfit] run data modify entity @s {} merge value {transformation:[-0.891006524188368f,0f,-0.45399049973954664f,-27.915937686004504f,0f,1f,0f,2f,0.45399049973954664f,0f,-0.891006524188368f,0.027313501528047887f,0f,0f,0f,1f],start_interpolation:0}
execute if entity @s[tag=aj.stage.bone.chest] run data modify entity @s {} merge value {transformation:[-0.891006524188368f,0f,-0.45399049973954664f,-27.929300806657615f,0f,1f,0f,2.6875f,0.45399049973954664f,0f,-0.891006524188368f,0.02517881437932345f,0f,0f,0f,1f],start_interpolation:0}
execute if entity @s[tag=aj.stage.bone.waist] run data modify entity @s {} merge value {transformation:[-0.891006524188368f,0f,-0.45399049973954664f,-27.915937686004504f,0f,1f,0f,3.5f,0.45399049973954664f,0f,-0.891006524188368f,0.027313501528047887f,0f,0f,0f,1f],start_interpolation:0}
execute if entity @s[tag=aj.stage.bone.right_leg] run data modify entity @s {} merge value {transformation:[-0.891006524188368f,0f,-0.45399049973954664f,-27.84964264904321f,0f,1f,0f,2.6875f,0.45399049973954664f,0f,-0.891006524188368f,-0.07661089683105161f,0f,0f,0f,1f],start_interpolation:0}
execute if entity @s[tag=aj.stage.bone.left_leg] run data modify entity @s {} merge value {transformation:[-0.891006524188368f,0f,-0.45399049973954664f,-28.03898153543324f,0f,1f,0f,2.6875f,0.45399049973954664f,0f,-0.891006524188368f,0.019862084363601394f,0f,0f,0f,1f],start_interpolation:0}
execute if entity @s[tag=aj.stage.bone.platform] run data modify entity @s {} merge value {transformation:[-0.9079809994790937f,0f,1.7820130483767358f,-28f,0f,2f,0f,3f,-1.7820130483767358f,0f,-0.9079809994790937f,-3.429011037612589e-15f,0f,0f,0f,1f],start_interpolation:0}