execute if entity @s[tag=aj.stage.bone.left_straight] run data modify entity @s {} merge value {transformation:[-0.0391104203072429f,-0.00342171840261784f,0.9992290362407228f,-28.05108596955209f,-0.08715574274765818f,0.9961946980917455f,0f,3.0018115019836387f,-0.9954266680823327f,-0.08708854882858685f,-0.0392598157590686f,0.08875909913652619f,0f,0f,0f,1f],start_interpolation:0}
execute if entity @s[tag=aj.stage.bone.left_bend] run data modify entity @s {} merge value {transformation:[-0.0391104203072429f,-0.00342171840261784f,0.9992290362407228f,-27.982767555446895f,-0.08715574274765818f,0.9961946980917455f,0f,3.0451769882155957f,-0.9954266680823327f,-0.08708854882858685f,-0.0392598157590686f,0.4385950017835103f,0f,0f,0f,1f],start_interpolation:0}
execute if entity @s[tag=aj.stage.bone.right_straight] run data modify entity @s {} merge value {transformation:[-0.6064417910507246f,0.2716027335432168f,0.7473020200688885f,-27.951527179400635f,0.2621381217925294f,0.9556002056484896f,-0.13458028112487153f,2.968550907607225f,-0.7506743362938911f,0.1142812412271444f,-0.6507133306866464f,0.0536785885911589f,0f,0f,0f,1f],start_interpolation:0}
execute if entity @s[tag=aj.stage.bone.microphone] run data modify entity @s {} merge value {transformation:[-0.6064417910507246f,0.2846035857170061f,0.7424480810563198f,-28.33296187592408f,0.2621381217925294f,0.9531059133439806f,-0.15123730707673125f,3.3291190636437893f,-0.7506743362938911f,0.10290732211927f,-0.6526087065646353f,0.04763282406933389f,0f,0f,0f,1f],start_interpolation:0}
execute if entity @s[tag=aj.stage.bone.right_bend] run data modify entity @s {} merge value {transformation:[-0.6064417910507246f,0.7424480810563199f,-0.28460358571700595f,-28.05954753759438f,0.2621381217925294f,-0.15123730707673103f,-0.9531059133439806f,3.148768059018862f,-0.7506743362938911f,-0.6526087065646353f,-0.10290732211927014f,-0.23947470609539617f,0f,0f,0f,1f],start_interpolation:0}
execute if entity @s[tag=aj.stage.bone.head] run data modify entity @s {} merge value {transformation:[-0.0392598157590686f,0f,0.9992290362407228f,-28.059998076280102f,0f,1f,0f,3.4375f,-0.9992290362407228f,0f,-0.0392598157590686f,0.06490555324998355f,0f,0f,0f,1f],start_interpolation:0}
execute if entity @s[tag=aj.stage.bone.outfit] run data modify entity @s {} merge value {transformation:[-0.0392598157590686f,0f,0.9992290362407228f,-28.059998076280102f,0f,1f,0f,2f,-0.9992290362407228f,0f,-0.0392598157590686f,0.06490555324998355f,0f,0f,0f,1f],start_interpolation:0}
execute if entity @s[tag=aj.stage.bone.chest] run data modify entity @s {} merge value {transformation:[-0.0392598157590686f,0f,0.9992290362407228f,-28.052464874132426f,0f,1f,0f,2.6875f,-0.9992290362407228f,0f,-0.0392598157590686f,0.05366363400926986f,0f,0f,0f,1f],start_interpolation:0}
execute if entity @s[tag=aj.stage.bone.waist] run data modify entity @s {} merge value {transformation:[-0.0392598157590686f,0f,0.9992290362407228f,-28.059998076280102f,0f,1f,0f,3.5f,-0.9992290362407228f,0f,-0.0392598157590686f,0.06490555324998355f,0f,0f,0f,1f],start_interpolation:0}
execute if entity @s[tag=aj.stage.bone.right_leg] run data modify entity @s {} merge value {transformation:[-0.0392598157590686f,0f,0.9992290362407228f,-27.993374906090658f,0f,1f,0f,2.6875f,-0.9992290362407228f,0f,-0.0392598157590686f,0.16861989986561784f,0f,0f,0f,1f],start_interpolation:0}
execute if entity @s[tag=aj.stage.bone.left_leg] run data modify entity @s {} merge value {transformation:[-0.0392598157590686f,0f,0.9992290362407228f,-28.00171761693946f,0f,1f,0f,2.6875f,-0.9992290362407228f,0f,-0.0392598157590686f,-0.043716270335534324f,0f,0f,0f,1f],start_interpolation:0}
execute if entity @s[tag=aj.stage.bone.platform] run data modify entity @s {} merge value {transformation:[1.9984580724814456f,0f,0.07851963151813765f,-28f,0f,2f,0f,3f,-0.07851963151813765f,0f,1.9984580724814456f,-3.429011037612589e-15f,0f,0f,0f,1f],start_interpolation:0}