execute if entity @s[tag=aj.stage.bone.left_straight] run data modify entity @s {} merge value {transformation:[-0.9412107742153273f,-0.0823452727322992f,0.32763017956169393f,-27.935965530147786f,-0.08715574274765818f,0.9961946980917455f,0f,3.0018115019836387f,-0.3263834478142061f,-0.028554851646248054f,-0.944806046466878f,0.07992209103465134f,0f,0f,0f,1f],start_interpolation:0}
execute if entity @s[tag=aj.stage.bone.left_bend] run data modify entity @s {} merge value {transformation:[-0.9412107742153273f,-0.0823452727322992f,0.32763017956169393f,-27.585293066348218f,-0.08715574274765818f,0.9961946980917455f,0f,3.0451769882155957f,-0.3263834478142061f,-0.028554851646248054f,-0.944806046466878f,0.14380782981427775f,0f,0f,0f,1f],start_interpolation:0}
execute if entity @s[tag=aj.stage.bone.right_straight] run data modify entity @s {} merge value {transformation:[-0.9200692958288889f,0.20541158265653026f,-0.3335844309668428f,-27.93234678347273f,0.2621381217925294f,0.9556002056484896f,-0.13458028112487153f,2.968550907607225f,0.29112900229282884f,-0.21126838067989231f,-0.9330646147769609f,-0.02557435245538854f,0f,0f,0f,1f],start_interpolation:0}
execute if entity @s[tag=aj.stage.bone.microphone] run data modify entity @s {} merge value {transformation:[-0.9200692958288889f,0.19955844640717502f,-0.33711855086970155f,-28.076998384200643f,0.2621381217925294f,0.9531059133439806f,-0.15123730707673125f,3.3291190636437893f,0.29112900229282884f,-0.22752042637154837f,-0.9292353628697583f,0.3274198307650169f,0f,0f,0f,1f],start_interpolation:0}
execute if entity @s[tag=aj.stage.bone.right_bend] run data modify entity @s {} merge value {transformation:[-0.9200692958288889f,-0.3371185508697015f,-0.1995584464071751f,-28.2447057436066f,0.2621381217925294f,-0.15123730707673103f,-0.9531059133439806f,3.148768059018862f,0.29112900229282884f,-0.9292353628697583f,0.22752042637154818f,-0.03182990950300604f,0f,0f,0f,1f],start_interpolation:0}
execute if entity @s[tag=aj.stage.bone.head] run data modify entity @s {} merge value {transformation:[-0.944806046466878f,0f,0.32763017956169393f,-27.961426508318425f,0f,1f,0f,3.4375f,-0.32763017956169393f,0f,-0.944806046466878f,0.07952726412678231f,0f,0f,0f,1f],start_interpolation:0}
execute if entity @s[tag=aj.stage.bone.outfit] run data modify entity @s {} merge value {transformation:[-0.944806046466878f,0f,0.32763017956169393f,-27.961426508318425f,0f,1f,0f,2f,-0.32763017956169393f,0f,-0.944806046466878f,0.07952726412678231f,0f,0f,0f,1f],start_interpolation:0}
execute if entity @s[tag=aj.stage.bone.chest] run data modify entity @s {} merge value {transformation:[-0.944806046466878f,0f,0.32763017956169393f,-27.969149521458274f,0f,1f,0f,2.6875f,-0.32763017956169393f,0f,-0.944806046466878f,0.06841488585504311f,0f,0f,0f,1f],start_interpolation:0}
execute if entity @s[tag=aj.stage.bone.waist] run data modify entity @s {} merge value {transformation:[-0.944806046466878f,0f,0.32763017956169393f,-27.961426508318425f,0f,1f,0f,3.5f,-0.32763017956169393f,0f,-0.944806046466878f,0.07952726412678231f,0f,0f,0f,1f],start_interpolation:0}
execute if entity @s[tag=aj.stage.bone.right_leg] run data modify entity @s {} merge value {transformation:[-0.944806046466878f,0f,0.32763017956169393f,-27.840563979658715f,0f,1f,0f,2.6875f,-0.32763017956169393f,0f,-0.944806046466878f,0.055287592801032175f,0f,0f,0f,1f],start_interpolation:0}
execute if entity @s[tag=aj.stage.bone.left_leg] run data modify entity @s {} merge value {transformation:[-0.944806046466878f,0f,0.32763017956169393f,-28.041335264532925f,0f,1f,0f,2.6875f,-0.32763017956169393f,0f,-0.944806046466878f,-0.014333820355827323f,0f,0f,0f,1f],start_interpolation:0}
execute if entity @s[tag=aj.stage.bone.platform] run data modify entity @s {} merge value {transformation:[0.6552603591233874f,0f,1.8896120929337563f,-28f,0f,2f,0f,3f,-1.8896120929337563f,0f,0.6552603591233874f,-3.429011037612589e-15f,0f,0f,0f,1f],start_interpolation:0}