execute if entity @s[tag=aj.stage.bone.left_straight] run data modify entity @s {} merge value {transformation:[-0.9944669081533353f,-0.08700458071509312f,-0.05887080365118845f,-27.910255003809393f,-0.08715574274765818f,0.9961946980917455f,0f,3.0018115019836387f,0.05864678246971411f,0.005130928618370876f,-0.9982656101847159f,0.0493334533896946f,0f,0f,0f,1f],start_interpolation:0}
execute if entity @s[tag=aj.stage.bone.left_bend] run data modify entity @s {} merge value {transformation:[-0.9944669081533353f,-0.08700458071509312f,-0.05887080365118845f,-27.5618278780943f,-0.08715574274765818f,0.9961946980917455f,0f,3.0451769882155957f,0.05864678246971411f,0.005130928618370876f,-0.9982656101847159f,-0.025840362215187828f,0f,0f,0f,1f],start_interpolation:0}
execute if entity @s[tag=aj.stage.bone.right_straight] run data modify entity @s {} merge value {transformation:[-0.7386229450499388f,0.10892664788832311f,-0.6652601975359478f,-27.947283458920044f,0.2621381217925294f,0.9556002056484896f,-0.13458028112487153f,2.968550907607225f,0.6210634026803061f,-0.2737941422755018f,-0.7343820650770159f,-0.04951738590195658f,0f,0f,0f,1f],start_interpolation:0}
execute if entity @s[tag=aj.stage.bone.microphone] run data modify entity @s {} merge value {transformation:[-0.7386229450499388f,0.0972996664783067f,-0.6670599073164007f,-27.94583908653786f,0.2621381217925294f,0.9531059133439806f,-0.15123730707673125f,3.3291190636437893f,0.6210634026803061f,-0.2865691763814573f,-0.7294918484803057f,0.3319624861345767f,0f,0f,0f,1f],start_interpolation:0}
execute if entity @s[tag=aj.stage.bone.right_bend] run data modify entity @s {} merge value {transformation:[-0.7386229450499388f,-0.6670599073164007f,-0.09729966647830686f,-28.238259407026572f,0.2621381217925294f,-0.15123730707673103f,-0.9531059133439806f,3.148768059018862f,0.6210634026803061f,-0.7294918484803058f,0.2865691763814571f,0.06423783197131158f,0f,0f,0f,1f],start_interpolation:0}
execute if entity @s[tag=aj.stage.bone.head] run data modify entity @s {} merge value {transformation:[-0.9982656101847159f,0f,-0.05887080365118845f,-27.933928974135256f,0f,1f,0f,3.4375f,0.05887080365118845f,0f,-0.9982656101847159f,0.058712175408342025f,0f,0f,0f,1f],start_interpolation:0}
execute if entity @s[tag=aj.stage.bone.outfit] run data modify entity @s {} merge value {transformation:[-0.9982656101847159f,0f,-0.05887080365118845f,-27.933928974135256f,0f,1f,0f,2f,0.05887080365118845f,0f,-0.9982656101847159f,0.058712175408342025f,0f,0f,0f,1f],start_interpolation:0}
execute if entity @s[tag=aj.stage.bone.chest] run data modify entity @s {} merge value {transformation:[-0.9982656101847159f,0f,-0.05887080365118845f,-27.945316630963248f,0f,1f,0f,2.6875f,0.05887080365118845f,0f,-0.9982656101847159f,0.05140114574211749f,0f,0f,0f,1f],start_interpolation:0}
execute if entity @s[tag=aj.stage.bone.waist] run data modify entity @s {} merge value {transformation:[-0.9982656101847159f,0f,-0.05887080365118845f,-27.933928974135256f,0f,1f,0f,3.5f,0.05887080365118845f,0f,-0.9982656101847159f,0.058712175408342025f,0f,0f,0f,1f],start_interpolation:0}
execute if entity @s[tag=aj.stage.bone.right_leg] run data modify entity @s {} merge value {transformation:[-0.9982656101847159f,0f,-0.05887080365118845f,-27.83154267828133f,0f,1f,0f,2.6875f,0.05887080365118845f,0f,-0.9982656101847159f,-0.009934448116141449f,0f,0f,0f,1f],start_interpolation:0}
execute if entity @s[tag=aj.stage.bone.left_leg] run data modify entity @s {} merge value {transformation:[-0.9982656101847159f,0f,-0.05887080365118845f,-28.04367412044558f,0f,1f,0f,2.6875f,0.05887080365118845f,0f,-0.9982656101847159f,0.002575597659736008f,0f,0f,0f,1f],start_interpolation:0}
execute if entity @s[tag=aj.stage.bone.platform] run data modify entity @s {} merge value {transformation:[-0.11774160730237734f,0f,1.9965312203694319f,-28f,0f,2f,0f,3f,-1.9965312203694319f,0f,-0.11774160730237734f,-3.429011037612589e-15f,0f,0f,0f,1f],start_interpolation:0}