execute if entity @s[tag=aj.stage.bone.left_straight] run data modify entity @s {} merge value {transformation:[-0.7823285628650796f,-0.06844488040322264f,0.6190939493098345f,-27.96568473473796f,-0.08715574274765818f,0.9961946980917455f,0f,3.0018115019836387f,-0.616738109923137f,-0.05395759298267967f,-0.7853169308807446f,0.09649049971163273f,0f,0f,0f,1f],start_interpolation:0}
execute if entity @s[tag=aj.stage.bone.left_bend] run data modify entity @s {} merge value {transformation:[-0.7823285628650796f,-0.06844488040322264f,0.6190939493098345f,-27.655298166678488f,-0.08715574274765818f,0.9961946980917455f,0f,3.0451769882155957f,-0.616738109923137f,-0.05395759298267967f,-0.7853169308807446f,0.27174101427562175f,0f,0f,0f,1f],start_interpolation:0}
execute if entity @s[tag=aj.stage.bone.right_straight] run data modify entity @s {} merge value {transformation:[-0.964669681164473f,0.263292002806082f,-0.009472460102647628f,-27.927701902274976f,0.2621381217925294f,0.9556002056484896f,-0.13458028112487153f,2.968550907607225f,-0.02638202693348579f,-0.1323086097838177f,-0.9908574168022131f,-0.0019975673555716472f,0f,0f,0f,1f],start_interpolation:0}
execute if entity @s[tag=aj.stage.bone.microphone] run data modify entity @s {} merge value {transformation:[-0.964669681164473f,0.26308658493509884f,-0.01406609644575127f,-28.18002115690655f,0.2621381217925294f,0.9531059133439806f,-0.15123730707673125f,3.3291190636437893f,-0.02638202693348579f,-0.14958130490112567f,-0.9883974007852093f,0.28412124139833234f,0f,0f,0f,1f],start_interpolation:0}
execute if entity @s[tag=aj.stage.bone.right_bend] run data modify entity @s {} merge value {transformation:[-0.964669681164473f,-0.01406609644575121f,-0.26308658493509884f,-28.22077102719879f,0.2621381217925294f,-0.15123730707673103f,-0.9531059133439806f,3.148768059018862f,-0.02638202693348579f,-0.9883974007852093f,0.14958130490112545f,-0.11024607767454225f,0f,0f,0f,1f],start_interpolation:0}
execute if entity @s[tag=aj.stage.bone.head] run data modify entity @s {} merge value {transformation:[-0.7853169308807446f,0f,0.6190939493098345f,-27.989611063651818f,0f,1f,0f,3.4375f,-0.6190939493098345f,0f,-0.7853169308807446f,0.08777568001190776f,0f,0f,0f,1f],start_interpolation:0}
execute if entity @s[tag=aj.stage.bone.outfit] run data modify entity @s {} merge value {transformation:[-0.7853169308807446f,0f,0.6190939493098345f,-27.989611063651818f,0f,1f,0f,2f,-0.6190939493098345f,0f,-0.7853169308807446f,0.08777568001190775f,0f,0f,0f,1f],start_interpolation:0}
execute if entity @s[tag=aj.stage.bone.chest] run data modify entity @s {} merge value {transformation:[-0.7853169308807446f,0f,0.6190939493098345f,-27.993267062674764f,0f,1f,0f,2.6875f,-0.6190939493098345f,0f,-0.7853169308807446f,0.07474634564837507f,0f,0f,0f,1f],start_interpolation:0}
execute if entity @s[tag=aj.stage.bone.waist] run data modify entity @s {} merge value {transformation:[-0.7853169308807446f,0f,0.6190939493098345f,-27.989611063651818f,0f,1f,0f,3.5f,-0.6190939493098345f,0f,-0.7853169308807446f,0.08777568001190776f,0f,0f,0f,1f],start_interpolation:0}
execute if entity @s[tag=aj.stage.bone.right_leg] run data modify entity @s {} merge value {transformation:[-0.7853169308807446f,0f,0.6190939493098345f,-27.867477767913876f,0f,1f,0f,2.6875f,-0.6190939493098345f,0f,-0.7853169308807446f,0.1044721039460307f,0f,0f,0f,1f],start_interpolation:0}
execute if entity @s[tag=aj.stage.bone.left_leg] run data modify entity @s {} merge value {transformation:[-0.7853169308807446f,0f,0.6190939493098345f,-28.034357615726034f,0f,1f,0f,2.6875f,-0.6190939493098345f,0f,-0.7853169308807446f,-0.02708536028230825f,0f,0f,0f,1f],start_interpolation:0}
execute if entity @s[tag=aj.stage.bone.platform] run data modify entity @s {} merge value {transformation:[1.2381878986196686f,0f,1.5706338617614894f,-28f,0f,2f,0f,3f,-1.5706338617614894f,0f,1.2381878986196686f,-3.429011037612589e-15f,0f,0f,0f,1f],start_interpolation:0}