execute if entity @s[tag=aj.stage.bone.left_straight] run data modify entity @s {} merge value {transformation:[-0.3812272063696533f,-0.033353058785002596f,0.9238795325112868f,-28.017207375838986f,-0.08715574274765818f,0.9961946980917455f,0f,3.0018115019836387f,-0.9203638919632244f,-0.08052140686538042f,-0.38268343236508956f,0.10095474323349374f,0f,0f,0f,1f],start_interpolation:0}
execute if entity @s[tag=aj.stage.bone.left_bend] run data modify entity @s {} merge value {transformation:[-0.3812272063696533f,-0.033353058785002596f,0.9238795325112868f,-27.832027458557302f,-0.08715574274765818f,0.9961946980917455f,0f,3.0451769882155957f,-0.9203638919632244f,-0.08052140686538042f,-0.38268343236508956f,0.4055215876572245f,0f,0f,0f,1f],start_interpolation:0}
execute if entity @s[tag=aj.stage.bone.right_straight] run data modify entity @s {} merge value {transformation:[-0.8287796262067452f,0.2943700183158114f,0.47588929752764625f,-27.935944144574705f,0.2621381217925294f,0.9556002056484896f,-0.13458028112487153f,2.968550907607225f,-0.49437631040300944f,0.013211331549593655f,-0.8691475849537833f,0.033583516726675006f,0f,0f,0f,1f],start_interpolation:0}
execute if entity @s[tag=aj.stage.bone.microphone] run data modify entity @s {} merge value {transformation:[-0.8287796262067452f,0.3026305977758146f,0.47067935208001305f,-28.295895414297302f,0.2621381217925294f,0.9531059133439806f,-0.15123730707673125f,3.3291190636437893f,-0.49437631040300944f,-0.001959397506788797f,-0.8692457790945652f,0.15993248746121366f,0f,0f,0f,1f],start_interpolation:0}
execute if entity @s[tag=aj.stage.bone.right_bend] run data modify entity @s {} merge value {transformation:[-0.8287796262067452f,0.4706793520800131f,-0.30263059777581447f,-28.1387532643648f,0.2621381217925294f,-0.15123730707673103f,-0.9531059133439806f,3.148768059018862f,-0.49437631040300944f,-0.8692457790945652f,0.001959397506788604f,-0.20406267596290614f,0f,0f,0f,1f],start_interpolation:0}
execute if entity @s[tag=aj.stage.bone.head] run data modify entity @s {} merge value {transformation:[-0.38268343236508956f,0f,0.9238795325112868f,-28.033824756259136f,0f,1f,0f,3.4375f,-0.9238795325112868f,0f,-0.38268343236508956f,0.08166018530477011f,0f,0f,0f,1f],start_interpolation:0}
execute if entity @s[tag=aj.stage.bone.outfit] run data modify entity @s {} merge value {transformation:[-0.38268343236508956f,0f,0.9238795325112868f,-28.033824756259136f,0f,1f,0f,2f,-0.9238795325112868f,0f,-0.38268343236508956f,0.08166018530477011f,0f,0f,0f,1f],start_interpolation:0}
execute if entity @s[tag=aj.stage.bone.chest] run data modify entity @s {} merge value {transformation:[-0.38268343236508956f,0f,0.9238795325112868f,-28.03064819127593f,0f,1f,0f,2.6875f,-0.9238795325112868f,0f,-0.38268343236508956f,0.06850574431626795f,0f,0f,0f,1f],start_interpolation:0}
execute if entity @s[tag=aj.stage.bone.waist] run data modify entity @s {} merge value {transformation:[-0.38268343236508956f,0f,0.9238795325112868f,-28.033824756259136f,0f,1f,0f,3.5f,-0.9238795325112868f,0f,-0.38268343236508956f,0.08166018530477011f,0f,0f,0f,1f],start_interpolation:0}
execute if entity @s[tag=aj.stage.bone.right_leg] run data modify entity @s {} merge value {transformation:[-0.38268343236508956f,0f,0.9238795325112868f,-27.93542217078839f,0f,1f,0f,2.6875f,-0.9238795325112868f,0f,-0.38268343236508956f,0.1559046711112756f,0f,0f,0f,1f],start_interpolation:0}
execute if entity @s[tag=aj.stage.bone.left_leg] run data modify entity @s {} merge value {transformation:[-0.38268343236508956f,0f,0.9238795325112868f,-28.01674240016597f,0f,1f,0f,2.6875f,-0.9238795325112868f,0f,-0.38268343236508956f,-0.040419729547371566f,0f,0f,0f,1f],start_interpolation:0}
execute if entity @s[tag=aj.stage.bone.platform] run data modify entity @s {} merge value {transformation:[1.8477590650225735f,0f,0.7653668647301796f,-28f,0f,2f,0f,3f,-0.7653668647301796f,0f,1.8477590650225735f,-3.429011037612589e-15f,0f,0f,0f,1f],start_interpolation:0}