execute if entity @s[tag=aj.stage.bone.left_straight] run data modify entity @s {} merge value {transformation:[-0.9730489922487642f,-0.08513075587709157f,0.21430915306505105f,-27.927015553252335f,-0.08715574274765818f,0.9961946980917455f,0f,3.0018115019836387f,-0.2134936420359362f,-0.01867827341300609f,-0.9767658813208724f,0.07184166268637095f,0f,0f,0f,1f],start_interpolation:0}
execute if entity @s[tag=aj.stage.bone.left_bend] run data modify entity @s {} merge value {transformation:[-0.9730489922487642f,-0.08513075587709157f,0.21430915306505105f,-27.571264827259487f,-0.08715574274765818f,0.9961946980917455f,0f,3.0451769882155957f,-0.2134936420359362f,-0.01867827341300609f,-0.9767658813208724f,0.09406744596255083f,0f,0f,0f,1f],start_interpolation:0}
execute if entity @s[tag=aj.stage.bone.right_straight] run data modify entity @s {} merge value {transformation:[-0.8794732506464041f,0.1791558277991435f,-0.44094216260531355f,-27.935821667484504f,0.2621381217925294f,0.9556002056484896f,-0.13458028112487153f,2.968550907607225f,0.3972535795943596f,-0.23394750763829067f,-0.8873883913875027f,-0.03334886573076066f,0f,0f,0f,1f],start_interpolation:0}
execute if entity @s[tag=aj.stage.bone.microphone] run data modify entity @s {} merge value {transformation:[-0.8794732506464041f,0.1714330396616862f,-0.4440017053005561f,-28.037980591801947f,0.2621381217925294f,0.9531059133439806f,-0.15123730707673125f,3.3291190636437893f,0.3972535795943596f,-0.2493989391739492f,-0.8831702908490393f,0.3342004958016607f,0f,0f,0f,1f],start_interpolation:0}
execute if entity @s[tag=aj.stage.bone.right_bend] run data modify entity @s {} merge value {transformation:[-0.8794732506464041f,-0.44400170530055605f,-0.1714330396616863f,-28.246750759935715f,0.2621381217925294f,-0.15123730707673103f,-0.9531059133439806f,3.148768059018862f,0.3972535795943596f,-0.8831702908490393f,0.249398939173949f,-0.0028472028686603937f,0f,0f,0f,1f],start_interpolation:0}
execute if entity @s[tag=aj.stage.bone.head] run data modify entity @s {} merge value {transformation:[-0.9767658813208724f,0f,0.21430915306505105f,-27.95234645448401f,0f,1f,0f,3.4375f,-0.21430915306505105f,0f,-0.9767658813208724f,0.07444218964911677f,0f,0f,0f,1f],start_interpolation:0}
execute if entity @s[tag=aj.stage.bone.outfit] run data modify entity @s {} merge value {transformation:[-0.9767658813208724f,0f,0.21430915306505105f,-27.95234645448401f,0f,1f,0f,2f,-0.21430915306505105f,0f,-0.9767658813208724f,0.07444218964911677f,0f,0f,0f,1f],start_interpolation:0}
execute if entity @s[tag=aj.stage.bone.chest] run data modify entity @s {} merge value {transformation:[-0.9767658813208724f,0f,0.21430915306505105f,-27.96132205524747f,0f,1f,0f,2.6875f,-0.21430915306505105f,0f,-0.9767658813208724f,0.06431458017069192f,0f,0f,0f,1f],start_interpolation:0}
execute if entity @s[tag=aj.stage.bone.waist] run data modify entity @s {} merge value {transformation:[-0.9767658813208724f,0f,0.21430915306505105f,-27.95234645448401f,0f,1f,0f,3.5f,-0.21430915306505105f,0f,-0.9767658813208724f,0.07444218964911677f,0f,0f,0f,1f],start_interpolation:0}
execute if entity @s[tag=aj.stage.bone.right_leg] run data modify entity @s {} merge value {transformation:[-0.9767658813208724f,0f,0.21430915306505105f,-27.835170757527106f,0f,1f,0f,2.6875f,-0.21430915306505105f,0f,-0.9767658813208724f,0.036164669579723766f,0f,0f,0f,1f],start_interpolation:0}
execute if entity @s[tag=aj.stage.bone.left_leg] run data modify entity @s {} merge value {transformation:[-0.9767658813208724f,0f,0.21430915306505105f,-28.042733507307787f,0f,1f,0f,2.6875f,-0.21430915306505105f,0f,-0.9767658813208724f,-0.009376025446599281f,0f,0f,0f,1f],start_interpolation:0}
execute if entity @s[tag=aj.stage.bone.platform] run data modify entity @s {} merge value {transformation:[0.42861830613010166f,0f,1.9535317626417448f,-28f,0f,2f,0f,3f,-1.9535317626417448f,0f,0.42861830613010166f,-3.429011037612589e-15f,0f,0f,0f,1f],start_interpolation:0}