execute if entity @s[tag=aj.stage.bone.left_straight] run data modify entity @s {} merge value {transformation:[-0.9276713807905711f,-0.0811607292966156f,-0.36447049987914926f,-27.89940256107942f,-0.08715574274765818f,0.9961946980917455f,0f,3.0018115019836387f,0.3630835795904567f,0.031765697126577515f,-0.9312149347588038f,0.019186173334599765f,0f,0f,0f,1f],start_interpolation:0}
execute if entity @s[tag=aj.stage.bone.left_bend] run data modify entity @s {} merge value {transformation:[-0.9276713807905711f,-0.0811607292966156f,-0.36447049987914926f,-27.591258659268007f,-0.08715574274765818f,0.9961946980917455f,0f,3.0451769882155957f,0.3630835795904567f,0.031765697126577515f,-0.9312149347588038f,-0.1599782769983744f,0f,0f,0f,1f],start_interpolation:0}
execute if entity @s[tag=aj.stage.bone.right_straight] run data modify entity @s {} merge value {transformation:[-0.5105530189623155f,0.0189883553489351f,-0.8596365843713307f,-27.965165303850096f,0.2621381217925294f,0.9556002056484896f,-0.13458028112487153f,2.968550907607225f,0.8189134386072503f,-0.29405388847234615f,-0.4928621417219449f,-0.06338413961032896f,0f,0f,0f,1f],start_interpolation:0}
execute if entity @s[tag=aj.stage.bone.microphone] run data modify entity @s {} merge value {transformation:[-0.5105530189623155f,0.0039827362716365715f,-0.8598370500509128f,-27.84590786061279f,0.2621381217925294f,0.9531059133439806f,-0.15123730707673125f,3.3291190636437893f,0.8189134386072503f,-0.30261073305573133f,-0.48765512845444625f,0.2989784429131566f,0f,0f,0f,1f],start_interpolation:0}
execute if entity @s[tag=aj.stage.bone.right_bend] run data modify entity @s {} merge value {transformation:[-0.5105530189623155f,-0.8598370500509128f,-0.003982736271636762f,-28.206747579860302f,0.2621381217925294f,-0.15123730707673103f,-0.9531059133439806f,3.148768059018862f,0.8189134386072503f,-0.4876551284544463f,0.3026107330557312f,0.1347200145298975f,0f,0f,0f,1f],start_interpolation:0}
execute if entity @s[tag=aj.stage.bone.head] run data modify entity @s {} merge value {transformation:[-0.9312149347588038f,0f,-0.36447049987914926f,-27.919019660335127f,0f,1f,0f,3.4375f,0.36447049987914926f,0f,-0.9312149347588038f,0.03542152717997496f,0f,0f,0f,1f],start_interpolation:0}
execute if entity @s[tag=aj.stage.bone.outfit] run data modify entity @s {} merge value {transformation:[-0.9312149347588038f,0f,-0.36447049987914926f,-27.919019660335127f,0f,1f,0f,2f,0.36447049987914926f,0f,-0.9312149347588038f,0.03542152717997496f,0f,0f,0f,1f],start_interpolation:0}
execute if entity @s[tag=aj.stage.bone.chest] run data modify entity @s {} merge value {transformation:[-0.9312149347588038f,0f,-0.36447049987914926f,-27.932109197979965f,0f,1f,0f,2.6875f,0.36447049987914926f,0f,-0.9312149347588038f,0.0319873042610442f,0f,0f,0f,1f],start_interpolation:0}
execute if entity @s[tag=aj.stage.bone.waist] run data modify entity @s {} merge value {transformation:[-0.9312149347588038f,0f,-0.36447049987914926f,-27.919019660335127f,0f,1f,0f,3.5f,0.36447049987914926f,0f,-0.9312149347588038f,0.03542152717997496f,0f,0f,0f,1f],start_interpolation:0}
execute if entity @s[tag=aj.stage.bone.right_leg] run data modify entity @s {} merge value {transformation:[-0.9312149347588038f,0f,-0.36447049987914926f,-27.842857479759452f,0f,1f,0f,2.6875f,0.36447049987914926f,0f,-0.9312149347588038f,-0.06150439685460962f,0f,0f,0f,1f],start_interpolation:0}
execute if entity @s[tag=aj.stage.bone.left_leg] run data modify entity @s {} merge value {transformation:[-0.9312149347588038f,0f,-0.36447049987914926f,-28.040740653395698f,0f,1f,0f,2.6875f,0.36447049987914926f,0f,-0.9312149347588038f,0.015945584369709075f,0f,0f,0f,1f],start_interpolation:0}
execute if entity @s[tag=aj.stage.bone.platform] run data modify entity @s {} merge value {transformation:[-0.728940999758299f,0f,1.8624298695176074f,-28f,0f,2f,0f,3f,-1.8624298695176074f,0f,-0.728940999758299f,-3.429011037612589e-15f,0f,0f,0f,1f],start_interpolation:0}