execute if entity @s[tag=aj.stage.bone.left_straight] run data modify entity @s {} merge value {transformation:[-0.7044160264027586f,-0.06162841671621935f,0.7071067811865477f,-27.97726383469174f,-0.08715574274765818f,0.9961946980917455f,0f,3.0018115019836387f,-0.7044160264027588f,-0.061628416716219374f,-0.7071067811865475f,0.0998549986314165f,0f,0f,0f,1f],start_interpolation:0}
execute if entity @s[tag=aj.stage.bone.left_bend] run data modify entity @s {} merge value {transformation:[-0.7044160264027586f,-0.06162841671621935f,0.7071067811865477f,-27.689627213874385f,-0.08715574274765818f,0.9961946980917455f,0f,3.0451769882155957f,-0.7044160264027588f,-0.061628416716219374f,-0.7071067811865475f,0.31037278612561386f,0f,0f,0f,1f],start_interpolation:0}
execute if entity @s[tag=aj.stage.bone.right_straight] run data modify entity @s {} merge value {transformation:[-0.9548821569597794f,0.27701819261046245f,0.10705600068502413f,-27.927968250783213f,0.2621381217925294f,0.9556002056484896f,-0.13458028112487153f,2.968550907607225f,-0.13958392250873375f,-0.10044485017857886f,-0.9851026142741064f,0.006514009116290909f,0f,0f,0f,1f],start_interpolation:0}
execute if entity @s[tag=aj.stage.bone.microphone] run data modify entity @s {} merge value {transformation:[-0.9548821569597794f,0.27884438623346525f,0.10220506144962292f,-28.21216820378488f,0.2621381217925294f,0.9531059133439806f,-0.15123730707673125f,3.3291190636437893f,-0.13958392250873375f,-0.11762196314812347f,-0.9831995740246522f,0.260992624513415f,0f,0f,0f,1f],start_interpolation:0}
execute if entity @s[tag=aj.stage.bone.right_bend] run data modify entity @s {} merge value {transformation:[-0.9548821569597794f,0.10220506144962298f,-0.27884438623346525f,-28.206282706270855f,0.2621381217925294f,-0.15123730707673103f,-0.9531059133439806f,3.148768059018862f,-0.13958392250873375f,-0.9831995740246522f,0.11762196314812325f,-0.1354307542126297f,0f,0f,0f,1f],start_interpolation:0}
execute if entity @s[tag=aj.stage.bone.head] run data modify entity @s {} merge value {transformation:[-0.7071067811865475f,0f,0.7071067811865477f,-28f,0f,1f,0f,3.4375f,-0.7071067811865477f,0f,-0.7071067811865475f,0.08838834764831502f,0f,0f,0f,1f],start_interpolation:0}
execute if entity @s[tag=aj.stage.bone.outfit] run data modify entity @s {} merge value {transformation:[-0.7071067811865475f,0f,0.7071067811865477f,-28f,0f,1f,0f,2f,-0.7071067811865477f,0f,-0.7071067811865475f,0.08838834764831502f,0f,0f,0f,1f],start_interpolation:0}
execute if entity @s[tag=aj.stage.bone.chest] run data modify entity @s {} merge value {transformation:[-0.7071067811865475f,0f,0.7071067811865477f,-28.002099223256646f,0f,1f,0f,2.6875f,-0.7071067811865477f,0f,-0.7071067811865475f,0.07501961006650636f,0f,0f,0f,1f],start_interpolation:0}
execute if entity @s[tag=aj.stage.bone.waist] run data modify entity @s {} merge value {transformation:[-0.7071067811865475f,0f,0.7071067811865477f,-28f,0f,1f,0f,3.5f,-0.7071067811865477f,0f,-0.7071067811865475f,0.08838834764831502f,0f,0f,0f,1f],start_interpolation:0}
execute if entity @s[tag=aj.stage.bone.right_leg] run data modify entity @s {} merge value {transformation:[-0.7071067811865475f,0f,0.7071067811865477f,-27.88067573067477f,0f,1f,0f,2.6875f,-0.7071067811865477f,0f,-0.7071067811865475f,0.119324269325226f,0f,0f,0f,1f],start_interpolation:0}
execute if entity @s[tag=aj.stage.bone.left_leg] run data modify entity @s {} merge value {transformation:[-0.7071067811865475f,0f,0.7071067811865477f,-28.03093592167691f,0f,1f,0f,2.6875f,-0.7071067811865477f,0f,-0.7071067811865475f,-0.03093592167691439f,0f,0f,0f,1f],start_interpolation:0}
execute if entity @s[tag=aj.stage.bone.platform] run data modify entity @s {} merge value {transformation:[1.4142135623730951f,0f,1.4142135623730951f,-28f,0f,2f,0f,3f,-1.4142135623730951f,0f,1.4142135623730951f,-3.429011037612589e-15f,0f,0f,0f,1f],start_interpolation:0}