execute if entity @s[tag=aj.stage.bone.left_straight] run data modify entity @s {} merge value {transformation:[-0.8059384404624423f,-0.07051047704022656f,-0.5877852522924728f,-27.897817662244535f,-0.08715574274765818f,0.9961946980917455f,0f,3.0018115019836387f,0.5855485519502804f,0.05122886023967012f,-0.8090169943749476f,-0.006835482092318351f,0f,0f,0f,1f],start_interpolation:0}
execute if entity @s[tag=aj.stage.bone.left_bend] run data modify entity @s {} merge value {transformation:[-0.8059384404624423f,-0.07051047704022656f,-0.5877852522924728f,-27.64489541714509f,-0.08715574274765818f,0.9961946980917455f,0f,3.0451769882155957f,0.5855485519502804f,0.05122886023967012f,-0.8090169943749476f,-0.25799858133369685f,0f,0f,0f,1f],start_interpolation:0}
execute if entity @s[tag=aj.stage.bone.right_straight] run data modify entity @s {} merge value {transformation:[-0.28724189219687657f,-0.05587301462677839f,-0.9562271182118156f,-27.982297940990662f,0.2621381217925294f,0.9556002056484896f,-0.13458028112487153f,2.968550907607225f,0.9212902368256395f,-0.289320675377824f,-0.25984196414104627f,-0.07012590332272406f,0f,0f,0f,1f],start_interpolation:0}
execute if entity @s[tag=aj.stage.bone.microphone] run data modify entity @s {} merge value {transformation:[-0.28724189219687657f,-0.07255296920940878f,-0.9551063616299792f,-27.775411047244404f,0.2621381217925294f,0.9531059133439806f,-0.15123730707673125f,3.3291190636437893f,0.9212902368256395f,-0.2938114780052594f,-0.2547530469339316f,0.2503843027185382f,0f,0f,0f,1f],start_interpolation:0}
execute if entity @s[tag=aj.stage.bone.right_bend] run data modify entity @s {} merge value {transformation:[-0.28724189219687657f,-0.9551063616299792f,0.07255296920940857f,-28.166033101696346f,0.2621381217925294f,-0.15123730707673103f,-0.9531059133439806f,3.148768059018862f,0.9212902368256395f,-0.25475304693393164f,0.29381147800525936f,0.1825569862648848f,0f,0f,0f,1f],start_interpolation:0}
execute if entity @s[tag=aj.stage.bone.head] run data modify entity @s {} merge value {transformation:[-0.8090169943749476f,0f,-0.5877852522924728f,-27.912699859583284f,0f,1f,0f,3.4375f,0.5877852522924728f,0f,-0.8090169943749476f,0.013826983880151222f,0f,0f,0f,1f],start_interpolation:0}
execute if entity @s[tag=aj.stage.bone.outfit] run data modify entity @s {} merge value {transformation:[-0.8090169943749476f,0f,-0.5877852522924728f,-27.912699859583284f,0f,1f,0f,2f,0.5877852522924728f,0f,-0.8090169943749476f,0.013826983880151224f,0f,0f,0f,1f],start_interpolation:0}
execute if entity @s[tag=aj.stage.bone.chest] run data modify entity @s {} merge value {transformation:[-0.8090169943749476f,0f,-0.5877852522924728f,-27.926232396688466f,0f,1f,0f,2.6875f,0.5877852522924728f,0f,-0.8090169943749476f,0.013809030903175201f,0f,0f,0f,1f],start_interpolation:0}
execute if entity @s[tag=aj.stage.bone.waist] run data modify entity @s {} merge value {transformation:[-0.8090169943749476f,0f,-0.5877852522924728f,-27.912699859583284f,0f,1f,0f,3.5f,0.5877852522924728f,0f,-0.8090169943749476f,0.013826983880151222f,0f,0f,0f,1f],start_interpolation:0}
execute if entity @s[tag=aj.stage.bone.right_leg] run data modify entity @s {} merge value {transformation:[-0.8090169943749476f,0f,-0.5877852522924728f,-27.863478382199226f,0f,1f,0f,2.6875f,0.5877852522924728f,0f,-0.8090169943749476f,-0.09918876132435783f,0f,0f,0f,1f],start_interpolation:0}
execute if entity @s[tag=aj.stage.bone.left_leg] run data modify entity @s {} merge value {transformation:[-0.8090169943749476f,0f,-0.5877852522924728f,-28.0353944935039f,0f,1f,0f,2.6875f,0.5877852522924728f,0f,-0.8090169943749476f,0.02571560478779182f,0f,0f,0f,1f],start_interpolation:0}
execute if entity @s[tag=aj.stage.bone.platform] run data modify entity @s {} merge value {transformation:[-1.175570504584946f,0f,1.618033988749895f,-28f,0f,2f,0f,3f,-1.618033988749895f,0f,-1.175570504584946f,-3.429011037612589e-15f,0f,0f,0f,1f],start_interpolation:0}