execute if entity @s[tag=aj.stage.bone.left_straight] run data modify entity @s {} merge value {transformation:[-0.9944669081533353f,-0.08700458071509312f,0.05887080365118948f,-27.9166756008326f,-0.08715574274765818f,0.9961946980917455f,0f,3.0018115019836387f,-0.05864678246971513f,-0.005130928618370966f,-0.9982656101847159f,0.059539889721069196f,0f,0f,0f,1f],start_interpolation:0}
execute if entity @s[tag=aj.stage.bone.left_bend] run data modify entity @s {} merge value {transformation:[-0.9944669081533353f,-0.08700458071509312f,0.05887080365118948f,-27.5618278780943f,-0.08715574274765818f,0.9961946980917455f,0f,3.0451769882155957f,-0.05864678246971513f,-0.005130928618370966f,-0.9982656101847159f,0.025840362215181392f,0f,0f,0f,1f],start_interpolation:0}
execute if entity @s[tag=aj.stage.bone.right_straight] run data modify entity @s {} merge value {transformation:[-0.8065013243195982f,0.14035266906199298f,-0.5743315611716885f,-27.941828721225896f,0.2621381217925294f,0.9556002056484896f,-0.13458028112487153f,2.968550907607225f,0.5299426563070945f,-0.25909337168623037f,-0.8074846164320666f,-0.042977988968580585f,0f,0f,0f,1f],start_interpolation:0}
execute if entity @s[tag=aj.stage.bone.microphone] run data modify entity @s {} merge value {transformation:[-0.8065013243195982f,0.13030782483535347f,-0.5766935795181121f,-27.985232511914777f,0.2621381217925294f,0.9531059133439806f,-0.15123730707673125f,3.3291190636437893f,0.5299426563070945f,-0.2731464602286021f,-0.8028398297859701f,0.336027406684864f,0f,0f,0f,1f],start_interpolation:0}
execute if entity @s[tag=aj.stage.bone.right_bend] run data modify entity @s {} merge value {transformation:[-0.8065013243195982f,-0.5766935795181121f,-0.1303078248353536f,-28.244158249279117f,0.2621381217925294f,-0.15123730707673103f,-0.9531059133439806f,3.148768059018862f,0.5299426563070945f,-0.8028398297859702f,0.27314646022860195f,0.03578817405212926f,0f,0f,0f,1f],start_interpolation:0}
execute if entity @s[tag=aj.stage.bone.head] run data modify entity @s {} merge value {transformation:[-0.9982656101847159f,0f,0.05887080365118948f,-27.941287824591654f,0f,1f,0f,3.4375f,-0.05887080365118948f,0f,-0.9982656101847159f,0.06607102586474065f,0f,0f,0f,1f],start_interpolation:0}
execute if entity @s[tag=aj.stage.bone.outfit] run data modify entity @s {} merge value {transformation:[-0.9982656101847159f,0f,0.05887080365118948f,-27.941287824591654f,0f,1f,0f,2f,-0.05887080365118948f,0f,-0.9982656101847159f,0.06607102586474065f,0f,0f,0f,1f],start_interpolation:0}
execute if entity @s[tag=aj.stage.bone.chest] run data modify entity @s {} merge value {transformation:[-0.9982656101847159f,0f,0.05887080365118948f,-27.951737227986456f,0f,1f,0f,2.6875f,-0.05887080365118948f,0f,-0.9982656101847159f,0.05747219736864627f,0f,0f,0f,1f],start_interpolation:0}
execute if entity @s[tag=aj.stage.bone.waist] run data modify entity @s {} merge value {transformation:[-0.9982656101847159f,0f,0.05887080365118948f,-27.941287824591654f,0f,1f,0f,3.5f,-0.05887080365118948f,0f,-0.9982656101847159f,0.06607102586474065f,0f,0f,0f,1f],start_interpolation:0}
execute if entity @s[tag=aj.stage.bone.right_leg] run data modify entity @s {} merge value {transformation:[-0.9982656101847159f,0f,0.05887080365118948f,-27.83154267828133f,0f,1f,0f,2.6875f,-0.05887080365118948f,0f,-0.9982656101847159f,0.00993444811613474f,0f,0f,0f,1f],start_interpolation:0}
execute if entity @s[tag=aj.stage.bone.left_leg] run data modify entity @s {} merge value {transformation:[-0.9982656101847159f,0f,0.05887080365118948f,-28.04367412044558f,0f,1f,0f,2.6875f,-0.05887080365118948f,0f,-0.9982656101847159f,-0.0025755976597429397f,0f,0f,0f,1f],start_interpolation:0}
execute if entity @s[tag=aj.stage.bone.platform] run data modify entity @s {} merge value {transformation:[0.11774160730237851f,0f,1.9965312203694319f,-28f,0f,2f,0f,3f,-1.9965312203694319f,0f,0.11774160730237851f,-3.429011037612589e-15f,0f,0f,0f,1f],start_interpolation:0}