execute if entity @s[tag=aj.stage.bone.left_straight] run data modify entity @s {} merge value {transformation:[-0.3992238628038023f,-0.03492756220436151f,0.916187957117136f,-28.015221944572428f,-0.08715574274765818f,0.9961946980917455f,0f,3.0018115019836387f,-0.9127015853355984f,-0.07985104189900359f,-0.4007488331031404f,0.10127312757113194f,0f,0f,0f,1f],start_interpolation:0}
execute if entity @s[tag=aj.stage.bone.left_bend] run data modify entity @s {} merge value {transformation:[-0.3992238628038023f,-0.03492756220436151f,0.916187957117136f,-27.824097950725214f,-0.08715574274765818f,0.9961946980917455f,0f,3.0451769882155957f,-0.9127015853355984f,-0.07985104189900359f,-0.4007488331031404f,0.40214549829095947f,0f,0f,0f,1f],start_interpolation:0}
execute if entity @s[tag=aj.stage.bone.right_straight] run data modify entity @s {} merge value {transformation:[-0.8383263034837956f,0.2945726629136264f,0.4587329889501841f,-27.935297123511358f,0.2621381217925294f,0.9556002056484896f,-0.13458028112487153f,2.968550907607225f,-0.4780090103651601f,0.007429214530450798f,-0.878323512597255f,0.03231939021845748f,0f,0f,0f,1f],start_interpolation:0}
execute if entity @s[tag=aj.stage.bone.microphone] run data modify entity @s {} merge value {transformation:[-0.8383263034837956f,0.3025337926396185f,0.45352211985556234f,-28.292698312366607f,0.2621381217925294f,0.9531059133439806f,-0.15123730707673125f,3.3291190636437893f,-0.4780090103651601f,-0.0079007759001763f,-0.8783193973435263f,0.16571117851685171f,0f,0f,0f,1f],start_interpolation:0}
execute if entity @s[tag=aj.stage.bone.right_bend] run data modify entity @s {} merge value {transformation:[-0.8383263034837956f,0.4535221198555624f,-0.3025337926396184f,-28.142733022174998f,0.2621381217925294f,-0.15123730707673103f,-0.9531059133439806f,3.148768059018862f,-0.4780090103651601f,-0.8783193973435263f,0.007900775900176106f,-0.20129910201941228f,0f,0f,0f,1f],start_interpolation:0}
execute if entity @s[tag=aj.stage.bone.head] run data modify entity @s {} merge value {transformation:[-0.4007488331031404f,0f,0.916187957117136f,-28.032214945250875f,0f,1f,0f,3.4375f,-0.916187957117136f,0f,-0.4007488331031404f,0.08230854938876385f,0f,0f,0f,1f],start_interpolation:0}
execute if entity @s[tag=aj.stage.bone.outfit] run data modify entity @s {} merge value {transformation:[-0.4007488331031404f,0f,0.916187957117136f,-28.032214945250875f,0f,1f,0f,2f,-0.916187957117136f,0f,-0.4007488331031404f,0.08230854938876385f,0f,0f,0f,1f],start_interpolation:0}
execute if entity @s[tag=aj.stage.bone.chest] run data modify entity @s {} merge value {transformation:[-0.4007488331031404f,0f,0.916187957117136f,-28.02929726282966f,0f,1f,0f,2.6875f,-0.916187957117136f,0f,-0.4007488331031404f,0.06909427634400388f,0f,0f,0f,1f],start_interpolation:0}
execute if entity @s[tag=aj.stage.bone.waist] run data modify entity @s {} merge value {transformation:[-0.4007488331031404f,0f,0.916187957117136f,-28.032214945250875f,0f,1f,0f,3.5f,-0.916187957117136f,0f,-0.4007488331031404f,0.08230854938876385f,0f,0f,0f,1f],start_interpolation:0}
execute if entity @s[tag=aj.stage.bone.right_leg] run data modify entity @s {} merge value {transformation:[-0.4007488331031404f,0f,0.916187957117136f,-27.932373634413846f,0f,1f,0f,2.6875f,-0.916187957117136f,0f,-0.4007488331031404f,0.15460671776351262f,0f,0f,0f,1f],start_interpolation:0}
execute if entity @s[tag=aj.stage.bone.left_leg] run data modify entity @s {} merge value {transformation:[-0.4007488331031404f,0f,0.916187957117136f,-28.017532761448262f,0f,1f,0f,2.6875f,-0.916187957117136f,0f,-0.4007488331031404f,-0.040083223123877465f,0f,0f,0f,1f],start_interpolation:0}
execute if entity @s[tag=aj.stage.bone.platform] run data modify entity @s {} merge value {transformation:[1.8323759142342717f,0f,0.8014976662062813f,-28f,0f,2f,0f,3f,-0.8014976662062813f,0f,1.8323759142342717f,-3.429011037612589e-15f,0f,0f,0f,1f],start_interpolation:0}