execute if entity @s[tag=aj.stage.bone.left_straight] run data modify entity @s {} merge value {transformation:[-0.5845653031794293f,-0.061440289153522225f,-0.8090169943749472f,-27.900625427206137f,-0.10452846326765346f,0.9945218953682733f,0f,2.9962978262295485f,0.8045851146309162f,0.08456530317942908f,-0.5877852522924734f,-0.044003261562126916f,0f,0f,0f,1f],start_interpolation:0}
execute if entity @s[tag=aj.stage.bone.left_bend] run data modify entity @s {} merge value {transformation:[-0.5845653031794293f,-0.061440289153522225f,-0.8090169943749472f,-27.73817213282361f,-0.10452846326765346f,0.9945218953682733f,0f,3.045804289236898f,0.8045851146309162f,0.08456530317942908f,-0.5877852522924734f,-0.3603751426571117f,0f,0f,0f,1f],start_interpolation:0}
execute if entity @s[tag=aj.stage.bone.right_straight] run data modify entity @s {} merge value {transformation:[0.01151106660405321f,-0.14254340016163708f,-0.9897216146048324f,-28.004834437299944f,0.2621381217925294f,0.9556002056484896f,-0.13458028112487153f,2.968550907607225f,0.9649617093173811f,-0.2578946025703598f,0.04836603680635909f,-0.07216393438547344f,0f,0f,0f,1f],start_interpolation:0}
execute if entity @s[tag=aj.stage.bone.microphone] run data modify entity @s {} merge value {transformation:[0.01151106660405321f,-0.1252486662335202f,-0.9920586005636771f,-27.702681524422793f,0.2621381217925294f,0.957803412873251f,-0.11788226071567305f,3.3157693666780217f,0.9649617093173811f,-0.258699427705353f,0.04385778900264776f,0.17227861779580295f,0f,0f,0f,1f],start_interpolation:0}
execute if entity @s[tag=aj.stage.bone.right_bend] run data modify entity @s {} merge value {transformation:[0.01151106660405321f,-0.9920586005636771f,0.12524866623352f,-28.101493652091282f,0.2621381217925294f,-0.11788226071567284f,-0.957803412873251f,3.148768059018862f,0.9649617093173811f,0.0438577890026477f,0.258699427705353f,0.22492906143537916f,0f,0f,0f,1f],start_interpolation:0}
execute if entity @s[tag=aj.stage.bone.head] run data modify entity @s {} merge value {transformation:[-0.5877852522924734f,0f,-0.8090169943749472f,-27.912699859583284f,0f,1f,0f,3.4375f,0.8090169943749472f,0f,-0.5877852522924734f,-0.013826983880158067f,0f,0f,0f,1f],start_interpolation:0}
execute if entity @s[tag=aj.stage.bone.outfit] run data modify entity @s {} merge value {transformation:[-0.5877852522924734f,0f,-0.8090169943749472f,-27.912699859583284f,0f,1f,0f,2f,0.8090169943749472f,0f,-0.5877852522924734f,-0.013826983880158067f,0f,0f,0f,1f],start_interpolation:0}
execute if entity @s[tag=aj.stage.bone.chest] run data modify entity @s {} merge value {transformation:[-0.5877852522924734f,0f,-0.8090169943749472f,-27.92557561495416f,0f,1f,0f,2.6875f,0.8090169943749472f,0f,-0.5877852522924734f,-0.009662274233387152f,0f,0f,0f,1f],start_interpolation:0}
execute if entity @s[tag=aj.stage.bone.waist] run data modify entity @s {} merge value {transformation:[-0.5877852522924734f,0f,-0.8090169943749472f,-27.912699859583284f,0f,1f,0f,3.5f,0.8090169943749472f,0f,-0.5877852522924734f,-0.013826983880158067f,0f,0f,0f,1f],start_interpolation:0}
execute if entity @s[tag=aj.stage.bone.right_leg] run data modify entity @s {} merge value {transformation:[-0.5877852522924734f,0f,-0.8090169943749472f,-27.900811238675644f,0f,1f,0f,2.6875f,0.8090169943749472f,0f,-0.5877852522924734f,-0.1365216178007752f,0f,0f,0f,1f],start_interpolation:0}
execute if entity @s[tag=aj.stage.bone.left_leg] run data modify entity @s {} merge value {transformation:[-0.5877852522924734f,0f,-0.8090169943749472f,-28.025715604787795f,0f,1f,0f,2.6875f,0.8090169943749472f,0f,-0.5877852522924734f,0.035394493503899914f,0f,0f,0f,1f],start_interpolation:0}
execute if entity @s[tag=aj.stage.bone.platform] run data modify entity @s {} merge value {transformation:[-1.6180339887498947f,0f,1.1755705045849463f,-28f,0f,2f,0f,3f,-1.1755705045849463f,0f,-1.6180339887498947f,-3.429011037612589e-15f,0f,0f,0f,1f],start_interpolation:0}