execute if entity @s[tag=aj.stage.bone.left_straight] run data modify entity @s {} merge value {transformation:[-0.6903165262034159f,-0.06191272705118729f,-0.7208535967029186f,-27.899979672426067f,-0.08932889329245368f,0.9960021831417567f,0f,3.001115312192902f,0.7179717560416944f,0.06439305401935645f,-0.6930873625456362f,-0.02534855463320912f,0f,0f,0f,1f],start_interpolation:0}
execute if entity @s[tag=aj.stage.bone.left_bend] run data modify entity @s {} merge value {transformation:[-0.6903165262034159f,-0.06191272705118729f,-0.7208535967029186f,-27.69521598632164f,-0.08932889329245368f,0.9960021831417567f,0f,3.045249181321841f,0.7179717560416944f,0.06439305401935645f,-0.6930873625456362f,-0.31699416891782284f,0f,0f,0f,1f],start_interpolation:0}
execute if entity @s[tag=aj.stage.bone.right_straight] run data modify entity @s {} merge value {transformation:[-0.12080915377322998f,-0.10586437847739222f,-0.9870146309625767f,-27.994901495732485f,0.2621381217925294f,0.9556002056484896f,-0.13458028112487153f,2.968550907607225f,0.9574386421425036f,-0.27499269141953553f,-0.08769416285112153f,-0.0721457584632123f,0f,0f,0f,1f],start_interpolation:0}
execute if entity @s[tag=aj.stage.bone.microphone] run data modify entity @s {} merge value {transformation:[-0.12080915377322998f,-0.11877493116156167f,-0.9855443491249708f,-27.734140203815283f,0.2621381217925294f,0.9537567356087899f,-0.147077171525529f,3.3274620795278236f,0.9574386421425036f,-0.27611701325422f,-0.08408710676368743f,0.20755159103634147f,0f,0f,0f,1f],start_interpolation:0}
execute if entity @s[tag=aj.stage.bone.right_bend] run data modify entity @s {} merge value {transformation:[-0.12080915377322998f,-0.9855443491249708f,0.11877493116156145f,-28.13135455743086f,0.2621381217925294f,-0.14707717152552877f,-0.9537567356087899f,3.148768059018862f,0.9574386421425036f,-0.08408710676368748f,0.27611701325422f,0.20890194909375454f,0f,0f,0f,1f],start_interpolation:0}
execute if entity @s[tag=aj.stage.bone.head] run data modify entity @s {} merge value {transformation:[-0.6930873625456362f,0f,-0.7208535967029186f,-27.911628690046964f,0f,1f,0f,3.4375f,0.7208535967029186f,0f,-0.6930873625456362f,-0.0017353896348335936f,0f,0f,0f,1f],start_interpolation:0}
execute if entity @s[tag=aj.stage.bone.outfit] run data modify entity @s {} merge value {transformation:[-0.6930873625456362f,0f,-0.7208535967029186f,-27.911628690046964f,0f,1f,0f,2f,0.7208535967029186f,0f,-0.6930873625456362f,-0.0017353896348335936f,0f,0f,0f,1f],start_interpolation:0}
execute if entity @s[tag=aj.stage.bone.chest] run data modify entity @s {} merge value {transformation:[-0.6930873625456362f,0f,-0.7208535967029186f,-27.924953635173534f,0f,1f,0f,2.6875f,0.7208535967029186f,0f,-0.6930873625456362f,0.0006259066588195556f,0f,0f,0f,1f],start_interpolation:0}
execute if entity @s[tag=aj.stage.bone.waist] run data modify entity @s {} merge value {transformation:[-0.6930873625456362f,0f,-0.7208535967029186f,-27.911628690046964f,0f,1f,0f,3.5f,0.7208535967029186f,0f,-0.6930873625456362f,-0.0017353896348335936f,0f,0f,0f,1f],start_interpolation:0}
execute if entity @s[tag=aj.stage.bone.right_leg] run data modify entity @s {} merge value {transformation:[-0.6930873625456362f,0f,-0.7208535967029186f,-27.88304150757042f,0f,1f,0f,2.6875f,0.7208535967029186f,0f,-0.6930873625456362f,-0.12164404444362044f,0f,0f,0f,1f],start_interpolation:0}
execute if entity @s[tag=aj.stage.bone.left_leg] run data modify entity @s {} merge value {transformation:[-0.6930873625456362f,0f,-0.7208535967029186f,-28.03032257211137f,0f,1f,0f,2.6875f,0.7208535967029186f,0f,-0.6930873625456362f,0.03153734485574873f,0f,0f,0f,1f],start_interpolation:0}
execute if entity @s[tag=aj.stage.bone.platform] run data modify entity @s {} merge value {transformation:[-1.4417071934058374f,0f,1.3861747250912722f,-28f,0f,2f,0f,3f,-1.3861747250912722f,0f,-1.4417071934058374f,-3.429011037612589e-15f,0f,0f,0f,1f],start_interpolation:0}