execute if entity @s[tag=aj.stage.bone.left_straight] run data modify entity @s {} merge value {transformation:[-0.7446638319999506f,-0.06514964343776888f,-0.6642524379112815f,-27.89897969253757f,-0.08715574274765818f,0.9961946980917455f,0f,3.0018115019836387f,0.661724756841735f,0.05789341459810044f,-0.7475083268625969f,-0.016818187916696092f,0f,0f,0f,1f],start_interpolation:0}
execute if entity @s[tag=aj.stage.bone.left_bend] run data modify entity @s {} merge value {transformation:[-0.7446638319999506f,-0.06514964343776888f,-0.6642524379112815f,-27.671893625922905f,-0.08715574274765818f,0.9961946980917455f,0f,3.0451769882155957f,0.661724756841735f,0.05789341459810044f,-0.7475083268625969f,-0.2915625833757492f,0f,0f,0f,1f],start_interpolation:0}
execute if entity @s[tag=aj.stage.bone.right_straight] run data modify entity @s {} merge value {transformation:[-0.19555650954756038f,-0.08396235602845357f,-0.9770915895368899f,-27.98925672174998f,0.2621381217925294f,0.9556002056484896f,-0.13458028112487153f,2.968550907607225f,0.9450086013770774f,-0.2824510041311867f,-0.16486410642897503f,-0.07152333313290614f,0f,0f,0f,1f],start_interpolation:0}
execute if entity @s[tag=aj.stage.bone.microphone] run data modify entity @s {} merge value {transformation:[-0.19555650954756038f,-0.10100216770199896f,-0.9754774285923136f,-27.751950551102446f,0.2621381217925294f,0.9531059133439806f,-0.15123730707673125f,3.3291190636437893f,0.9450086013770774f,-0.28528526086749345f,-0.15990954710431235f,0.2271650669652429f,0f,0f,0f,1f],start_interpolation:0}
execute if entity @s[tag=aj.stage.bone.right_bend] run data modify entity @s {} merge value {transformation:[-0.19555650954756038f,-0.9754774285923136f,0.10100216770199874f,-28.14733989318935f,0.2621381217925294f,-0.15123730707673103f,-0.9531059133439806f,3.148768059018862f,0.9450086013770774f,-0.1599095471043124f,0.2852852608674934f,0.19795201430644266f,0f,0f,0f,1f],start_interpolation:0}
execute if entity @s[tag=aj.stage.bone.head] run data modify entity @s {} merge value {transformation:[-0.7475083268625969f,0f,-0.6642524379112815f,-27.911764952201633f,0f,1f,0f,3.4375f,0.6642524379112815f,0f,-0.7475083268625969f,0.005203493059453771f,0f,0f,0f,1f],start_interpolation:0}
execute if entity @s[tag=aj.stage.bone.outfit] run data modify entity @s {} merge value {transformation:[-0.7475083268625969f,0f,-0.6642524379112815f,-27.911764952201633f,0f,1f,0f,2f,0.6642524379112815f,0f,-0.7475083268625969f,0.005203493059453771f,0f,0f,0f,1f],start_interpolation:0}
execute if entity @s[tag=aj.stage.bone.chest] run data modify entity @s {} merge value {transformation:[-0.7475083268625969f,0f,-0.6642524379112815f,-27.925234086141298f,0f,1f,0f,2.6875f,0.6642524379112815f,0f,-0.7475083268625969f,0.006512047119422567f,0f,0f,0f,1f],start_interpolation:0}
execute if entity @s[tag=aj.stage.bone.waist] run data modify entity @s {} merge value {transformation:[-0.7475083268625969f,0f,-0.6642524379112815f,-27.911764952201633f,0f,1f,0f,3.5f,0.6642524379112815f,0f,-0.7475083268625969f,0.005203493059453771f,0f,0f,0f,1f],start_interpolation:0}
execute if entity @s[tag=aj.stage.bone.right_leg] run data modify entity @s {} merge value {transformation:[-0.7475083268625969f,0f,-0.6642524379112815f,-27.87385796984194f,0f,1f,0f,2.6875f,0.6642524379112815f,0f,-0.7475083268625969f,-0.11209259889753174f,0f,0f,0f,1f],start_interpolation:0}
execute if entity @s[tag=aj.stage.bone.left_leg] run data modify entity @s {} merge value {transformation:[-0.7475083268625969f,0f,-0.6642524379112815f,-28.03270348930024f,0f,1f,0f,2.6875f,0.6642524379112815f,0f,-0.7475083268625969f,0.029061044158614657f,0f,0f,0f,1f],start_interpolation:0}
execute if entity @s[tag=aj.stage.bone.platform] run data modify entity @s {} merge value {transformation:[-1.3285048758225633f,0f,1.4950166537251937f,-28f,0f,2f,0f,3f,-1.4950166537251937f,0f,-1.3285048758225633f,-3.429011037612589e-15f,0f,0f,0f,1f],start_interpolation:0}