execute if entity @s[tag=aj.tolerate.bone.left_straight] run data modify entity @s {} merge value {transformation:[2.0127943447662527e-16f,-2.795947721213281e-16f,-1f,-2.63296875f,-0.8115739819650124f,-0.5842496656374343f,0f,1.3947915987062907f,-0.5842496656374343f,0.8115739819650124f,-3.4450928483976665e-16f,-0.86546097129222f,0f,0f,0f,1f],start_interpolation:0}
execute if entity @s[tag=aj.tolerate.bone.left_bend] run data modify entity @s {} merge value {transformation:[2.0127943447662527e-16f,-2.795947721213281e-16f,-1f,-2.6875f,-0.8115739819650124f,-0.5842496656374343f,0f,1.6753436246140379f,-0.5842496656374343f,0.8115739819650124f,-3.4450928483976665e-16f,-0.64809024323688f,0f,0f,0f,1f],start_interpolation:0}
execute if entity @s[tag=aj.tolerate.bone.right_straight] run data modify entity @s {} merge value {transformation:[0.1832905666296528f,-0.09797395814442222f,-0.9781644400151214f,-2.657195953305893f,0.15571085795128406f,0.9853535268060505f,-0.06951658742309565f,1.0263938148586595f,0.9706485959916987f,-0.13956908947325286f,0.19586161533835897f,0.035983457605977875f,0f,0f,0f,1f],start_interpolation:0}
execute if entity @s[tag=aj.tolerate.bone.microphone] run data modify entity @s {} merge value {transformation:[0.1832905666296528f,0.8242780655137106f,-0.5356960321838834f,-2.365636116031076f,0.15571085795128406f,0.5137055936186709f,0.8437183723263136f,0.890782076386607f,0.9706485959916987f,-0.23805930731198954f,-0.03419165543637624f,0.34304726380319717f,0f,0f,0f,1f],start_interpolation:0}
execute if entity @s[tag=aj.tolerate.bone.right_bend] run data modify entity @s {} merge value {transformation:[0.1832905666296528f,-0.5356960321838832f,-0.8242780655137107f,-2.690818631641555f,0.15571085795128406f,0.8437183723263137f,-0.5137055936186706f,1.1800261570000956f,0.9706485959916987f,-0.0341916554363763f,0.23805930731198954f,0.3605633284890718f,0f,0f,0f,1f],start_interpolation:0}