execute if entity @s[tag=aj.tolerate.bone.left_straight] run data modify entity @s {} merge value {transformation:[-9.495962832763877e-17f,-3.3116357941157143e-16f,-1f,-2.63296875f,-0.9612616959383188f,0.27563735581699944f,0f,1.0084930168427904f,0.27563735581699944f,0.9612616959383188f,-3.4450928483976665e-16f,-0.6184737825347568f,0f,0f,0f,1f],start_interpolation:0}
execute if entity @s[tag=aj.tolerate.bone.left_bend] run data modify entity @s {} merge value {transformation:[-9.495962832763877e-17f,-3.3116357941157143e-16f,-1f,-2.6875f,-0.9612616959383188f,0.27563735581699944f,0f,1.3528859915686253f,0.27563735581699944f,0.9612616959383188f,-3.4450928483976665e-16f,-0.7042231359768698f,0f,0f,0f,1f],start_interpolation:0}
execute if entity @s[tag=aj.tolerate.bone.right_straight] run data modify entity @s {} merge value {transformation:[0.360370802238776f,-0.18500622305009712f,-0.9142787224509377f,-2.6858892346045273f,0.21344221409675673f,0.970485660960716f,-0.11224973546123136f,1.015271687885516f,0.9080612898561722f,-0.15469414760222794f,0.3892228340711332f,0.024005026495164006f,0f,0f,0f,1f],start_interpolation:0}
execute if entity @s[tag=aj.tolerate.bone.microphone] run data modify entity @s {} merge value {transformation:[0.360370802238776f,0.3788207353984548f,-0.852424621492103f,-2.2626561297852157f,0.21344221409675673f,0.8560939959582152f,0.47068619198545614f,1.0915620157071872f,0.9080612898561722f,-0.3515649591703776f,0.22765494360605368f,0.20193417269125724f,0f,0f,0f,1f],start_interpolation:0}
execute if entity @s[tag=aj.tolerate.bone.right_bend] run data modify entity @s {} merge value {transformation:[0.360370802238776f,-0.8524246214921029f,-0.37882073539845496f,-2.6646163542907835f,0.21344221409675673f,0.4706861919854563f,-0.8560939959582151f,1.1828258713121373f,0.9080612898561722f,0.2276549436060536f,0.35156495917037767f,0.3426875233665922f,0f,0f,0f,1f],start_interpolation:0}