execute if entity @s[tag=aj.tolerate.bone.left_straight] run data modify entity @s {} merge value {transformation:[-2.658318333876863e-16f,-2.1913485277004399e-16f,-1f,-2.63296875f,-0.6360782202777638f,0.77162458338772f,0f,0.9316364801824893f,0.77162458338772f,0.6360782202777638f,-3.4450928483976665e-16f,-0.316544715937302f,0f,0f,0f,1f],start_interpolation:0}
execute if entity @s[tag=aj.tolerate.bone.left_bend] run data modify entity @s {} merge value {transformation:[-2.658318333876863e-16f,-2.1913485277004399e-16f,-1f,-2.6875f,-0.6360782202777638f,0.77162458338772f,0f,1.166890781229605f,0.77162458338772f,0.6360782202777638f,-3.4450928483976665e-16f,-0.5822793326041618f,0f,0f,0f,1f],start_interpolation:0}
execute if entity @s[tag=aj.tolerate.bone.right_straight] run data modify entity @s {} merge value {transformation:[0.47199631686443555f,-0.23192717101524057f,-0.8505464503548732f,-2.708333134317125f,0.2425565046108777f,0.9617045322113378f,-0.12763516284756798f,1.0098237620513304f,0.847576438403853f,-0.14606224724082287f,0.5101764410413323f,0.015444528349000897f,0f,0f,0f,1f],start_interpolation:0}
execute if entity @s[tag=aj.tolerate.bone.microphone] run data modify entity @s {} merge value {transformation:[0.47199631686443555f,0.029958424247217202f,-0.8810913514971256f,-2.2790421889624315f,0.2425565046108777f,0.9564382754991902f,0.16245666262449318f,1.2345866785805037f,0.847576438403853f,-0.29039338487086586f,0.4441687326747353f,0.10184800089925605f,0f,0f,0f,1f],start_interpolation:0}
execute if entity @s[tag=aj.tolerate.bone.right_bend] run data modify entity @s {} merge value {transformation:[0.47199631686443555f,-0.8810913514971256f,-0.029958424247217397f,-2.649574832134976f,0.2425565046108777f,0.1624566626244934f,-0.9564382754991902f,1.1847873281397352f,0.847576438403853f,0.4441687326747352f,0.29039338487086597f,0.32531657629639515f,0f,0f,0f,1f],start_interpolation:0}