execute if entity @s[tag=aj.tolerate.bone.left_straight] run data modify entity @s {} merge value {transformation:[-1.8889210838439148e-16f,-2.881083454725093e-16f,-1f,-2.63296875f,-0.8362861558477597f,0.5482932295199137f,0f,0.9471661276587814f,0.5482932295199137f,0.8362861558477597f,-3.4450928483976665e-16f,-0.47333813054566287f,0f,0f,0f,1f],start_interpolation:0}
execute if entity @s[tag=aj.tolerate.bone.left_bend] run data modify entity @s {} merge value {transformation:[-1.8889210838439148e-16f,-2.881083454725093e-16f,-1f,-2.6875f,-0.8362861558477597f,0.5482932295199137f,0f,1.2506400389300325f,0.5482932295199137f,0.8362861558477597f,-3.4450928483976665e-16f,-0.6573573084429102f,0f,0f,0f,1f],start_interpolation:0}
execute if entity @s[tag=aj.tolerate.bone.right_straight] run data modify entity @s {} merge value {transformation:[0.416970425616284f,-0.20980740162574044f,-0.8843735174599193f,-2.696746608271459f,0.22909009344301223f,0.9658402122275793f,-0.12112148253079011f,1.0123477768820677f,0.8795756893227819f,-0.1520971356312795f,0.45079160161333226f,0.019746626428904956f,0f,0f,0f,1f],start_interpolation:0}
execute if entity @s[tag=aj.tolerate.bone.microphone] run data modify entity @s {} merge value {transformation:[0.416970425616284f,0.20375093896284993f,-0.885788473075334f,-2.2626705202579793f,0.22909009344301223f,0.9195280836799945f,0.3193522074607736f,1.1635838666631897f,0.8795756893227819f,-0.33608578993399f,0.33673869477207247f,0.1501861329818781f,0f,0f,0f,1f],start_interpolation:0}
execute if entity @s[tag=aj.tolerate.bone.right_bend] run data modify entity @s {} merge value {transformation:[0.416970425616284f,-0.885788473075334f,-0.20375093896285013f,-2.6567839888434635f,0.22909009344301223f,0.3193522074607738f,-0.9195280836799944f,1.1838406446451173f,0.8795756893227819f,0.3367386947720724f,0.3360857899339901f,0.3345142533978659f,0f,0f,0f,1f],start_interpolation:0}