execute if entity @s[tag=aj.tolerate.bone.left_straight] run data modify entity @s {} merge value {transformation:[-3.1885729712932896e-16f,-1.3044796436965313e-16f,-1f,-2.63296875f,-0.37864861735243294f,0.9255405040175664f,0f,0.9633011232260021f,0.9255405040175664f,0.37864861735243294f,-3.4450928483976665e-16f,-0.16219869170533766f,0f,0f,0f,1f],start_interpolation:0}
execute if entity @s[tag=aj.tolerate.bone.left_bend] run data modify entity @s {} merge value {transformation:[-3.1885729712932896e-16f,-1.3044796436965313e-16f,-1f,-2.6875f,-0.37864861735243294f,0.9255405040175664f,0f,1.1091723109934126f,0.9255405040175664f,0.37864861735243294f,-3.4450928483976665e-16f,-0.4857432315071627f,0f,0f,0f,1f],start_interpolation:0}
execute if entity @s[tag=aj.tolerate.bone.right_straight] run data modify entity @s {} merge value {transformation:[0.5252407969544947f,-0.25105469233258787f,-0.8130766548563529f,-2.7206849231224046f,0.2536351805714312f,0.9582465985289054f,-0.13203276708559986f,1.0077163963662563f,0.8122753845778565f,-0.13687584836475863f,0.5669865093133369f,0.011160506725532704f,0f,0f,0f,1f],start_interpolation:0}
execute if entity @s[tag=aj.tolerate.bone.microphone] run data modify entity @s {} merge value {transformation:[0.5252407969544947f,-0.133986582461065f,-0.840339039278202f,-2.309968619540924f,0.2536351805714312f,0.9672903820085255f,0.004302563224196844f,1.30277714878534f,0.8122753845778565f,-0.21539942570537396f,0.5420440821692366f,0.06017375385968421f,0f,0f,0f,1f],start_interpolation:0}
execute if entity @s[tag=aj.tolerate.bone.right_bend] run data modify entity @s {} merge value {transformation:[0.5252407969544947f,-0.840339039278202f,0.13398658246106482f,-2.64308405915926f,0.2536351805714312f,0.004302563224197059f,-0.9672903820085255f,1.1856116408127233f,0.8122753845778565f,0.5420440821692366f,0.21539942570537407f,0.31516192374248997f,0f,0f,0f,1f],start_interpolation:0}