execute if entity @s[tag=aj.tolerate.bone.left_straight] run data modify entity @s {} merge value {transformation:[1.0931440025444608e-16f,-3.2670630425172117e-16f,-1f,-2.63296875f,-0.9483236552061993f,-0.31730465640509187f,0f,1.2428470079010245f,-0.31730465640509187f,0.9483236552061993f,-3.4450928483976665e-16f,-0.8237694117110835f,0f,0f,0f,1f],start_interpolation:0}
execute if entity @s[tag=aj.tolerate.bone.left_bend] run data modify entity @s {} merge value {transformation:[1.0931440025444608e-16f,-3.2670630425172117e-16f,-1f,-2.6875f,-0.9483236552061993f,-0.31730465640509187f,0f,1.5752392461519096f,-0.31730465640509187f,0.9483236552061993f,-3.4450928483976665e-16f,-0.699371370702325f,0f,0f,0f,1f],start_interpolation:0}
execute if entity @s[tag=aj.tolerate.bone.right_straight] run data modify entity @s {} merge value {transformation:[0.24330996691338802f,-0.12872326860456682f,-0.961369117519573f,-2.6661716720893534f,0.17650840566405346f,0.9804812257003964f,-0.08661032720745379f,1.0222922906865601f,0.9537531351091539f,-0.14861657434083458f,0.26128159349761937f,0.0321699453831405f,0f,0f,0f,1f],start_interpolation:0}
execute if entity @s[tag=aj.tolerate.bone.microphone] run data modify entity @s {} merge value {transformation:[0.24330996691338802f,0.6974132209257217f,-0.6741031518088432f,-2.3145845586965983f,0.17650840566405346f,0.6515481924472076f,0.7377870530503435f,0.9528342392588502f,0.9537531351091539f,-0.2984958160456974f,0.03542887343217643f,0.3017263657264919f,0f,0f,0f,1f],start_interpolation:0}
execute if entity @s[tag=aj.tolerate.bone.right_bend] run data modify entity @s {} merge value {transformation:[0.24330996691338802f,-0.6741031518088431f,-0.6974132209257218f,-2.6817416258418416f,0.17650840566405346f,0.7377870530503436f,-0.6515481924472075f,1.1808470863768443f,0.9537531351091539f,0.035428873432176364f,0.2984958160456974f,0.3557490345353449f,0f,0f,0f,1f],start_interpolation:0}