execute if entity @s[tag=aj.tolerate.bone.left_straight] run data modify entity @s {} merge value {transformation:[7.515430442118406e-18f,-3.444273009592549e-16f,-1f,-2.63296875f,-0.9997620270799091f,-0.021814885034561193f,0f,1.1101001739709875f,-0.021814885034561193f,0.9997620270799091f,-3.4450928483976665e-16f,-0.738895252529161f,0f,0f,0f,1f],start_interpolation:0}
execute if entity @s[tag=aj.tolerate.bone.left_bend] run data modify entity @s {} merge value {transformation:[7.515430442118406e-18f,-3.444273009592549e-16f,-1f,-2.6875f,-0.9997620270799091f,-0.021814885034561193f,0f,1.4644305818879606f,-0.021814885034561193f,0.9997620270799091f,-3.4450928483976665e-16f,-0.7186607601549663f,0f,0f,0f,1f],start_interpolation:0}
execute if entity @s[tag=aj.tolerate.bone.right_straight] run data modify entity @s {} merge value {transformation:[0.3024110653493163f,-0.15785914866564443f,-0.9400149130396015f,-2.6757155743519414f,0.19583574630278255f,0.9754416618632762f,-0.10080637267277394f,1.018586869221398f,0.9328429171218077f,-0.1536035594768818f,0.3258988163398393f,0.028162926114157716f,0f,0f,0f,1f],start_interpolation:0}
execute if entity @s[tag=aj.tolerate.bone.microphone] run data modify entity @s {} merge value {transformation:[0.3024110653493163f,0.5462720524406075f,-0.7811109986913625f,-2.279951790530872f,0.19583574630278255f,0.7663903239544937f,0.6117959069975528f,1.0205614388506608f,0.9328429171218077f,-0.33798330738551596f,0.12478531926642697f,0.25360812951442047f,0f,0f,0f,1f],start_interpolation:0}
execute if entity @s[tag=aj.tolerate.bone.right_bend] run data modify entity @s {} merge value {transformation:[0.3024110653493163f,-0.7811109986913624f,-0.5462720524406077f,-2.672970890309855f,0.19583574630278255f,0.611795906997553f,-0.7663903239544936f,1.181805088648252f,0.9328429171218077f,0.1247853192664269f,0.33798330738551596f,0.34978032799012737f,0f,0f,0f,1f],start_interpolation:0}