execute if entity @s[tag=aj.tolerate.bone.left_straight] run data modify entity @s {} merge value {transformation:[3.2424387592431346e-16f,-1.1641544685472742e-16f,-1f,-2.63296875f,-0.3379167180033274f,-0.9411760152563704f,0f,1.7011008699950385f,-0.9411760152563704f,0.3379167180033274f,-3.4450928483976665e-16f,-0.8085160961375334f,0f,0f,0f,1f],start_interpolation:0}
execute if entity @s[tag=aj.tolerate.bone.left_bend] run data modify entity @s {} merge value {transformation:[3.2424387592431346e-16f,-1.1641544685472742e-16f,-1f,-2.6875f,-0.3379167180033274f,-0.9411760152563704f,0f,1.809191005721139f,-0.9411760152563704f,0.3379167180033274f,-3.4450928483976665e-16f,-0.47046876925124814f,0f,0f,0f,1f],start_interpolation:0}
execute if entity @s[tag=aj.tolerate.bone.right_straight] run data modify entity @s {} merge value {transformation:[0.061405573659406056f,-0.033207104222019224f,-0.9975603459203595f,-2.640670576984019f,0.11076059119348657f,0.9935002863066829f,-0.026254000590548568f,1.0358377932692817f,0.991948308613926f,-0.10887823169820096f,0.06468449350690059f,0.042905192035931905f,0f,0f,0f,1f],start_interpolation:0}
execute if entity @s[tag=aj.tolerate.bone.microphone] run data modify entity @s {} merge value {transformation:[0.061405573659406056f,0.9797528872061053f,-0.19056136947151656f,-2.5088802032518167f,0.11076059119348657f,0.18305364776459546f,0.9768436177191029f,0.7935026301763661f,0.991948308613926f,-0.08109033266287666f,-0.09727749475904177f,0.3948625666265161f,0f,0f,0f,1f],start_interpolation:0}
execute if entity @s[tag=aj.tolerate.bone.right_bend] run data modify entity @s {} merge value {transformation:[0.061405573659406056f,-0.19056136947151633f,-0.9797528872061053f,-2.709438034948262f,0.11076059119348657f,0.9768436177191029f,-0.18305364776459523f,1.1791122953524993f,0.991948308613926f,-0.09727749475904178f,0.08109033266287663f,0.3666781486131524f,0f,0f,0f,1f],start_interpolation:0}