execute if entity @s[tag=aj.tolerate.bone.left_straight2] run data modify entity @s {} merge value {transformation:[0.22682410903661493f,0.9527659605949518f,0.20196001557566803f,2.6817367362909783f,-0.21696426044058348f,0.2515853481210544f,-0.9432026941767492f,1.0903398516228042f,-0.9494616017781954f,0.17012300532963245f,0.26378178444767064f,0.0034035461768612274f,0f,0f,0f,1f],start_interpolation:0}
execute if entity @s[tag=aj.tolerate.bone.left_bend2] run data modify entity @s {} merge value {transformation:[0.22682410903661493f,0.7700365689581417f,-0.5963174540686516f,2.6548277126607798f,-0.21696426044058348f,-0.5569389789425423f,-0.8017140908240972f,1.0751795419983883f,-0.9494616017781954f,0.3112276597630923f,0.04074322700980337f,0.17652600815731517f,0f,0f,0f,1f],start_interpolation:0}
execute if entity @s[tag=aj.tolerate.bone.right_straight2] run data modify entity @s {} merge value {transformation:[-0.17364817766693041f,1.5725948940685668e-17f,0.984807753012208f,3.08125f,0.1383679221526074f,0.9900803279611641f,0.02439799794007319f,1.3111389933382889f,-0.975038783081024f,0.14050247038509267f,-0.171925644694333f,-0.30285395642969665f,0f,0f,0f,1f],start_interpolation:0}
execute if entity @s[tag=aj.tolerate.bone.right_bend2] run data modify entity @s {} merge value {transformation:[-0.1721625934348046f,0.5834291230504167f,0.7937068097215897f,3.08125f,0.26641558059792464f,0.8032875901931935f,-0.5326835701016905f,0.9166538626662626f,-0.9483579386689779f,0.11974767562768622f,-0.2937306833568696f,-0.358835409473757f,0f,0f,0f,1f],start_interpolation:0}