execute if entity @s[tag=aj.tolerate.bone.left_straight] run data modify entity @s {} merge value {transformation:[0.17192216560331855f,-0.3072499209759945f,-0.9359702212327645f,-2.5939223863827756f,-0.29377115463682335f,0.8908959684798248f,-0.3464143213692857f,1.0257212617659885f,0.9402878695791055f,0.33451735292304374f,0.06290360018112669f,-0.14329733246371806f,0f,0f,0f,1f],start_interpolation:0}
execute if entity @s[tag=aj.tolerate.bone.left_bend] run data modify entity @s {} merge value {transformation:[0.17454987542185627f,-0.9846099760461381f,-0.008691148407298233f,-2.7097812796340017f,-0.16652073151729543f,-0.020818681081806012f,-0.985818151837832f,1.1221640118200658f,0.9704654486199699f,0.17352169198240686f,-0.16759187165970624f,-0.4691940073461418f,0f,0f,0f,1f],start_interpolation:0}
execute if entity @s[tag=aj.tolerate.bone.left_straight2] run data modify entity @s {} merge value {transformation:[-0.010204617575691672f,0.733682569215103f,0.6794157441582138f,2.7162061323539186f,-0.30281366594049697f,0.645279951662397f,-0.7013684250821759f,0.9243752403875416f,-0.952995146629725f,-0.2128935687438683f,0.2155842732846922f,0.1471727460760498f,0f,0f,0f,1f],start_interpolation:0}
execute if entity @s[tag=aj.tolerate.bone.left_bend2] run data modify entity @s {} merge value {transformation:[-0.010204617575691672f,0.9965865896998589f,-0.08192090704172461f,2.754961606653482f,-0.30281366594049697f,-0.08115822805347561f,-0.9495879241749534f,0.936755403231706f,-0.952995146629725f,0.015116588557775007f,0.3026082273345587f,0.31825770205576265f,0f,0f,0f,1f],start_interpolation:0}