execute if entity @s[tag=aj.tolerate.bone.left_straight] run data modify entity @s {} merge value {transformation:[-0.5629820213401382f,-0.34177754770559043f,-0.7524887716983721f,-2.5260013568785666f,-0.48717675812273864f,0.8727205646249513f,-0.03190019475998383f,0.947014832306678f,0.6676151960469374f,0.3486358041926547f,-0.657832065228011f,0.0644593787672485f,0f,0f,0f,1f],start_interpolation:0}
execute if entity @s[tag=aj.tolerate.bone.left_bend] run data modify entity @s {} merge value {transformation:[-0.5664931567716488f,-0.824002941992655f,-0.01023009864766583f,-2.371625043862483f,-0.3745417311706927f,0.26851157940759257f,-0.8874795903769847f,1.1289797882656434f,0.7340326933744521f,-0.4989195158655242f,-0.46073346063202125f,-0.2038498433352063f,0f,0f,0f,1f],start_interpolation:0}
execute if entity @s[tag=aj.tolerate.bone.right_straight] run data modify entity @s {} merge value {transformation:[0.37326361477513803f,-0.22900430781432246f,-0.8990168523934801f,-2.7323034191002993f,0.2621381217925294f,0.9556002056484896f,-0.13458028112487153f,1.0060509076072248f,0.8899201531531254f,-0.18543266693613467f,0.4167215461730651f,0.230558897802014f,0f,0f,0f,1f],start_interpolation:0}
execute if entity @s[tag=aj.tolerate.bone.microphone] run data modify entity @s {} merge value {transformation:[0.37326361477513803f,-0.24465943685097352f,-0.8948832515165104f,-2.3676588574086987f,0.2621381217925294f,0.9531059133439806f,-0.15123730707673125f,1.366619063643789f,0.8899201531531254f,-0.17813163084781142f,0.4198943237332657f,0.34264512625729154f,0f,0f,0f,1f],start_interpolation:0}
execute if entity @s[tag=aj.tolerate.bone.right_bend] run data modify entity @s {} merge value {transformation:[0.37326361477513803f,-0.8948832515165104f,0.24465943685097333f,-2.7102427578445183f,0.2621381217925294f,-0.15123730707673103f,-0.9531059133439806f,1.1862680590188617f,0.8899201531531254f,0.41989432373326563f,0.1781316308478115f,0.5422006459598072f,0f,0f,0f,1f],start_interpolation:0}
execute if entity @s[tag=aj.tolerate.bone.head] run data modify entity @s {} merge value {transformation:[-0.24071207540897357f,0f,-0.9705965674533907f,-2.625f,0f,1f,0f,1.475f,0.9705965674533907f,0f,-0.24071207540897357f,0.24999999999999967f,0f,0f,0f,1f],start_interpolation:0}
execute if entity @s[tag=aj.tolerate.bone.hair] run data modify entity @s {} merge value {transformation:[-0.24071207540897357f,0f,-0.9705965674533907f,-2.63536722972168f,0f,1f,0f,1.06875f,0.9705965674533907f,0f,-0.24071207540897357f,0.2586977256056057f,0f,0f,0f,1f],start_interpolation:0}
execute if entity @s[tag=aj.tolerate.bone.outfit] run data modify entity @s {} merge value {transformation:[-0.24071207540897357f,0f,-0.9705965674533907f,-2.625f,0f,1f,0f,0.03749999999999998f,0.9705965674533907f,0f,-0.24071207540897357f,0.2499999999999997f,0f,0f,0f,1f],start_interpolation:0}
execute if entity @s[tag=aj.tolerate.bone.chest] run data modify entity @s {} merge value {transformation:[-0.24071207540897357f,0f,-0.9705965674533907f,-2.63536722972168f,0f,1f,0f,0.725f,0.9705965674533907f,0f,-0.24071207540897357f,0.2586977256056057f,0f,0f,0f,1f],start_interpolation:0}