execute if entity @s[tag=aj.tolerate.bone.left_straight] run data modify entity @s {} merge value {transformation:[-0.6151744303190447f,-0.3688761902090649f,-0.6967716818144122f,-2.5113077188550026f,-0.48717675812273864f,0.8727205646249513f,-0.03190019475998383f,0.947014832306678f,0.6198541978777407f,0.3198267849595341f,-0.7165832826655885f,0.0730816044743588f,0f,0f,0f,1f],start_interpolation:0}
execute if entity @s[tag=aj.tolerate.bone.left_bend] run data modify entity @s {} merge value {transformation:[-0.6240501748427183f,-0.7809142816648813f,0.027097305596590793f,-2.335719821252772f,-0.3745417311706927f,0.26851157940759257f,-0.8874795903769847f,1.1289797882656434f,0.6857695464880553f,-0.5639808652923098f,-0.4600496850272852f,-0.18185127865626594f,0f,0f,0f,1f],start_interpolation:0}
execute if entity @s[tag=aj.tolerate.bone.right_straight] run data modify entity @s {} merge value {transformation:[0.3000046580956044f,-0.21324310280709374f,-0.9297981416555653f,-2.730377664720906f,0.2621381217925294f,0.9556002056484896f,-0.13458028112487153f,1.0060509076072248f,0.9172136121013602f,-0.20336082727449667f,0.34258365942672714f,0.22193707101432186f,0f,0f,0f,1f],start_interpolation:0}
execute if entity @s[tag=aj.tolerate.bone.microphone] run data modify entity @s {} merge value {transformation:[0.3000046580956044f,-0.229437839922474f,-0.925934923594876f,-2.3760024063732628f,0.2621381217925294f,0.9531059133439806f,-0.15123730707673125f,1.366619063643789f,0.9172136121013602f,-0.19735094517241528f,0.34608061808707197f,0.36317146927348964f,0f,0f,0f,1f],start_interpolation:0}
execute if entity @s[tag=aj.tolerate.bone.right_bend] run data modify entity @s {} merge value {transformation:[0.3000046580956044f,-0.925934923594876f,0.2294378399224738f,-2.7336150756568802f,0.2621381217925294f,-0.15123730707673103f,-0.9531059133439806f,1.1862680590188617f,0.9172136121013602f,0.3460806180870719f,0.19735094517241536f,0.5343418903438569f,0f,0f,0f,1f],start_interpolation:0}
execute if entity @s[tag=aj.tolerate.bone.head] run data modify entity @s {} merge value {transformation:[-0.31848665025168454f,0f,-0.9479273461671317f,-2.625f,0f,1f,0f,1.475f,0.9479273461671317f,0f,-0.31848665025168454f,0.24999999999999967f,0f,0f,0f,1f],start_interpolation:0}
execute if entity @s[tag=aj.tolerate.bone.hair] run data modify entity @s {} merge value {transformation:[-0.31848665025168454f,0f,-0.9479273461671317f,-2.636037243776897f,0f,1f,0f,1.06875f,0.9479273461671317f,0f,-0.31848665025168454f,0.2578300148545094f,0f,0f,0f,1f],start_interpolation:0}
execute if entity @s[tag=aj.tolerate.bone.outfit] run data modify entity @s {} merge value {transformation:[-0.31848665025168454f,0f,-0.9479273461671317f,-2.625f,0f,1f,0f,0.03749999999999998f,0.9479273461671317f,0f,-0.31848665025168454f,0.24999999999999967f,0f,0f,0f,1f],start_interpolation:0}
execute if entity @s[tag=aj.tolerate.bone.chest] run data modify entity @s {} merge value {transformation:[-0.31848665025168454f,0f,-0.9479273461671317f,-2.636037243776897f,0f,1f,0f,0.725f,0.9479273461671317f,0f,-0.31848665025168454f,0.2578300148545094f,0f,0f,0f,1f],start_interpolation:0}