execute if entity @s[tag=aj.tolerate.bone.left_straight] run data modify entity @s {} merge value {transformation:[0.23209841161455852f,-0.2651362015821559f,-0.9358595631485449f,-2.5889037247144318f,-0.2781387408868701f,0.9038691116897019f,-0.3250530260605734f,1.0250739323892946f,0.9320778766518737f,0.3357430915802373f,0.1360419358590536f,-0.15067261292719508f,0f,0f,0f,1f],start_interpolation:0}
execute if entity @s[tag=aj.tolerate.bone.left_bend] run data modify entity @s {} merge value {transformation:[0.23937180078163214f,-0.9701022545367511f,-0.04003444433573522f,-2.7255739244066914f,-0.15038446404213252f,0.003691446291626932f,-0.9886206988522122f,1.1172990831163618f,0.9592109538393101f,0.24266847542890385f,-0.1450046794682583f,-0.4696536593425894f,0f,0f,0f,1f],start_interpolation:0}
execute if entity @s[tag=aj.tolerate.bone.left_straight2] run data modify entity @s {} merge value {transformation:[-0.012245447573958523f,0.8351605143935907f,0.5498699520900795f,2.6670306416724427f,-0.3445048580080604f,0.5127191513481214f,-0.7864066852778582f,0.954962665924695f,-0.9387046669866724f,-0.19906277160407235f,0.2814383789371047f,0.15152262319046753f,0f,0f,0f,1f],start_interpolation:0}
execute if entity @s[tag=aj.tolerate.bone.left_bend2] run data modify entity @s {} merge value {transformation:[-0.012245447573958523f,0.9696329191804518f,-0.24425816476692985f,2.699063023263626f,-0.3445048580080604f,-0.23341178866353407f,-0.9093048662147012f,0.9696758323163593f,-0.9387046669866724f,0.07301327930236307f,0.33690148296342587f,0.32380949630371564f,0f,0f,0f,1f],start_interpolation:0}