execute if entity @s[tag=aj.tolerate.bone.left_straight2] run data modify entity @s {} merge value {transformation:[0.1379759870484655f,0.9413422555732579f,0.3079567905896104f,2.6621195639584765f,-0.2663863282947234f,0.3347438072025193f,-0.9038721743903938f,1.0433581316029161f,-0.9539396999263934f,0.04267717670856397f,0.2969473143379621f,0.05353761276504282f,0f,0f,0f,1f],start_interpolation:0}
execute if entity @s[tag=aj.tolerate.bone.left_bend2] run data modify entity @s {} merge value {transformation:[0.1379759870484655f,0.8509783487244907f,-0.5067528756703222f,2.6558449723606508f,-0.2663863282947234f,-0.4609085356456387f,-0.846523269536431f,1.038605316354964f,-0.9539396999263934f,0.25179192157639285f,0.16309468763025395f,0.22921731458147854f,0f,0f,0f,1f],start_interpolation:0}
execute if entity @s[tag=aj.tolerate.bone.right_straight2] run data modify entity @s {} merge value {transformation:[-0.1736481776669304f,1.8697346613280142e-17f,0.984807753012208f,3.08125f,0.1677539200327114f,0.9853850379398058f,0.02957954222137727f,1.3112343664168478f,-0.9704148250653495f,0.17034179464936833f,-0.17111031613850636f,-0.30346006770381473f,0f,0f,0f,1f],start_interpolation:0}
execute if entity @s[tag=aj.tolerate.bone.right_bend2] run data modify entity @s {} merge value {transformation:[-0.17216259343480458f,0.5834291230504167f,0.7937068097215897f,3.08125f,0.2949373188646387f,0.7993043755591073f,-0.5235689955994379f,0.9186200153627063f,-0.9398787258804939f,0.14395476229943663f,-0.30968533554008026f,-0.37133062650942245f,0f,0f,0f,1f],start_interpolation:0}
execute if entity @s[tag=aj.tolerate.bone.head2] run data modify entity @s {} merge value {transformation:[-9.957992501029599e-17f,-0.08715574274765836f,0.9961946980917455f,3.01875f,0f,0.9961946980917455f,0.08715574274765836f,1.35f,-1f,8.678962327028468e-18f,-9.920099333163047e-17f,0.043750000000000545f,0f,0f,0f,1f],start_interpolation:0}