execute if entity @s[tag=aj.tolerate.bone.left_straight] run data modify entity @s {} merge value {transformation:[-3.431983230007545e-16f,-0.8870108331782216f,-0.46174861323503413f,-2.369675001649395f,-0.08715574274765818f,0.45999152035595703f,-0.8836354891620861f,1.2952759811246266f,0.9961946980917455f,0.040244043349200245f,-0.07730808799086718f,-0.0017910531451476586f,0f,0f,0f,1f],start_interpolation:0}
execute if entity @s[tag=aj.tolerate.bone.left_bend] run data modify entity @s {} merge value {transformation:[-3.431983230007545e-16f,-0.9835880490501637f,-0.18042879417014518f,-2.4059423661295956f,-0.08715574274765818f,0.1797422081353855f,-0.9798451995701769f,1.2837531798665163f,0.9961946980917455f,0.015725405568963007f,-0.08572534697268712f,-0.35884151625595045f,0f,0f,0f,1f],start_interpolation:0}
execute if entity @s[tag=aj.tolerate.bone.cup2] run data modify entity @s {} merge value {transformation:[-0.9990482215818578f,0f,-0.043619387365335875f,-1.84375f,0f,1f,0f,1.658854375f,0.043619387365335875f,0f,-0.9990482215818578f,-0.36875000000000024f,0f,0f,0f,1f],start_interpolation:0}