execute if entity @s[tag=aj.tolerate.bone.left_straight] run data modify entity @s {} merge value {transformation:[-3.431983230007545e-16f,-0.5735764363510464f,-0.8191520442889917f,-2.428426888855978f,-0.08715574274765818f,0.8160349234517082f,-0.57139380484327f,1.1402822330770128f,0.9961946980917455f,0.07139380484326947f,-0.04999048033273061f,-0.015351249016707258f,0f,0f,0f,1f],start_interpolation:0}
execute if entity @s[tag=aj.tolerate.bone.left_bend] run data modify entity @s {} merge value {transformation:[-3.431983230007545e-16f,-0.6105817468768798f,-0.7919532374962412f,-2.4802659792255f,-0.08715574274765818f,0.7889396163303486f,-0.6082582989903439f,1.1502369037056095f,0.9961946980917455f,0.06902327263539725f,-0.05321570565721735f,-0.3705226768162264f,0f,0f,0f,1f],start_interpolation:0}
execute if entity @s[tag=aj.tolerate.bone.cup2] run data modify entity @s {} merge value {transformation:[-0.9990482215818578f,0f,-0.043619387365335875f,-1.9453125f,0f,1f,0f,1.236979375f,0.043619387365335875f,0f,-0.9990482215818578f,-0.41562500000000024f,0f,0f,0f,1f],start_interpolation:0}