execute if entity @s[tag=aj.tolerate.bone.left_straight] run data modify entity @s {} merge value {transformation:[-0.44787980003064587f,-0.2810437948532143f,-0.8487744518416027f,-2.557237056339722f,-0.48717675812273864f,0.8727205646249513f,-0.03190019475998383f,0.947014832306678f,0.7497082706423395f,0.39921573297555635f,-0.5277919168339564f,0.050916507631058594f,0f,0f,0f,1f],start_interpolation:0}
execute if entity @s[tag=aj.tolerate.bone.left_bend] run data modify entity @s {} merge value {transformation:[-0.440627946833622f,-0.8937097258347242f,-0.08443896267487502f,-2.448177469029005f,-0.3745417311706927f,0.26851157940759257f,-0.8874795903769847f,1.1289797882656434f,0.8158219806310978f,-0.3594223945060494f,-0.45304529381364333f,-0.2387866009150533f,0f,0f,0f,1f],start_interpolation:0}
execute if entity @s[tag=aj.tolerate.bone.right_straight] run data modify entity @s {} merge value {transformation:[0.5119678835299f,-0.2559244304078054f,-0.8199948610536258f,-2.7340342855425632f,0.2621381217925294f,0.9556002056484896f,-0.13458028112487153f,1.0060509076072248f,0.8180296396445546f,-0.1460511310637642f,0.5563241642945193f,0.24812789383053283f,0f,0f,0f,1f],start_interpolation:0}
execute if entity @s[tag=aj.tolerate.bone.microphone] run data modify entity @s {} merge value {transformation:[0.5119678835299f,-0.27019633546904825f,-0.8154034746878458f,-2.35608205107583f,0.2621381217925294f,0.9531059133439806f,-0.15123730707673125f,1.366619063643789f,0.8180296396445546f,-0.13631969134293856f,0.5587883771296304f,0.2999071120767743f,0f,0f,0f,1f],start_interpolation:0}
execute if entity @s[tag=aj.tolerate.bone.right_bend] run data modify entity @s {} merge value {transformation:[0.5119678835299f,-0.8154034746878459f,0.2701963354690481f,-2.6619768930558783f,0.2621381217925294f,-0.15123730707673103f,-0.9531059133439806f,1.1862680590188617f,0.8180296396445546f,0.5587883771296304f,0.13631969134293867f,0.5521262230330263f,0f,0f,0f,1f],start_interpolation:0}
execute if entity @s[tag=aj.tolerate.bone.head] run data modify entity @s {} merge value {transformation:[-0.08094449068120467f,0f,-0.996718610957155f,-2.625f,0f,1f,0f,1.475f,0.996718610957155f,0f,-0.08094449068120467f,0.24999999999999967f,0f,0f,0f,1f],start_interpolation:0}
execute if entity @s[tag=aj.tolerate.bone.hair] run data modify entity @s {} merge value {transformation:[-0.08094449068120467f,0f,-0.996718610957155f,-2.6338279317978905f,0f,1f,0f,1.06875f,0.996718610957155f,0f,-0.08094449068120467f,0.2602565833972275f,0f,0f,0f,1f],start_interpolation:0}
execute if entity @s[tag=aj.tolerate.bone.outfit] run data modify entity @s {} merge value {transformation:[-0.08094449068120467f,0f,-0.996718610957155f,-2.625f,0f,1f,0f,0.03749999999999998f,0.996718610957155f,0f,-0.08094449068120467f,0.24999999999999967f,0f,0f,0f,1f],start_interpolation:0}
execute if entity @s[tag=aj.tolerate.bone.chest] run data modify entity @s {} merge value {transformation:[-0.08094449068120467f,0f,-0.996718610957155f,-2.6338279317978905f,0f,1f,0f,0.725f,0.996718610957155f,0f,-0.08094449068120467f,0.2602565833972275f,0f,0f,0f,1f],start_interpolation:0}