execute if entity @s[tag=aj.tolerate.bone.left_straight2] run data modify entity @s {} merge value {transformation:[0.01788595609732223f,0.896251759571196f,0.4431849230739017f,2.646527055767294f,-0.3295223049677693f,0.4237748932216091f,-0.8437001187648029f,0.9907052935891636f,-0.943978359446451f,-0.1309489340947428f,0.30291456478062856f,0.12477139833243545f,0f,0f,0f,1f],start_interpolation:0}
execute if entity @s[tag=aj.tolerate.bone.left_bend2] run data modify entity @s {} merge value {transformation:[0.01788595609732223f,0.9304861689511146f,-0.36589012280350375f,2.667704175318647f,-0.3295223049677693f,-0.34001701245963245f,-0.8807970718427458f,0.9997892818495694f,-0.943978359446451f,0.13632285438878f,0.3005344177762048f,0.2991110901630824f,0f,0f,0f,1f],start_interpolation:0}
execute if entity @s[tag=aj.tolerate.bone.right_straight2] run data modify entity @s {} merge value {transformation:[-0.17364817766693044f,1.743049745274218e-17f,0.984807753012208f,3.08125f,0.2066925365242084f,0.9777269163708469f,0.03644547090028778f,1.3113899220112173f,-0.9628730475707288f,0.20988110206484753f,-0.16978049728370487f,-0.30426320988569167f,0f,0f,0f,1f],start_interpolation:0}
execute if entity @s[tag=aj.tolerate.bone.right_bend2] run data modify entity @s {} merge value {transformation:[-0.17216259343480464f,0.5834291230504167f,0.7937068097215897f,3.08125f,0.33254322464618447f,0.7928596644118422f,-0.5106746090130763f,0.9218268537697079f,-0.927240554097867f,0.17602275683945695f,-0.3305161779866728f,-0.38788771148965434f,0f,0f,0f,1f],start_interpolation:0}
execute if entity @s[tag=aj.tolerate.bone.head2] run data modify entity @s {} merge value {transformation:[-9.957992501029599e-17f,-0.20221757233203788f,0.9793406217655515f,3.01875f,0f,0.9793406217655515f,0.20221757233203788f,1.35f,-1f,2.0136810688588438e-17f,-9.752266567495026e-17f,0.043750000000000545f,0f,0f,0f,1f],start_interpolation:0}