execute if entity @s[tag=aj.tolerate.bone.left_straight2] run data modify entity @s {} merge value {transformation:[0.16775329799200187f,0.9473250384413379f,0.2728261397940535f,2.6678872625241317f,-0.2500312944150328f,0.30858371275914576f,-0.9177474838063704f,1.058318318568519f,-0.9535948735317057f,0.08574009424941607f,0.28862684111522174f,0.036386704482413434f,0f,0f,0f,1f],start_interpolation:0}
execute if entity @s[tag=aj.tolerate.bone.left_bend2] run data modify entity @s {} merge value {transformation:[0.16775329799200187f,0.8258430882555452f,-0.5383697842499618f,2.6547185584517385f,-0.2500312944150328f,-0.4926104905008994f,-0.8335581902072623f,1.050074508127216f,-0.9535948735317057f,0.27444142950547257f,0.1238495819332586f,0.2115550298305597f,0f,0f,0f,1f],start_interpolation:0}
execute if entity @s[tag=aj.tolerate.bone.right_straight2] run data modify entity @s {} merge value {transformation:[-0.17364817766693041f,1.597374331862129e-17f,0.984807753012208f,3.08125f,0.15797427305934109f,0.9870502626379128f,0.02785512659816821f,1.3112005415401675f,-0.9720547512585528f,0.16041128085776024f,-0.17139947937273867f,-0.3032583541424227f,0f,0f,0f,1f],start_interpolation:0}
execute if entity @s[tag=aj.tolerate.bone.right_bend2] run data modify entity @s {} merge value {transformation:[-0.1721625934348046f,0.5834291230504167f,0.7937068097215897f,3.08125f,0.2854586935658755f,0.8007133414305454f,-0.5266606868969759f,0.917922702520374f,-0.9428008144297849f,0.13589923926112493f,-0.3043978007127873f,-0.3671722238591866f,0f,0f,0f,1f],start_interpolation:0}
execute if entity @s[tag=aj.tolerate.bone.head2] run data modify entity @s {} merge value {transformation:[-9.957992501029599e-17f,-0.05814482891047584f,0.9983081582712682f,3.01875f,0f,0.9983081582712682f,0.05814482891047584f,1.35f,-1f,5.7900577026416746e-18f,-9.941145153781958e-17f,0.043750000000000545f,0f,0f,0f,1f],start_interpolation:0}