execute if entity @s[tag=aj.tolerate.bone.left_straight] run data modify entity @s {} merge value {transformation:[-0.1035758837643073f,-0.4787586534141193f,-0.8718154552905918f,-2.628676906528366f,-0.3508665611841647f,0.8377671957160121f,-0.4183763640849322f,1.0299818143440436f,0.9306796938502749f,0.26255718912882237f,-0.25475288004560476f,-0.1014984638849129f,0f,0f,0f,1f],start_interpolation:0}
execute if entity @s[tag=aj.tolerate.bone.left_bend] run data modify entity @s {} merge value {transformation:[-0.12249159350737739f,-0.9829836413478541f,0.1368903589101022f,-2.645465504969705f,-0.2264315907603505f,-0.10661198971228958f,-0.968174890376384f,1.1420873016064954f,0.9662942327395733f,-0.1495895868438035f,-0.20951947709494595f,-0.4422089459233088f,0f,0f,0f,1f],start_interpolation:0}
execute if entity @s[tag=aj.tolerate.bone.left_straight2] run data modify entity @s {} merge value {transformation:[-0.001020479292113219f,0.08228501931501239f,0.9966083153467777f,2.994232345988604f,-0.10908823905736383f,0.9906519760865486f,-0.08190493498672562f,0.9029083860884579f,-0.9940315461399492f,-0.10880182844118177f,0.00796538803058851f,0.07765145543722601f,0f,0f,0f,1f],start_interpolation:0}
execute if entity @s[tag=aj.tolerate.bone.left_bend2] run data modify entity @s {} merge value {transformation:[-0.001020479292113219f,0.7903676778643843f,0.6126319387766811f,3.0487492545665087f,-0.10908823905736383f,0.6088881218605561f,-0.7857194226672063f,0.916680197569866f,-0.9940315461399492f,-0.06763274979168991f,0.0855984604665111f,0.2442754671235416f,0f,0f,0f,1f],start_interpolation:0}