execute if entity @s[tag=aj.tolerate.bone.left_straight] run data modify entity @s {} merge value {transformation:[0.03132482566349076f,-0.22253174365278666f,-0.9744220740336307f,-2.4775456579524966f,-0.4278228004180534f,0.8780939874109317f,-0.2142862588110233f,0.9759304779057745f,0.9033196592234702f,0.4235924602015726f,-0.06769801267964065f,-0.08469260546898569f,0f,0f,0f,1f],start_interpolation:0}
execute if entity @s[tag=aj.tolerate.bone.left_bend] run data modify entity @s {} merge value {transformation:[0.047263014182718575f,-0.9917675806298443f,-0.11900955214599127f,-2.5445742825753226f,-0.30689430136300283f,0.09896255428755246f,-0.946584544898023f,1.1269647547209005f,0.9505693532200996f,0.08126179213202536f,-0.299690550165021f,-0.40348554860122715f,0f,0f,0f,1f],start_interpolation:0}
execute if entity @s[tag=aj.tolerate.bone.right_straight] run data modify entity @s {} merge value {transformation:[0.3652360349425714f,-0.22732547128268907f,-0.9027323905153354f,-2.7321240306344765f,0.2621381217925294f,0.9556002056484896f,-0.13458028112487153f,1.0060509076072248f,0.8932447838540754f,-0.18748700507146554f,0.40861030217900585f,0.09070468403749785f,0f,0f,0f,1f],start_interpolation:0}
execute if entity @s[tag=aj.tolerate.bone.microphone] run data modify entity @s {} merge value {transformation:[0.3652360349425714f,-0.24304570109571136f,-0.8986275234814048f,-2.3685034242311804f,0.2621381217925294f,0.9531059133439806f,-0.15123730707673125f,1.366619063643789f,0.8932447838540754f,-0.18032721682439018f,0.41182016826505186f,0.20606946887016322f,0f,0f,0f,1f],start_interpolation:0}
execute if entity @s[tag=aj.tolerate.bone.right_bend] run data modify entity @s {} merge value {transformation:[0.3652360349425714f,-0.8986275234814048f,0.24304570109571116f,-2.7128701490505898f,0.2621381217925294f,-0.15123730707673103f,-0.9531059133439806f,1.1862680590188617f,0.8932447838540754f,0.4118201682650518f,0.18032721682439026f,0.40253242496803376f,0f,0f,0f,1f],start_interpolation:0}
execute if entity @s[tag=aj.tolerate.bone.head] run data modify entity @s {} merge value {transformation:[-0.2494411440579817f,0f,-0.9683899605278058f,-2.625f,0f,1f,0f,1.475f,0.9683899605278058f,0f,-0.2494411440579817f,0.11111111111111084f,0f,0f,0f,1f],start_interpolation:0}
execute if entity @s[tag=aj.tolerate.bone.hair] run data modify entity @s {} merge value {transformation:[-0.2494411440579817f,0f,-0.9683899605278058f,-2.63544512001109f,0f,1f,0f,1.06875f,0.9683899605278058f,0f,-0.2494411440579817f,0.1197151421876715f,0f,0f,0f,1f],start_interpolation:0}
execute if entity @s[tag=aj.tolerate.bone.outfit] run data modify entity @s {} merge value {transformation:[-0.2494411440579817f,0f,-0.9683899605278058f,-2.625f,0f,1f,0f,0.03749999999999998f,0.9683899605278058f,0f,-0.2494411440579817f,0.11111111111111084f,0f,0f,0f,1f],start_interpolation:0}
execute if entity @s[tag=aj.tolerate.bone.chest] run data modify entity @s {} merge value {transformation:[-0.2494411440579817f,0f,-0.9683899605278058f,-2.63544512001109f,0f,1f,0f,0.725f,0.9683899605278058f,0f,-0.2494411440579817f,0.1197151421876715f,0f,0f,0f,1f],start_interpolation:0}
execute if entity @s[tag=aj.tolerate.bone.right_leg] run data modify entity @s {} merge value {transformation:[-3.4450928483976665e-16f,0f,-1f,-2.6875f,0f,1f,0f,0.725f,1f,0f,-3.4450928483976665e-16f,0.004861111111110636f,0f,0f,0f,1f],start_interpolation:0}
execute if entity @s[tag=aj.tolerate.bone.left_leg] run data modify entity @s {} merge value {transformation:[-3.4450928483976665e-16f,0f,-1f,-2.6875f,0f,1f,0f,0.725f,1f,0f,-3.4450928483976665e-16f,0.217361111111111f,0f,0f,0f,1f],start_interpolation:0}