execute if entity @s[tag=aj.tolerate.bone.left_straight] run data modify entity @s {} merge value {transformation:[0.20210568967515358f,-0.2862665876593254f,-0.9365920835618974f,-2.5913137984186205f,-0.28605777977720737f,0.8973688579319856f,-0.3360060705445342f,1.0253812798210091f,0.9366558796216812f,0.33582819060306646f,0.09947456743512496f,-0.14708776406082041f,0f,0f,0f,1f],start_interpolation:0}
execute if entity @s[tag=aj.tolerate.bone.left_bend] run data modify entity @s {} merge value {transformation:[0.20707663621050254f,-0.9780176145416136f,-0.024511474498176478f,-2.7176500296277526f,-0.15854406774191665f,-0.008824266262500602f,-0.9873124687295177f,1.1197366782755054f,0.9653926896965762f,0.2083354937864887f,-0.15688619030733772f,-0.4696855714761503f,0f,0f,0f,1f],start_interpolation:0}
execute if entity @s[tag=aj.tolerate.bone.left_straight2] run data modify entity @s {} merge value {transformation:[-0.011225038419580596f,0.7870916899605632f,0.6167338730015594f,2.690731054438915f,-0.3237382914323592f,0.5806925285003791f,-0.7469870855672763f,0.9387664737776192f,-0.9460800796829705f,-0.20804532904840967f,0.24829342296606077f,0.1500517138933455f,0f,0f,0f,1f],start_interpolation:0}
execute if entity @s[tag=aj.tolerate.bone.left_bend2] run data modify entity @s {} merge value {transformation:[-0.011225038419580596f,0.9864553456402007f,-0.1636454996947701f,2.726239009561805f,-0.3237382914323592f,-0.15842646318816384f,-0.9327886011429096f,0.9521573298666262f,-0.9460800796829705f,0.04250772658660351f,0.32113171130784135f,0.32176422793646f,0f,0f,0f,1f],start_interpolation:0}