execute if entity @s[tag=aj.tolerate.bone.left_straight] run data modify entity @s {} merge value {transformation:[-0.7462925808748755f,-0.43501613321119137f,-0.503793953493986f,-2.472064268009717f,-0.48717675812273864f,0.8727205646249513f,-0.03190019475998383f,0.947014832306678f,0.45354844292108f,0.22162982634719838f,-0.863234632065451f,0.10565071753584404f,0f,0f,0f,1f],start_interpolation:0}
execute if entity @s[tag=aj.tolerate.bone.left_bend] run data modify entity @s {} merge value {transformation:[-0.7707739684084411f,-0.6221957166838038f,0.13704006627344886f,-2.2402738339222688f,-0.3745417311706927f,0.26851157940759257f,-0.8874795903769847f,1.1289797882656434f,0.5153891551396517f,-0.7353733894181703f,-0.4399999964773501f,-0.0995201365132056f,0f,0f,0f,1f],start_interpolation:0}
execute if entity @s[tag=aj.tolerate.bone.right_straight] run data modify entity @s {} merge value {transformation:[0.07039909920534237f,-0.1580216168275459f,-0.9849229083772417f,-2.720524113786169f,0.2621381217925294f,0.9556002056484896f,-0.13458028112487153f,1.0060509076072248f,0.9624591274096586f,-0.24871151075045297f,0.10869688351588519f,0.19739654107709226f,0f,0f,0f,1f],start_interpolation:0}
execute if entity @s[tag=aj.tolerate.bone.microphone] run data modify entity @s {} merge value {transformation:[0.07039909920534237f,-0.17518682427629928f,-0.9820150423649636f,-2.410565529567639f,0.2621381217925294f,0.9531059133439806f,-0.15123730707673125f,1.366619063643789f,0.9624591274096586f,-0.24677660859311912f,0.1130209428252883f,0.4197805671442379f,0f,0f,0f,1f],start_interpolation:0}
execute if entity @s[tag=aj.tolerate.bone.right_bend] run data modify entity @s {} merge value {transformation:[0.07039909920534237f,-0.9820150423649636f,0.17518682427629906f,-2.798865946156639f,0.2621381217925294f,-0.15123730707673103f,-0.9531059133439806f,1.1862680590188617f,0.9624591274096586f,0.11302094282528824f,0.24677660859311915f,0.49983630246888566f,0f,0f,0f,1f],start_interpolation:0}
execute if entity @s[tag=aj.tolerate.bone.head] run data modify entity @s {} merge value {transformation:[-0.5372996083468242f,0f,-0.8433914458128855f,-2.625f,0f,1f,0f,1.475f,0.8433914458128855f,0f,-0.5372996083468242f,0.24999999999999967f,0f,0f,0f,1f],start_interpolation:0}
execute if entity @s[tag=aj.tolerate.bone.hair] run data modify entity @s {} merge value {transformation:[-0.5372996083468242f,0f,-0.8433914458128855f,-2.6375974900501147f,0f,1f,0f,1.06875f,0.8433914458128855f,0f,-0.5372996083468242f,0.2549429876845642f,0f,0f,0f,1f],start_interpolation:0}
execute if entity @s[tag=aj.tolerate.bone.outfit] run data modify entity @s {} merge value {transformation:[-0.5372996083468242f,0f,-0.8433914458128855f,-2.625f,0f,1f,0f,0.03749999999999998f,0.8433914458128855f,0f,-0.5372996083468242f,0.24999999999999967f,0f,0f,0f,1f],start_interpolation:0}
execute if entity @s[tag=aj.tolerate.bone.chest] run data modify entity @s {} merge value {transformation:[-0.5372996083468242f,0f,-0.8433914458128855f,-2.6375974900501147f,0f,1f,0f,0.725f,0.8433914458128855f,0f,-0.5372996083468242f,0.2549429876845642f,0f,0f,0f,1f],start_interpolation:0}
execute if entity @s[tag=aj.tolerate.bone.right_leg] run data modify entity @s {} merge value {transformation:[-3.4450928483976665e-16f,0f,-1f,-2.6875f,0f,1f,0f,0.725f,1f,0f,-3.4450928483976665e-16f,0.14374999999999946f,0f,0f,0f,1f],start_interpolation:0}
execute if entity @s[tag=aj.tolerate.bone.left_leg] run data modify entity @s {} merge value {transformation:[-3.4450928483976665e-16f,0f,-1f,-2.6875f,0f,1f,0f,0.725f,1f,0f,-3.4450928483976665e-16f,0.35624999999999984f,0f,0f,0f,1f],start_interpolation:0}