execute if entity @s[tag=aj.tolerate.bone.left_straight] run data modify entity @s {} merge value {transformation:[-0.042295459773645426f,-0.44451659637470137f,-0.8947715292911296f,-2.618958479836611f,-0.3404313398655847f,0.8483928221158299f,-0.4053839195375916f,1.0288571324338258f,0.9393176230220844f,0.2874623713284726f,-0.18721054497637846f,-0.11176862444339497f,0f,0f,0f,1f],start_interpolation:0}
execute if entity @s[tag=aj.tolerate.bone.left_bend] run data modify entity @s {} merge value {transformation:[-0.0565106732537617f,-0.992843824896703f,0.10520305686096548f,-2.658306276359487f,-0.21536237960946353f,-0.09076890767876367f,-0.9723065621745814f,1.138102691706564f,0.9748977327173123f,-0.0776024791053033f,-0.20869179662687998f,-0.45154838924817764f,0f,0f,0f,1f],start_interpolation:0}
execute if entity @s[tag=aj.tolerate.bone.left_straight2] run data modify entity @s {} merge value {transformation:[-0.003061433625520781f,0.24462548696230138f,0.9696128086780895f,2.9286991741745902f,-0.15278310179908525f,0.9581192692538523f,-0.24220815363879583f,0.8887204209180353f,-0.9882550032399567f,-0.14888195663988663f,0.03444142212905894f,0.0970971057019418f,0f,0f,0f,1f],start_interpolation:0}
execute if entity @s[tag=aj.tolerate.bone.left_bend2] run data modify entity @s {} merge value {transformation:[-0.003061433625520781f,0.8801401328441093f,0.4747040911781887f,2.982085206082084f,-0.15278310179908525f,0.46872141356726593f,-0.870033079984982f,0.9010559323719542f,-0.9882550032399567f,-0.07519031201330088f,0.1330355800172855f,0.26419912285659714f,0f,0f,0f,1f],start_interpolation:0}