execute if entity @s[tag=aj.tolerate.bone.left_straight] run data modify entity @s {} merge value {transformation:[-3.3625942909684727e-16f,-0.9063077870366502f,-0.4226182617406993f,-2.3682598304377502f,-0.0871557427476582f,0.4210100716628342f,-0.9028590122851737f,1.3114295752385177f,0.9961946980917455f,0.036833608500734555f,-0.07898992833716578f,-0.00037779678498311986f,0f,0f,0f,1f],start_interpolation:0}
execute if entity @s[tag=aj.tolerate.bone.left_bend] run data modify entity @s {} merge value {transformation:[-3.3625942909684727e-16f,-0.9934149307880792f,-0.11457214010096928f,-2.402634579861256f,-0.0871557427476582f,0.11413615851761028f,-0.9896346870562629f,1.2983712231264373f,0.9961946980917455f,0.009985619968688405f,-0.0865818161494485f,-0.35756260318777583f,0f,0f,0f,1f],start_interpolation:0}
execute if entity @s[tag=aj.tolerate.bone.cup2] run data modify entity @s {} merge value {transformation:[-0.9990482215818578f,0f,-0.043619387365335875f,-1.84375f,0f,1f,0f,1.697916875f,0.043619387365335875f,0f,-0.9990482215818578f,-0.36875000000000024f,0f,0f,0f,1f],start_interpolation:0}