execute if entity @s[tag=aj.tolerate.bone.left_straight] run data modify entity @s {} merge value {transformation:[0.049852091861544455f,-0.3883917442046471f,-0.9201448918353566f,-2.606639634155661f,-0.3221892588218339f,0.8657831885197014f,-0.3829014912173841f,1.0273626086531946f,0.945361756385811f,0.31554924102322146f,-0.08197454515154956f,-0.12624715851311108f,0f,0f,0f,1f],start_interpolation:0}
execute if entity @s[tag=aj.tolerate.bone.left_bend] run data modify entity @s {} merge value {transformation:[0.04286523843894706f,-0.9974911617593785f,0.0563378518005242f,-2.679353095923257f,-0.1961470290425779f,-0.06369448087432894f,-0.9785036311143254f,1.131581304305112f,0.9796371340100081f,0.030893289207777175f,-0.1983852069852546f,-0.46208096538370846f,0f,0f,0f,1f],start_interpolation:0}
execute if entity @s[tag=aj.tolerate.bone.left_straight2] run data modify entity @s {} merge value {transformation:[-0.006122838558067695f,0.47437956482861016f,0.8802991192322132f,2.8322898028862435f,-0.21774014450967608f,0.8585607495297203f,-0.4641795652932927f,0.888617848309696f,-0.9759875718045272f,-0.19451855397360754f,0.09803464613655476f,0.12361372676029075f,0f,0f,0f,1f],start_interpolation:0}
execute if entity @s[tag=aj.tolerate.bone.left_bend2] run data modify entity @s {} merge value {transformation:[-0.006122838558067695f,0.9695107789150111f,0.2449721625319905f,2.881317276303302f,-0.21774014450967608f,0.23780616132432075f,-0.9465925517904186f,0.8997089868000075f,-0.9759875718045272f,-0.059136107445445535f,0.20964536837074055f,0.292132600718494f,0f,0f,0f,1f],start_interpolation:0}