execute if entity @s[tag=aj.tolerate.bone.left_straight] run data modify entity @s {} merge value {transformation:[-0.07297011625643186f,-0.46199409997268115f,-0.8838760171675409f,-2.6236600103091217f,-0.3458327827672864f,0.8429729215922539f,-0.4120635143101785f,1.0294057662599567f,0.9354544609423581f,0.27560498009406886f,-0.221284537305231f,-0.1066860032460337f,0f,0f,0f,1f],start_interpolation:0}
execute if entity @s[tag=aj.tolerate.bone.left_bend] run data modify entity @s {} merge value {transformation:[-0.08955300105010106f,-0.988583049097544f,0.12117679249725849f,-2.651752212510244f,-0.22108419323944178f,-0.09889938849695157f,-0.9702271334355653f,1.1401351544029048f,0.9711344085669016f,-0.11367702490799132f,-0.20970334881799607f,-0.4471018675352762f,0f,0f,0f,1f],start_interpolation:0}
execute if entity @s[tag=aj.tolerate.bone.left_straight2] run data modify entity @s {} merge value {transformation:[-0.0020409575215213933f,0.16401169815709557f,0.9864562825386745f,2.961485906003358f,-0.13096759049642812f,0.9779177504525396f,-0.16286302093908392f,0.894377550938638f,-0.991384549371209f,-0.12952619896171724f,0.019484328332646877f,0.08743273100475668f,0f,0f,0f,1f],start_interpolation:0}
execute if entity @s[tag=aj.tolerate.bone.left_bend2] run data modify entity @s {} merge value {transformation:[-0.0020409575215213933f,0.8380965580790782f,0.5455180967011062f,3.0156198227461743f,-0.13096759049642812f,0.5405964417164515f,-0.8310252568021451f,0.9073925708641751f,-0.991384549371209f,-0.07314127794558595f,0.10866015244113773f,0.2542423401321452f,0f,0f,0f,1f],start_interpolation:0}