execute if entity @s[tag=aj.tolerate.bone.left_straight] run data modify entity @s {} merge value {transformation:[-3.5013721690466173e-16f,-0.9238795325112868f,-0.38268343236508984f,-2.367557046659289f,-0.08715574274765817f,0.38122720636965357f,-0.9203638919632243f,1.327799998509569f,0.9961946980917455f,0.03335305878500229f,-0.08052140686538052f,0.0010544296683547838f,0f,0f,0f,1f],start_interpolation:0}
execute if entity @s[tag=aj.tolerate.bone.left_bend] run data modify entity @s {} merge value {transformation:[-3.5013721690466173e-16f,-0.9988373420368146f,-0.04820751137355478f,-2.3999737467368387f,-0.08715574274765817f,0.04802406723853281f,-0.9950364643931261f,1.31328979761138f,0.9961946980917455f,0.00420156145977801f,-0.08705441042931528f,-0.35625739704437626f,0f,0f,0f,1f],start_interpolation:0}
execute if entity @s[tag=aj.tolerate.bone.cup2] run data modify entity @s {} merge value {transformation:[-0.9990482215818578f,0f,-0.043619387365335875f,-1.84375f,0f,1f,0f,1.736979375f,0.043619387365335875f,0f,-0.9990482215818578f,-0.36875000000000024f,0f,0f,0f,1f],start_interpolation:0}