execute if entity @s[tag=aj.tolerate.bone.left_straight] run data modify entity @s {} merge value {transformation:[-0.5070948862889433f,-0.31243589500185287f,-0.8032674447617025f,-2.541344701027721f,-0.48717675812273864f,0.8727205646249513f,-0.03190019475998383f,0.947014832306678f,0.7109947838378439f,0.37515680401013307f,-0.594763641928691f,0.057054814983169666f,0f,0f,0f,1f],start_interpolation:0}
execute if entity @s[tag=aj.tolerate.bone.left_bend] run data modify entity @s {} merge value {transformation:[-0.5052183698256253f,-0.8616838538701757f,-0.04749036502470319f,-2.4091931100817963f,-0.3745417311706927f,0.26851157940759257f,-0.8874795903769847f,1.1289797882656434f,0.7774785465865913f,-0.43058386837349333f,-0.45839354477797756f,-0.2228698922081127f,0f,0f,0f,1f],start_interpolation:0}
execute if entity @s[tag=aj.tolerate.bone.right_straight] run data modify entity @s {} merge value {transformation:[0.44407292518344005f,-0.24326260836869884f,-0.862335515033841f,-2.733524964952301f,0.2621381217925294f,0.9556002056484896f,-0.13458028112487153f,1.0060509076072248f,0.8567863457257636f,-0.16628755315483318f,0.48812458188834384f,0.23930831222917265f,0f,0f,0f,1f],start_interpolation:0}
execute if entity @s[tag=aj.tolerate.bone.microphone] run data modify entity @s {} merge value {transformation:[0.44407292518344005f,-0.25827538818885026f,-0.8579586592458411f,-2.3610041812552782f,0.2621381217925294f,0.9531059133439806f,-0.15123730707673125f,1.366619063643789f,0.8567863457257636f,-0.15774327815991135f,0.4909523561133573f,0.3215107738367462f,0f,0f,0f,1f],start_interpolation:0}
execute if entity @s[tag=aj.tolerate.bone.right_bend] run data modify entity @s {} merge value {transformation:[0.44407292518344005f,-0.8579586592458412f,0.2582753881888501f,-2.68631101072901f,0.2621381217925294f,-0.15123730707673103f,-0.9531059133439806f,1.1862680590188617f,0.8567863457257636f,0.49095235611335725f,0.15774327815991146f,0.5481417535798282f,0f,0f,0f,1f],start_interpolation:0}
execute if entity @s[tag=aj.tolerate.bone.head] run data modify entity @s {} merge value {transformation:[-0.16135776063280757f,0f,-0.986895978856721f,-2.625f,0f,1f,0f,1.475f,0.986895978856721f,0f,-0.16135776063280757f,0.24999999999999967f,0f,0f,0f,1f],start_interpolation:0}
execute if entity @s[tag=aj.tolerate.bone.hair] run data modify entity @s {} merge value {transformation:[-0.16135776063280757f,0f,-0.986895978856721f,-2.634629177838436f,0f,1f,0f,1.06875f,0.986895978856721f,0f,-0.16135776063280757f,0.2595083551137022f,0f,0f,0f,1f],start_interpolation:0}
execute if entity @s[tag=aj.tolerate.bone.outfit] run data modify entity @s {} merge value {transformation:[-0.16135776063280757f,0f,-0.986895978856721f,-2.625f,0f,1f,0f,0.03749999999999998f,0.986895978856721f,0f,-0.16135776063280757f,0.24999999999999967f,0f,0f,0f,1f],start_interpolation:0}
execute if entity @s[tag=aj.tolerate.bone.chest] run data modify entity @s {} merge value {transformation:[-0.16135776063280757f,0f,-0.986895978856721f,-2.634629177838436f,0f,1f,0f,0.725f,0.986895978856721f,0f,-0.16135776063280757f,0.2595083551137022f,0f,0f,0f,1f],start_interpolation:0}