execute if entity @s[tag=aj.tolerate.bone.left_straight] run data modify entity @s {} merge value {transformation:[0.11109684585756346f,-0.34851002367333794f,-0.9306977244195401f,-2.5997955930267236f,-0.30850471730946016f,0.8781356802730427f,-0.36565361536461083f,1.0264892056863484f,0.9447128295086877f,0.327747601716031f,-0.009958882019535544f,-0.1351312936634721f,0f,0f,0f,1f],start_interpolation:0}
execute if entity @s[tag=aj.tolerate.bone.left_bend] run data modify entity @s {} merge value {transformation:[0.10894881136898334f,-0.99376723243579f,0.02359754729195812f,-2.694308741122498f,-0.18183446163745964f,-0.04326197875141796f,-0.9823770303480874f,1.126949119897609f,0.9772749792470392f,0.10273796246481809f,-0.18541447086534726f,-0.46665535064351205f,0f,0f,0f,1f],start_interpolation:0}
execute if entity @s[tag=aj.tolerate.bone.left_straight2] run data modify entity @s {} merge value {transformation:[-0.008163745069968474f,0.612326403301247f,0.7905629191194028f,2.7717879210979577f,-0.2605312126766408f,0.7619822980392356f,-0.5928798062812433f,0.9017951961646689f,-0.9654309092253425f,-0.21080643561097545f,0.15330951117697858f,0.1375647477991428f,0f,0f,0f,1f],start_interpolation:0}
execute if entity @s[tag=aj.tolerate.bone.left_bend2] run data modify entity @s {} merge value {transformation:[-0.008163745069968474f,0.9965458455240307f,0.08264218677665441f,2.816263181410073f,-0.2605312126766408f,0.07767093430824784f,-0.9623360708115034f,0.9130222813477706f,-0.9654309092253425f,-0.029387135492911526f,0.2589972119152052f,0.30733288721662416f,0f,0f,0f,1f],start_interpolation:0}