execute if entity @s[tag=aj.tolerate.bone.left_straight2] run data modify entity @s {} merge value {transformation:[-0.01224544757395855f,0.8627939256861583f,0.5054074502940984f,2.6531894778731373f,-0.34450485800806047f,0.4708591417006738f,-0.8121625893167888f,0.9693684333003376f,-0.9387046669866724f,-0.18406061630879336f,0.2914708179243123f,0.14641626144842668f,0f,0f,0f,1f],start_interpolation:0}
execute if entity @s[tag=aj.tolerate.bone.left_bend2] run data modify entity @s {} merge value {transformation:[-0.01224544757395855f,0.9555205863406702f,-0.2946700834711514f,2.6827972636632587f,-0.34450485800806047f,-0.2806812456090067f,-0.8958428663399751f,0.982677098049879f,-0.9387046669866724f,0.09054527841118142f,0.3326185513991697f,0.319250216000196f,0f,0f,0f,1f],start_interpolation:0}
execute if entity @s[tag=aj.tolerate.bone.right_straight2] run data modify entity @s {} merge value {transformation:[-0.17364817766693041f,2.3831035903544168e-17f,0.984807753012208f,3.08125f,0.23567992160765366f,0.970941817426052f,0.04155672899068528f,1.3115277443335334f,-0.9561910295249398f,0.23931566428755774f,-0.1686022772166514f,-0.30486109943084044f,0f,0f,0f,1f],start_interpolation:0}
execute if entity @s[tag=aj.tolerate.bone.right_bend2] run data modify entity @s {} merge value {transformation:[-0.1721625934348046f,0.5834291230504167f,0.7937068097215897f,3.08125f,0.36039698550272975f,0.7871815293169029f,-0.500459042023268f,0.9246681139528408f,-0.916773720316168f,0.199889215014026f,-0.3457893107930451f,-0.40021343442041424f,0f,0f,0f,1f],start_interpolation:0}