execute if entity @s[tag=aj.tolerate.bone.left_straight] run data modify entity @s {} merge value {transformation:[-0.13408386827793703f,-0.4947543625853355f,-0.8586265992679258f,-2.6340185747866838f,-0.355516498270739f,0.832788442140639f,-0.4243482415355098f,1.0305874607363332f,0.9250024517399598f,0.24835766817182459f,-0.2875568342698837f,-0.09622095569628597f,0f,0f,0f,1f],start_interpolation:0}
execute if entity @s[tag=aj.tolerate.bone.left_bend] run data modify entity @s {} merge value {transformation:[-0.15528930727263568f,-0.9760610237131133f,0.15228298997226886f,-2.639467114030499f,-0.2313858134747509f,-0.11392655266239282f,-0.9661683838343555f,1.1439543341972604f,0.9603883778812679f,-0.1852717425474597f,-0.20815509852995445f,-0.4368841255644346f,0f,0f,0f,1f],start_interpolation:0}
execute if entity @s[tag=aj.tolerate.bone.left_straight2] run data modify entity @s {} merge value {transformation:[-9.920099333163047e-17f,-8.67896232702845e-18f,1f,3.0267187499999997f,-0.08715574274765818f,0.9961946980917455f,0f,0.9143115019836385f,-0.9961946980917455f,-0.08715574274765818f,-9.957992501029599e-17f,0.06793504333530231f,0f,0f,0f,1f],start_interpolation:0}
execute if entity @s[tag=aj.tolerate.bone.left_bend2] run data modify entity @s {} merge value {transformation:[-9.920099333163047e-17f,0.737277336810124f,0.6755902076156602f,3.08125f,-0.08715574274765818f,0.6730193829094223f,-0.7344717739534476f,0.9288828527242627f,-0.9961946980917455f,-0.05888156633778754f,0.06425795390070163f,0.2344863444225158f,0f,0f,0f,1f],start_interpolation:0}