execute if entity @s[tag=aj.tolerate.bone.left_straight2] run data modify entity @s {} merge value {transformation:[0.10807340650449021f,0.9332090350034473f,0.3426967110937162f,2.6571131941656105f,-0.2825595160097676f,0.3593332590600794f,-0.8894041425840044f,1.0291128356067882f,-0.9531423076953626f,-0.0007112813765209432f,0.3025214626434995f,0.0710262685933628f,0f,0f,0f,1f],start_interpolation:0}
execute if entity @s[tag=aj.tolerate.bone.left_bend2] run data modify entity @s {} merge value {transformation:[0.10807340650449021f,0.8741109871156789f,-0.4735505474710898f,2.6577323515424705f,-0.2825595160097676f,-0.4296868692981348f,-0.8576300567640419f,1.0278529350393872f,-0.9531423076953626f,0.22649321525472083f,0.2005506537629273f,0.2468766216709594f,0f,0f,0f,1f],start_interpolation:0}
execute if entity @s[tag=aj.tolerate.bone.right_straight2] run data modify entity @s {} merge value {transformation:[-0.17364817766693041f,1.7949783148236804e-17f,0.984807753012208f,3.08125f,0.1775165587586431f,0.9836199069471436f,0.03130095883166835f,1.3112702206401363f,-0.9686765103786936f,0.18025503781390576f,-0.17080380435828715f,-0.3036614304555944f,0f,0f,0f,1f],start_interpolation:0}
execute if entity @s[tag=aj.tolerate.bone.right_bend2] run data modify entity @s {} merge value {transformation:[-0.1721625934348046f,0.5834291230504167f,0.7937068097215897f,3.08125f,0.3043860410356709f,0.7978143697537254f,-0.5204242206480181f,0.9193591639658836f,-0.9368613448341397f,0.15199569004115748f,-0.3149414719665852f,-0.37548179708457247f,0f,0f,0f,1f],start_interpolation:0}
execute if entity @s[tag=aj.tolerate.bone.head2] run data modify entity @s {} merge value {transformation:[-9.957992501029599e-17f,-0.11609291412523026f,0.993238357741943f,3.01875f,0f,0.993238357741943f,0.11609291412523026f,1.35f,-1f,1.1560523682817162e-17f,-9.890660118129222e-17f,0.043750000000000545f,0f,0f,0f,1f],start_interpolation:0}