execute if entity @s[tag=aj.tolerate.bone.left_straight2] run data modify entity @s {} merge value {transformation:[0.07807270517340888f,0.9229553232426939f,0.3769059882847183f,2.652856318721588f,-0.29850407324066186f,0.38235673725198827f,-0.874470493348259f,1.0155882582591722f,-0.9512097407857215f,-0.04423569572176151f,0.30535754822563693f,0.08877729188377309f,0f,0f,0f,1f],start_interpolation:0}
execute if entity @s[tag=aj.tolerate.bone.left_bend2] run data modify entity @s {} merge value {transformation:[0.07807270517340888f,0.8951351057876682f,-0.4389052233608138f,2.6603566929990596f,-0.29850407324066186f,-0.3990622044768755f,-0.8669744374644445f,1.017808438913698f,-0.9512097407857215f,0.19870203658884908f,0.236045609342356f,0.264459199223065f,0f,0f,0f,1f],start_interpolation:0}
execute if entity @s[tag=aj.tolerate.bone.right_straight2] run data modify entity @s {} merge value {transformation:[-0.1736481776669304f,1.8935123265166028e-17f,0.984807753012208f,3.08125f,0.1872611994219648f,0.9817550486231642f,0.033019201897920805f,1.3113081005748422f,-0.9668399834429694f,0.19015000526670658f,-0.17047997510872115f,-0.3038624219819794f,0f,0f,0f,1f],start_interpolation:0}
execute if entity @s[tag=aj.tolerate.bone.right_bend2] run data modify entity @s {} merge value {transformation:[-0.17216259343480458f,0.5834291230504167f,0.7937068097215897f,3.08125f,0.3138039020911966f,0.7962434750832239f,-0.5172266808854027f,0.9201400733890499f,-0.933748977217186f,0.16002120723208274f,-0.3201656770827348f,-0.3796253147054328f,0f,0f,0f,1f],start_interpolation:0}
execute if entity @s[tag=aj.tolerate.bone.head2] run data modify entity @s {} merge value {transformation:[-9.957992501029599e-17f,-0.14493185930724667f,0.9894416385809446f,3.01875f,0f,0.9894416385809446f,0.14493185930724667f,1.35f,-1f,1.4432303681418392e-17f,-9.852852417195485e-17f,0.043750000000000545f,0f,0f,0f,1f],start_interpolation:0}