execute if entity @s[tag=aj.tolerate.bone.left_straight] run data modify entity @s {} merge value {transformation:[-0.4888056452337316f,-0.3819093724270552f,-0.7843559602884448f,-2.4702469931378275f,-0.48995310700526795f,0.8640780396947859f,-0.11539104927636466f,0.9539319351331915f,0.7218136838017966f,0.32789384344569333f,-0.6094839073403755f,0.04135646889814737f,0f,0f,0f,1f],start_interpolation:0}
execute if entity @s[tag=aj.tolerate.bone.left_bend] run data modify entity @s {} merge value {transformation:[-0.49645108359013546f,-0.8676741951495723f,0.026034835772910048f,-2.3444195189588055f,-0.37462712761819655f,0.18709992044807383f,-0.9081013902758126f,1.1322207351144553f,0.7830650272197833f,-0.46058127495575246f,-0.4179402496833892f,-0.24379906835438592f,0f,0f,0f,1f],start_interpolation:0}
execute if entity @s[tag=aj.tolerate.bone.right_straight] run data modify entity @s {} merge value {transformation:[0.19083900658733227f,-0.18803539373584854f,-0.9634433892384984f,-2.7263794295336563f,0.2621381217925294f,0.9556002056484896f,-0.13458028112487153f,1.0060509076072248f,0.9459725570373833f,-0.22687207335229442f,0.2316570388850422f,0.1542674426558916f,0f,0f,0f,1f],start_interpolation:0}
execute if entity @s[tag=aj.tolerate.bone.microphone] run data modify entity @s {} merge value {transformation:[0.19083900658733227f,-0.20482116064291703f,-0.960014982027702f,-2.390922373023182f,0.2621381217925294f,0.9531059133439806f,-0.15123730707673125f,1.366619063643789f,0.9459725570373833f,-0.22279454683996394f,0.23558122002937743f,0.33591969895323703f,0f,0f,0f,1f],start_interpolation:0}
execute if entity @s[tag=aj.tolerate.bone.right_bend] run data modify entity @s {} merge value {transformation:[0.19083900658733227f,-0.960014982027702f,0.2048211606429168f,-2.7660775720767834f,0.2621381217925294f,-0.15123730707673103f,-0.9531059133439806f,1.1862680590188617f,0.9459725570373833f,0.23558122002937737f,0.222794546839964f,0.4641566316388462f,0f,0f,0f,1f],start_interpolation:0}
execute if entity @s[tag=aj.tolerate.bone.head] run data modify entity @s {} merge value {transformation:[-0.42700718198147225f,0f,-0.9042482328079177f,-2.625f,0f,1f,0f,1.475f,0.9042482328079177f,0f,-0.42700718198147225f,0.19444444444444434f,0f,0f,0f,1f],start_interpolation:0}
execute if entity @s[tag=aj.tolerate.bone.hair] run data modify entity @s {} merge value {transformation:[-0.42700718198147225f,0f,-0.9042482328079177f,-2.6368761191581105f,0f,1f,0f,1.06875f,0.9042482328079177f,0f,-0.42700718198147225f,0.20093194600936592f,0f,0f,0f,1f],start_interpolation:0}
execute if entity @s[tag=aj.tolerate.bone.outfit] run data modify entity @s {} merge value {transformation:[-0.42700718198147225f,0f,-0.9042482328079177f,-2.625f,0f,1f,0f,0.03749999999999998f,0.9042482328079177f,0f,-0.42700718198147225f,0.19444444444444434f,0f,0f,0f,1f],start_interpolation:0}
execute if entity @s[tag=aj.tolerate.bone.chest] run data modify entity @s {} merge value {transformation:[-0.42700718198147225f,0f,-0.9042482328079177f,-2.6368761191581105f,0f,1f,0f,0.725f,0.9042482328079177f,0f,-0.42700718198147225f,0.20093194600936592f,0f,0f,0f,1f],start_interpolation:0}
execute if entity @s[tag=aj.tolerate.bone.right_leg] run data modify entity @s {} merge value {transformation:[-3.4450928483976665e-16f,0f,-1f,-2.6875f,0f,1f,0f,0.725f,1f,0f,-3.4450928483976665e-16f,0.08819444444444413f,0f,0f,0f,1f],start_interpolation:0}
execute if entity @s[tag=aj.tolerate.bone.left_leg] run data modify entity @s {} merge value {transformation:[-3.4450928483976665e-16f,0f,-1f,-2.6875f,0f,1f,0f,0.725f,1f,0f,-3.4450928483976665e-16f,0.3006944444444445f,0f,0f,0f,1f],start_interpolation:0}