execute if entity @s[tag=aj.tolerate.bone.left_straight] run data modify entity @s {} merge value {transformation:[-3.431983230007545e-16f,-0.6087614290087207f,-0.7933533402912352f,-2.4201281112070787f,-0.08715574274765818f,0.790334391311505f,-0.606444907981242f,1.152152569749334f,0.9961946980917455f,0.06914529963441801f,-0.053057054501381096f,-0.014312729125643076f,0f,0f,0f,1f],start_interpolation:0}
execute if entity @s[tag=aj.tolerate.bone.left_bend] run data modify entity @s {} merge value {transformation:[-3.431983230007545e-16f,-0.6619317822595665f,-0.749564083741126f,-2.471000178407444f,-0.08715574274765818f,0.746711766102907f,-0.6594129319853999f,1.1598746032581857f,0.9961946980917455f,0.06532881445542549f,-0.05769115613111391f,-0.36967948736290707f,0f,0f,0f,1f],start_interpolation:0}
execute if entity @s[tag=aj.tolerate.bone.cup2] run data modify entity @s {} merge value {transformation:[-0.9990482215818578f,0f,-0.043619387365335875f,-1.92578125f,0f,1f,0f,1.252604375f,0.043619387365335875f,0f,-0.9990482215818578f,-0.41562500000000024f,0f,0f,0f,1f],start_interpolation:0}