execute if entity @s[tag=aj.tolerate.bone.left_straight] run data modify entity @s {} merge value {transformation:[0.21549584150928144f,-0.15954101223487008f,-0.9633837281723621f,-2.486234544090114f,-0.3930778243290669f,0.8889320148893537f,-0.23513761274088188f,0.985191401358436f,0.8938967313470465f,0.4293559575920972f,0.12884911861258255f,-0.132957508142584f,0f,0f,0f,1f],start_interpolation:0}
execute if entity @s[tag=aj.tolerate.bone.left_bend] run data modify entity @s {} merge value {transformation:[0.2370917364958415f,-0.9598508352107511f,-0.14991291682376753f,-2.617197006955272f,-0.270186383209625f,0.08307551300243016f,-0.9592172733366953f,1.1229004944164924f,0.9331595934316318f,0.26792691780522243f,-0.23964210794830168f,-0.4376182520729958f,0f,0f,0f,1f],start_interpolation:0}
execute if entity @s[tag=aj.tolerate.bone.right_straight] run data modify entity @s {} merge value {transformation:[0.4207710549311313f,-0.23868281704949135f,-0.8752041088668756f,-2.733196619055385f,0.2621381217925294f,0.9556002056484896f,-0.13458028112487153f,1.0060509076072248f,0.8684672270357863f,-0.17279687442162678f,0.46465677198862454f,0.06971452904401171f,0f,0f,0f,1f],start_interpolation:0}
execute if entity @s[tag=aj.tolerate.bone.microphone] run data modify entity @s {} merge value {transformation:[0.4207710549311313f,-0.2539208823238938f,-0.8709052215092054f,-2.3630318267109094f,0.2621381217925294f,0.9531059133439806f,-0.15123730707673125f,1.366619063643789f,0.8684672270357863f,-0.1646611777821102f,0.4676017237951336f,0.16194795839128917f,0f,0f,0f,1f],start_interpolation:0}
execute if entity @s[tag=aj.tolerate.bone.right_bend] run data modify entity @s {} merge value {transformation:[0.4207710549311313f,-0.8709052215092055f,0.25392088232389365f,-2.694340787914643f,0.2621381217925294f,-0.15123730707673103f,-0.9531059133439806f,1.1862680590188617f,0.8684672270357863f,0.46760172379513354f,0.1646611777821103f,0.37971045862414327f,0f,0f,0f,1f],start_interpolation:0}
execute if entity @s[tag=aj.tolerate.bone.head] run data modify entity @s {} merge value {transformation:[-0.18795275440011258f,0f,-0.9821780704706305f,-2.625f,0f,1f,0f,1.475f,0.9821780704706305f,0f,-0.18795275440011258f,0.08333333333333318f,0f,0f,0f,1f],start_interpolation:0}
execute if entity @s[tag=aj.tolerate.bone.hair] run data modify entity @s {} merge value {transformation:[-0.18795275440011258f,0f,-0.9821780704706305f,-2.634882464750314f,0f,1f,0f,1.06875f,0.9821780704706305f,0f,-0.18795275440011258f,0.09257815746747963f,0f,0f,0f,1f],start_interpolation:0}
execute if entity @s[tag=aj.tolerate.bone.outfit] run data modify entity @s {} merge value {transformation:[-0.18795275440011258f,0f,-0.9821780704706305f,-2.625f,0f,1f,0f,0.03749999999999998f,0.9821780704706305f,0f,-0.18795275440011258f,0.08333333333333318f,0f,0f,0f,1f],start_interpolation:0}
execute if entity @s[tag=aj.tolerate.bone.chest] run data modify entity @s {} merge value {transformation:[-0.18795275440011258f,0f,-0.9821780704706305f,-2.634882464750314f,0f,1f,0f,0.725f,0.9821780704706305f,0f,-0.18795275440011258f,0.09257815746747963f,0f,0f,0f,1f],start_interpolation:0}
execute if entity @s[tag=aj.tolerate.bone.right_leg] run data modify entity @s {} merge value {transformation:[-3.4450928483976665e-16f,0f,-1f,-2.6875f,0f,1f,0f,0.725f,1f,0f,-3.4450928483976665e-16f,-0.02291666666666703f,0f,0f,0f,1f],start_interpolation:0}
execute if entity @s[tag=aj.tolerate.bone.left_leg] run data modify entity @s {} merge value {transformation:[-3.4450928483976665e-16f,0f,-1f,-2.6875f,0f,1f,0f,0.725f,1f,0f,-3.4450928483976665e-16f,0.18958333333333333f,0f,0f,0f,1f],start_interpolation:0}