execute if entity @s[tag=aj.tolerate.bone.left_straight] run data modify entity @s {} merge value {transformation:[-0.15195153415606602f,-0.28284340337944575f,-0.9470535045246123f,-2.4725109615783216f,-0.45625603195753606f,0.8700546090406953f,-0.18664246727207262f,0.9674533747052223f,0.8767788572781517f,0.40373826478521335f,-0.2612551415345606f,-0.03917003887757031f,0f,0f,0f,1f],start_interpolation:0}
execute if entity @s[tag=aj.tolerate.bone.left_bend] run data modify entity @s {} merge value {transformation:[-0.14306468853226947f,-0.9866773338448661f,-0.07746182138286678f,-2.4737952057681927f,-0.3373044377284537f,0.12218959335932289f,-0.9334320647821002f,1.1299795216097392f,0.930461289460156f,-0.10741295150711455f,-0.35029165942778867f,-0.35935238094540595f,0f,0f,0f,1f],start_interpolation:0}
execute if entity @s[tag=aj.tolerate.bone.right_straight] run data modify entity @s {} merge value {transformation:[0.30825068675076644f,-0.2150654310641492f,-0.9266759813866292f,-2.7306260597539787f,0.2621381217925294f,0.9556002056484896f,-0.13458028112487153f,1.0060509076072248f,0.9144753245554337f,-0.20143263719108706f,0.35094126781197726f,0.11177587160685495f,0f,0f,0f,1f],start_interpolation:0}
execute if entity @s[tag=aj.tolerate.bone.microphone] run data modify entity @s {} merge value {transformation:[0.30825068675076644f,-0.23120540142013343f,-0.9227814348326671f,-2.3749935527349333f,0.2621381217925294f,0.9531059133439806f,-0.15123730707673125f,1.366619063643789f,0.9144753245554337f,-0.19527718838331173f,0.35440330201106f,0.24981390597397038f,0f,0f,0f,1f],start_interpolation:0}
execute if entity @s[tag=aj.tolerate.bone.right_bend] run data modify entity @s {} merge value {transformation:[0.30825068675076644f,-0.9227814348326671f,0.23120540142013324f,-2.731050583620702f,0.2621381217925294f,-0.15123730707673103f,-0.9531059133439806f,1.1862680590188617f,0.9144753245554337f,0.35440330201105996f,0.19527718838331182f,0.4241971764971814f,0f,0f,0f,1f],start_interpolation:0}
execute if entity @s[tag=aj.tolerate.bone.head] run data modify entity @s {} merge value {transformation:[-0.30993901938630536f,0f,-0.9507564379281664f,-2.625f,0f,1f,0f,1.475f,0.9507564379281664f,0f,-0.30993901938630536f,0.1388888888888885f,0f,0f,0f,1f],start_interpolation:0}
execute if entity @s[tag=aj.tolerate.bone.hair] run data modify entity @s {} merge value {transformation:[-0.30993901938630536f,0f,-0.9507564379281664f,-2.6359662983892775f,0f,1f,0f,1.06875f,0.9507564379281664f,0f,-0.30993901938630536f,0.14681796086799304f,0f,0f,0f,1f],start_interpolation:0}
execute if entity @s[tag=aj.tolerate.bone.outfit] run data modify entity @s {} merge value {transformation:[-0.30993901938630536f,0f,-0.9507564379281664f,-2.625f,0f,1f,0f,0.03749999999999998f,0.9507564379281664f,0f,-0.30993901938630536f,0.1388888888888885f,0f,0f,0f,1f],start_interpolation:0}
execute if entity @s[tag=aj.tolerate.bone.chest] run data modify entity @s {} merge value {transformation:[-0.30993901938630536f,0f,-0.9507564379281664f,-2.6359662983892775f,0f,1f,0f,0.725f,0.9507564379281664f,0f,-0.30993901938630536f,0.14681796086799304f,0f,0f,0f,1f],start_interpolation:0}
execute if entity @s[tag=aj.tolerate.bone.right_leg] run data modify entity @s {} merge value {transformation:[-3.4450928483976665e-16f,0f,-1f,-2.6875f,0f,1f,0f,0.725f,1f,0f,-3.4450928483976665e-16f,0.0326388888888883f,0f,0f,0f,1f],start_interpolation:0}
execute if entity @s[tag=aj.tolerate.bone.left_leg] run data modify entity @s {} merge value {transformation:[-3.4450928483976665e-16f,0f,-1f,-2.6875f,0f,1f,0f,0.725f,1f,0f,-3.4450928483976665e-16f,0.24513888888888866f,0f,0f,0f,1f],start_interpolation:0}