execute if entity @s[tag=aj.tolerate.bone.left_straight] run data modify entity @s {} merge value {transformation:[-3.431983230007545e-16f,-0.7071067811865477f,-0.7071067811865475f,-2.3985081342000627f,-0.08715574274765818f,0.7044160264027586f,-0.7044160264027588f,1.1907884237028967f,0.9961946980917455f,0.06162841671621912f,-0.0616284167162196f,-0.010932529899063126f,0f,0f,0f,1f],start_interpolation:0}
execute if entity @s[tag=aj.tolerate.bone.left_bend] run data modify entity @s {} merge value {transformation:[-3.431983230007545e-16f,-0.797528515115709f,-0.6032812508087189f,-2.4459063856264733f,-0.08715574274765818f,0.6009855835138023f,-0.7944936783352519f,1.1920939900989656f,0.9961946980917455f,0.052579425499969884f,-0.06950919009734674f,-0.36686065626858255f,0f,0f,0f,1f],start_interpolation:0}
execute if entity @s[tag=aj.tolerate.bone.cup2] run data modify entity @s {} merge value {transformation:[-0.9990482215818578f,0f,-0.043619387365335875f,-1.90625f,0f,1f,0f,1.330729375f,0.043619387365335875f,0f,-0.9990482215818578f,-0.41562500000000024f,0f,0f,0f,1f],start_interpolation:0}