execute if entity @s[tag=aj.tolerate.bone.left_straight] run data modify entity @s {} merge value {transformation:[-3.5013721690466173e-16f,-0.8191520442889917f,-0.5735764363510463f,-2.378086457078962f,-0.08715574274765817f,0.5713938048432698f,-0.8160349234517081f,1.248421252536899f,0.9961946980917455f,0.04999048033273003f,-0.07139380484326985f,-0.00589031072915791f,0f,0f,0f,1f],start_interpolation:0}
execute if entity @s[tag=aj.tolerate.bone.left_bend] run data modify entity @s {} merge value {transformation:[-3.5013721690466173e-16f,-0.9282126670804614f,-0.3720500566743362f,-2.419603697677342f,-0.08715574274765817f,0.37063429388370733f,-0.924680537647154f,1.2419773231837739f,0.9961946980917455f,0.032426299028759764f,-0.08089906442718249f,-0.36249643012477417f,0f,0f,0f,1f],start_interpolation:0}
execute if entity @s[tag=aj.tolerate.bone.cup2] run data modify entity @s {} merge value {transformation:[-0.9990482215818578f,0f,-0.043619387365335875f,-1.84375f,0f,1f,0f,1.533854375f,0.043619387365335875f,0f,-0.9990482215818578f,-0.36875000000000024f,0f,0f,0f,1f],start_interpolation:0}