execute if entity @s[tag=aj.tolerate.bone.left_straight2] run data modify entity @s {} merge value {transformation:[-0.012245447573958523f,0.8714830942312037f,0.49027264402872844f,2.6487558941829192f,-0.34450485800806036f,0.45661323597082215f,-0.8202565181363086f,0.9743183527241546f,-0.9387046669866724f,-0.17894571580638932f,0.29463872619188974f,0.14465747603947599f,0f,0f,0f,1f],start_interpolation:0}
execute if entity @s[tag=aj.tolerate.bone.left_bend2] run data modify entity @s {} merge value {transformation:[-0.012245447573958523f,0.9502323538655558f,-0.31130133742218086f,2.677538360068882f,-0.34450485800806036f,-0.29627311030309655f,-0.8908078619546278f,0.9871856454177566f,-0.9387046669866724f,0.0963364820743123f,0.3309876589829085f,0.3176641805889616f,0f,0f,0f,1f],start_interpolation:0}
execute if entity @s[tag=aj.tolerate.bone.right_straight2] run data modify entity @s {} merge value {transformation:[-0.1736481776669304f,2.2856289738338535e-17f,0.984807753012208f,3.08125f,0.22604005111554215f,0.9733022747597858f,0.03985695973239063f,1.3114797975439418f,-0.9585156262078555f,0.2295270832547356f,-0.16901216633111482f,-0.30466226887861125f,0f,0f,0f,1f],start_interpolation:0}
execute if entity @s[tag=aj.tolerate.bone.right_bend2] run data modify entity @s {} merge value {transformation:[-0.17216259343480458f,0.5834291230504167f,0.7937068097215897f,3.08125f,0.35114768694668697f,0.7891543158224122f,-0.503915437122988f,0.9236796724443397f,-0.9203560959616629f,0.1919529218206436f,-0.3407326406887432f,-0.39611446611292f,0f,0f,0f,1f],start_interpolation:0}
execute if entity @s[tag=aj.tolerate.bone.head2] run data modify entity @s {} merge value {transformation:[-9.957992501029599e-17f,-0.25881904510252074f,0.9659258262890683f,3.01875f,0f,0.9659258262890683f,0.25881904510252074f,1.35f,-1f,2.577318110254543e-17f,-9.618682134737361e-17f,0.043750000000000545f,0f,0f,0f,1f],start_interpolation:0}