execute if entity @s[tag=aj.tolerate.bone.left_straight] run data modify entity @s {} merge value {transformation:[0.019144646198290233f,-0.40765527574398197f,-0.9129351886525354f,-2.610459716944542f,-0.3285923518793751f,0.8598150901879325f,-0.39082614673470684f,1.0278362910590875f,0.9442777921821116f,0.30746574905705454f,-0.11749155011515124f,-0.12156248725279967f,0f,0f,0f,1f],start_interpolation:0}
execute if entity @s[tag=aj.tolerate.bone.left_bend] run data modify entity @s {} merge value {transformation:[0.00973588160981043f,-0.9973047709254571f,0.07272143080688936f,-2.6721292715960066f,-0.2028735797956519f,-0.07318243076393322f,-0.9764664062057533f,1.1338193411795254f,0.9791565366325126f,-0.005246495668879192f,-0.2030392845067659f,-0.45904965589639585f,0f,0f,0f,1f],start_interpolation:0}
execute if entity @s[tag=aj.tolerate.bone.left_straight2] run data modify entity @s {} merge value {transformation:[-0.0051023752064900405f,0.4003376903442793f,0.9163534795356321f,2.863883680546566f,-0.19617998510764106f,0.898157296834861f,-0.39348047421118765f,0.8859033818415553f,-0.9805546283662211f,-0.18177789698448846f,0.07395550660686984f,0.11536001743904883f,0f,0f,0f,1f],start_interpolation:0}
execute if entity @s[tag=aj.tolerate.bone.left_bend2] run data modify entity @s {} merge value {transformation:[-0.0051023752064900405f,0.9460708763047868f,0.323919531327064f,2.9147066345823287f,-0.19617998510764106f,0.3166820385269749f,-0.928022575112031f,0.8972452409924102f,-0.9805546283662211f,-0.06828164821013213f,0.18398433984252527f,0.2833293805886821f,0f,0f,0f,1f],start_interpolation:0}