execute if entity @s[tag=aj.tolerate.bone.left_straight] run data modify entity @s {} merge value {transformation:[-3.466677699527081e-16f,-0.6427876096865394f,-0.7660444431189781f,-2.41236072592192f,-0.08715574274765818f,0.7631294127377697f,-0.6403416087687969f,1.1645429284114779f,0.9961946980917455f,0.0667651724177505f,-0.05602263155122239f,-0.01322871320568525f,0f,0f,0f,1f],start_interpolation:0}
execute if entity @s[tag=aj.tolerate.bone.left_bend] run data modify entity @s {} merge value {transformation:[-3.466677699527081e-16f,-0.710347032880664f,-0.7038516128259116f,-2.462168932081833f,-0.08715574274765818f,0.7011732449404972f,-0.7076439479609203f,1.1700764702233364f,0.9961946980917455f,0.06134471009997921f,-0.06191082325930967f,-0.36878693965665676f,0f,0f,0f,1f],start_interpolation:0}
execute if entity @s[tag=aj.tolerate.bone.cup2] run data modify entity @s {} merge value {transformation:[-0.9990482215818578f,0f,-0.043619387365335875f,-1.90625f,0f,1f,0f,1.268229375f,0.043619387365335875f,0f,-0.9990482215818578f,-0.41562500000000024f,0f,0f,0f,1f],start_interpolation:0}