execute if entity @s[tag=aj.tolerate.bone.left_straight2] run data modify entity @s {} merge value {transformation:[0.048001120953271734f,0.9106202101794919f,0.4104469822034112f,2.649333751920707f,-0.3141736247169271f,0.4038290696214679f,-0.8591955633386891f,1.0027863406508728f,-0.9481512674249066f,-0.08770926599463495f,0.30547710018792823f,0.10671652731201825f,0f,0f,0f,1f],start_interpolation:0}
execute if entity @s[tag=aj.tolerate.bone.left_bend2] run data modify entity @s {} merge value {transformation:[0.048001120953271734f,0.9139551067679785f,-0.4029664442605143f,2.6636907515096118f,-0.3141736247169271f,-0.36914061442536417f,-0.8746600141277137f,1.0084592354699211f,-0.9481512674249066f,0.16858608956375204f,0.269421425440045f,0.28189361545424263f,0f,0f,0f,1f],start_interpolation:0}
execute if entity @s[tag=aj.tolerate.bone.right_straight2] run data modify entity @s {} merge value {transformation:[-0.1736481776669304f,1.9918543586350934e-17f,0.984807753012208f,3.08125f,0.19698685403229435f,0.9797906520422677f,0.034734097210773564f,1.3113480023803916f,-0.9649054304601119f,0.20002569377604443f,-0.17013886122223332f,-0.3040630219048253f,0f,0f,0f,1f],start_interpolation:0}
execute if entity @s[tag=aj.tolerate.bone.right_bend2] run data modify entity @s {} merge value {transformation:[-0.17216259343480458f,0.5834291230504167f,0.7937068097215897f,3.08125f,0.3231899471723898f,0.7945918508175931f,-0.5139767005040013f,0.9209626644573004f,-0.9305419385866014f,0.1680305001804539f,-0.3253574212164161f,-0.38376075926871805f,0f,0f,0f,1f],start_interpolation:0}
execute if entity @s[tag=aj.tolerate.bone.head2] run data modify entity @s {} merge value {transformation:[-9.957992501029599e-17f,-0.17364817766693041f,0.984807753012208f,3.01875f,0f,0.984807753012208f,0.17364817766693041f,1.35f,-1f,1.7291872510247486e-17f,-9.806708219451377e-17f,0.043750000000000545f,0f,0f,0f,1f],start_interpolation:0}