execute if entity @s[tag=aj.reputation.bone.left_straight] run data modify entity @s {} merge value {transformation:[-0.9953961983671789f,-0.09584575252022398f,1.2246467991473532e-16f,0.027835639993228023f,-0.09584575252022398f,0.9953961983671789f,0f,0.9990386827857013f,-1.2190087682138094e-16f,-1.1737719403576166e-17f,-1f,-0.007968749999999997f,0f,0f,0f,1f],start_interpolation:0}
execute if entity @s[tag=aj.reputation.bone.left_bend] run data modify entity @s {} merge value {transformation:[-0.9953961983671789f,-0.09584575252022398f,1.2246467991473532e-16f,0.379692157195084f,-0.09584575252022398f,0.9953961983671789f,0f,1.045476425612308f,-1.2190087682138094e-16f,-1.1737719403576166e-17f,-1f,-0.06249999999999995f,0f,0f,0f,1f],start_interpolation:0}
execute if entity @s[tag=aj.reputation.bone.group] run data modify entity @s {} merge value {transformation:[-0.7739043865708405f,0.12485620781035922f,-0.6208727146667241f,-0.10593673900750955f,0.2621381217925294f,0.9556002056484896f,-0.13458028112487153f,2.359857359733942f,0.5765029102697541f,-0.2669066772034391f,-0.7722727627689087f,0.18675689251554395f,0f,0f,0f,1f],start_interpolation:0}
execute if entity @s[tag=aj.reputation.bone.group2] run data modify entity @s {} merge value {transformation:[-0.7739043865708405f,0.12485620781035922f,-0.6208727146667241f,-0.10593673900750955f,0.2621381217925294f,0.9556002056484896f,-0.13458028112487153f,2.359857359733942f,0.5765029102697541f,-0.2669066772034391f,-0.7722727627689087f,0.18675689251554395f,0f,0f,0f,1f],start_interpolation:0}
execute if entity @s[tag=aj.reputation.bone.right_bend] run data modify entity @s {} merge value {transformation:[-0.7739043865708405f,-0.6208727146667241f,-0.12485620781035936f,-0.3041279051305913f,0.2621381217925294f,-0.1345802811248713f,-0.9556002056484896f,1.1487680590188616f,0.5765029102697541f,-0.7722727627689088f,0.2669066772034389f,-0.012400104239321932f,0f,0f,0f,1f],start_interpolation:0}