execute if entity @s[tag=aj.stage.bone.left_straight] run data modify entity @s {} merge value {transformation:[-3.427758926607039e-16f,-3.451571745545888e-17f,-1f,-27.94546875f,-0.10018806161207629f,0.9949685182509117f,0f,0.9976642460747384f,0.9949685182509117f,0.10018806161207629f,-3.4450928483976665e-16f,-0.09216997755756207f,0f,0f,0f,1f],start_interpolation:0}
execute if entity @s[tag=aj.stage.bone.left_bend] run data modify entity @s {} merge value {transformation:[-3.427758926607039e-16f,-3.451571745545888e-17f,-1f,-28f,-0.10018806161207629f,0.9949685182509117f,0f,1.045636805655908f,0.9949685182509117f,0.10018806161207629f,-3.4450928483976665e-16f,-0.44382052310453207f,0f,0f,0f,1f],start_interpolation:0}
execute if entity @s[tag=aj.stage.bone.microphone] run data modify entity @s {} merge value {transformation:[0.576502910269754f,-0.26015724853628863f,-0.7745725275818472f,-27.65997415280801f,0.2621381217925294f,0.9567382389213985f,-0.1262360776032983f,1.319126578520041f,0.7739043865708406f,-0.13026952145305765f,0.6197595116065603f,-0.03519972475991989f,0f,0f,0f,1f],start_interpolation:0}
execute if entity @s[tag=aj.stage.bone.right_bend] run data modify entity @s {} merge value {transformation:[0.576502910269754f,-0.7745725275818474f,0.26015724853628847f,-27.949900104239322f,0.2621381217925294f,-0.12623607760329808f,-0.9567382389213985f,1.1487680590188616f,0.7739043865708406f,0.6197595116065603f,0.13026952145305778f,0.24162790513058785f,0f,0f,0f,1f],start_interpolation:0}