execute if entity @s[tag=aj.stage.bone.left_straight] run data modify entity @s {} merge value {transformation:[-3.4220883106559317e-16f,-3.974623606742868e-17f,-1f,-27.94546875f,-0.1153705801743918f,0.9933225202471875f,0f,0.9929170207486102f,0.9933225202471875f,0.1153705801743918f,-3.4450928483976665e-16f,-0.09863701841740524f,0f,0f,0f,1f],start_interpolation:0}
execute if entity @s[tag=aj.stage.bone.left_bend] run data modify entity @s {} merge value {transformation:[-3.4220883106559317e-16f,-3.974623606742868e-17f,-1f,-28f,-0.1153705801743918f,0.9933225202471875f,0f,1.0462540549073047f,0.9933225202471875f,0.1153705801743918f,-3.4450928483976665e-16f,-0.44951396756540035f,0f,0f,0f,1f],start_interpolation:0}
execute if entity @s[tag=aj.stage.bone.microphone] run data modify entity @s {} merge value {transformation:[0.576502910269754f,-0.23638161544615222f,-0.7821560754284093f,-27.653867707364657f,0.2621381217925294f,0.960147069563343f,-0.09695983659232361f,1.3073210454841582f,0.7739043865708406f,-0.14913529658666477f,0.6154922125895813f,-0.03574979699118963f,0f,0f,0f,1f],start_interpolation:0}
execute if entity @s[tag=aj.stage.bone.right_bend] run data modify entity @s {} merge value {transformation:[0.576502910269754f,-0.7821560754284093f,0.23638161544615205f,-27.949900104239322f,0.2621381217925294f,-0.0969598365923234f,-0.960147069563343f,1.1487680590188616f,0.7739043865708406f,0.6154922125895813f,0.1491352965866649f,0.24162790513058785f,0f,0f,0f,1f],start_interpolation:0}