execute if entity @s[tag=aj.stage.bone.left_straight] run data modify entity @s {} merge value {transformation:[-3.420321483632964e-16f,-4.123902068181858e-17f,-1f,-27.94546875f,-0.11970365530496252f,0.992809667009055f,0f,0.9915788637930122f,0.992809667009055f,0.11970365530496252f,-3.4450928483976665e-16f,-0.10049798766340151f,0f,0f,0f,1f],start_interpolation:0}
execute if entity @s[tag=aj.stage.bone.left_bend] run data modify entity @s {} merge value {transformation:[-3.420321483632964e-16f,-4.123902068181858e-17f,-1f,-28f,-0.11970365530496252f,0.992809667009055f,0f,1.0464463748716044f,0.992809667009055f,0.11970365530496252f,-3.4450928483976665e-16f,-0.4511388707393644f,0f,0f,0f,1f],start_interpolation:0}
execute if entity @s[tag=aj.stage.bone.microphone] run data modify entity @s {} merge value {transformation:[0.576502910269754f,-0.22954710200105471f,-0.7841890858800711f,-27.652173727155915f,0.2621381217925294f,0.9609566335609285f,-0.08857738717264321f,1.303920275912716f,0.7739043865708406f,-0.15450073261368275f,0.6141673420723754f,-0.03585977591578232f,0f,0f,0f,1f],start_interpolation:0}
execute if entity @s[tag=aj.stage.bone.right_bend] run data modify entity @s {} merge value {transformation:[0.576502910269754f,-0.7841890858800711f,0.22954710200105455f,-27.949900104239322f,0.2621381217925294f,-0.088577387172643f,-0.9609566335609285f,1.1487680590188616f,0.7739043865708406f,0.6141673420723754f,0.15450073261368288f,0.24162790513058785f,0f,0f,0f,1f],start_interpolation:0}