execute if entity @s[tag=aj.stage.bone.left_straight] run data modify entity @s {} merge value {transformation:[-3.42294729436061e-16f,-3.899955821674477e-17f,-1f,-27.94546875f,-0.11320321376790671f,0.9935718556765875f,0f,0.9935891410420179f,0.9935718556765875f,0.11320321376790671f,-3.4450928483976665e-16f,-0.09770872777477696f,0f,0f,0f,1f],start_interpolation:0}
execute if entity @s[tag=aj.stage.bone.left_bend] run data modify entity @s {} merge value {transformation:[-3.42294729436061e-16f,-3.899955821674477e-17f,-1f,-28f,-0.11320321376790671f,0.9935718556765875f,0f,1.0461605541212797f,0.9935718556765875f,0.11320321376790671f,-3.4450928483976665e-16f,-0.44870120516296846f,0f,0f,0f,1f],start_interpolation:0}
execute if entity @s[tag=aj.stage.bone.microphone] run data modify entity @s {} merge value {transformation:[0.576502910269754f,-0.23979215412957902f,-0.7811172237688786f,-27.65472319973418f,0.2621381217925294f,0.959714863900001f,-0.10114833222790919f,1.3090169002642118f,0.7739043865708406f,-0.14644829404024712f,0.6161370769716039f,-0.03568693954431351f,0f,0f,0f,1f],start_interpolation:0}
execute if entity @s[tag=aj.stage.bone.right_bend] run data modify entity @s {} merge value {transformation:[0.576502910269754f,-0.7811172237688786f,0.23979215412957886f,-27.949900104239322f,0.2621381217925294f,-0.10114833222790898f,-0.959714863900001f,1.1487680590188616f,0.7739043865708406f,0.6161370769716039f,0.14644829404024726f,0.24162790513058785f,0f,0f,0f,1f],start_interpolation:0}