execute if entity @s[tag=aj.stage.bone.left_straight] run data modify entity @s {} merge value {transformation:[-3.4306404343866235e-16f,-3.1523157207409805e-17f,-1f,-27.94546875f,-0.0915016186634024f,0.9958049275746618f,0f,1.000421110195143f,0.9958049275746618f,0.0915016186634024f,-3.4450928483976665e-16f,-0.08850731698293329f,0f,0f,0f,1f],start_interpolation:0}
execute if entity @s[tag=aj.stage.bone.left_bend] run data modify entity @s {} merge value {transformation:[-3.4306404343866235e-16f,-3.1523157207409805e-17f,-1f,-28f,-0.0915016186634024f,0.9958049275746618f,0f,1.0453231521595017f,0.9958049275746618f,0.0915016186634024f,-3.4450928483976665e-16f,-0.4405631069987793f,0f,0f,0f,1f],start_interpolation:0}
execute if entity @s[tag=aj.stage.bone.microphone] run data modify entity @s {} merge value {transformation:[0.576502910269754f,-0.273635779893749f,-0.7699141863951096f,-27.663585940347687f,0.2621381217925294f,0.9543893997201639f,-0.14291423583698823f,1.3258016811703799f,0.7739043865708406f,-0.11943338588403574f,0.6219386358658592f,-0.03477020509039058f,0f,0f,0f,1f],start_interpolation:0}
execute if entity @s[tag=aj.stage.bone.right_bend] run data modify entity @s {} merge value {transformation:[0.576502910269754f,-0.7699141863951097f,0.2736357798937488f,-27.949900104239322f,0.2621381217925294f,-0.142914235836988f,-0.9543893997201639f,1.1487680590188616f,0.7739043865708406f,0.6219386358658592f,0.11943338588403588f,0.24162790513058785f,0f,0f,0f,1f],start_interpolation:0}