execute if entity @s[tag=aj.stage.bone.left_straight] run data modify entity @s {} merge value {transformation:[-3.4184895386192355e-16f,-4.2731020164699466e-17f,-1f,-27.94546875f,-0.12403445145048535f,0.992277912105967f,0f,0.9902488395600937f,0.992277912105967f,0.12403445145048535f,-3.4450928483976665e-16f,-0.10236477798698063f,0f,0f,0f,1f],start_interpolation:0}
execute if entity @s[tag=aj.stage.bone.left_bend] run data modify entity @s {} merge value {transformation:[-3.4184895386192355e-16f,-4.2731020164699466e-17f,-1f,-28f,-0.12403445145048535f,0.992277912105967f,0f,1.0466457829602622f,0.992277912105967f,0.12403445145048535f,-3.4450928483976665e-16f,-0.4527629192939354f,0f,0f,0f,1f],start_interpolation:0}
execute if entity @s[tag=aj.stage.bone.microphone] run data modify entity @s {} merge value {transformation:[0.576502910269754f,-0.22269510765541223f,-0.7861623772967314f,-27.65050252697687f,0.2621381217925294f,0.9616930169903736f,-0.08018819224198857f,1.300507642239856f,0.7739043865708406f,-0.1598544028117381f,0.6127957003342251f,-0.03594876673517583f,0f,0f,0f,1f],start_interpolation:0}
execute if entity @s[tag=aj.stage.bone.right_bend] run data modify entity @s {} merge value {transformation:[0.576502910269754f,-0.7861623772967314f,0.22269510765541206f,-27.949900104239322f,0.2621381217925294f,-0.08018819224198837f,-0.9616930169903736f,1.1487680590188616f,0.7739043865708406f,0.6127957003342251f,0.15985440281173824f,0.24162790513058785f,0f,0f,0f,1f],start_interpolation:0}