execute if entity @s[tag=aj.stage.bone.left_straight] run data modify entity @s {} merge value {transformation:[-3.426997753604454e-16f,-3.526345571136955e-17f,-1f,-27.94546875f,-0.10235850603495576f,0.9947475741323987f,0f,0.996980032414422f,0.9947475741323987f,0.10235850603495576f,-3.4450928483976665e-16f,-0.09308939088846291f,0f,0f,0f,1f],start_interpolation:0}
execute if entity @s[tag=aj.stage.bone.left_bend] run data modify entity @s {} merge value {transformation:[-3.426997753604454e-16f,-3.526345571136955e-17f,-1f,-28f,-0.10235850603495576f,0.9947475741323987f,0f,1.0457196597003504f,0.9947475741323987f,0.10235850603495576f,-3.4450928483976665e-16f,-0.44463443976311184f,0f,0f,0f,1f],start_interpolation:0}
execute if entity @s[tag=aj.stage.bone.microphone] run data modify entity @s {} merge value {transformation:[0.576502910269754f,-0.25677507252547954f,-0.7757003007476783f,-27.6590850295227f,0.2621381217925294f,0.9572799385123946f,-0.1220603310858646f,1.317449584408033f,0.7739043865708406f,-0.13297248381240592f,0.6191852057302163f,-0.035294023327105406f,0f,0f,0f,1f],start_interpolation:0}
execute if entity @s[tag=aj.stage.bone.right_bend] run data modify entity @s {} merge value {transformation:[0.576502910269754f,-0.7757003007476784f,0.2567750725254794f,-27.949900104239322f,0.2621381217925294f,-0.1220603310858644f,-0.9572799385123946f,1.1487680590188616f,0.7739043865708406f,0.6191852057302163f,0.13297248381240606f,0.24162790513058785f,0f,0f,0f,1f],start_interpolation:0}