execute if entity @s[tag=aj.stage.bone.left_straight] run data modify entity @s {} merge value {transformation:[-3.429232324316993e-16f,-3.301975165567163e-17f,-1f,-27.94546875f,-0.09584575252022398f,0.9953961983671789f,0f,0.9990386827857012f,0.9953961983671789f,0.09584575252022398f,-3.4450928483976665e-16f,-0.0903356399932308f,0f,0f,0f,1f],start_interpolation:0}
execute if entity @s[tag=aj.stage.bone.left_bend] run data modify entity @s {} merge value {transformation:[-3.429232324316993e-16f,-3.301975165567163e-17f,-1f,-28f,-0.09584575252022398f,0.9953961983671789f,0f,1.045476425612308f,0.9953961983671789f,0.09584575252022398f,-3.4450928483976665e-16f,-0.4421921571950874f,0f,0f,0f,1f],start_interpolation:0}
execute if entity @s[tag=aj.stage.bone.microphone] run data modify entity @s {} merge value {transformation:[0.576502910269754f,-0.266906677203439f,-0.7722727627689088f,-27.661769021922424f,0.2621381217925294f,0.9556002056484896f,-0.13458028112487153f,1.3224707682418255f,0.7739043865708406f,-0.12485620781035929f,0.620872714666724f,-0.034995426065961066f,0f,0f,0f,1f],start_interpolation:0}
execute if entity @s[tag=aj.stage.bone.right_bend] run data modify entity @s {} merge value {transformation:[0.576502910269754f,-0.7722727627689089f,0.26690667720343886f,-27.949900104239322f,0.2621381217925294f,-0.1345802811248713f,-0.9556002056484896f,1.1487680590188616f,0.7739043865708406f,0.620872714666724f,0.12485620781035943f,0.24162790513058785f,0f,0f,0f,1f],start_interpolation:0}