execute if entity @s[tag=aj.stage.bone.left_straight] run data modify entity @s {} merge value {transformation:[-3.431319998130129e-16f,-3.0774633143711044e-17f,-1f,-27.94546875f,-0.08932889329245368f,0.9960021831417567f,0f,1.0011153121929022f,0.9960021831417567f,0.08932889329245368f,-3.4450928483976665e-16f,-0.08759542181773666f,0f,0f,0f,1f],start_interpolation:0}
execute if entity @s[tag=aj.stage.bone.left_bend] run data modify entity @s {} merge value {transformation:[-3.431319998130129e-16f,-3.0774633143711044e-17f,-1f,-28f,-0.08932889329245368f,0.9960021831417567f,0f,1.0452491813218412f,0.9960021831417567f,0.08932889329245368f,-3.4450928483976665e-16f,-0.4397483349846736f,0f,0f,0f,1f],start_interpolation:0}
execute if entity @s[tag=aj.stage.bone.microphone] run data modify entity @s {} merge value {transformation:[0.576502910269754f,-0.2769925487962991f,-0.7687128998279097f,-27.664502624878015f,0.2621381217925294f,0.9537567356087899f,-0.147077171525529f,1.3274620795278234f,0.7739043865708406f,-0.11671853833986578f,0.622453840259835f,-0.03464975404462506f,0f,0f,0f,1f],start_interpolation:0}
execute if entity @s[tag=aj.stage.bone.right_bend] run data modify entity @s {} merge value {transformation:[0.576502910269754f,-0.7687128998279098f,0.2769925487962989f,-27.949900104239322f,0.2621381217925294f,-0.14707717152552877f,-0.9537567356087899f,1.1487680590188616f,0.7739043865708406f,0.622453840259835f,0.11671853833986592f,0.24162790513058785f,0f,0f,0f,1f],start_interpolation:0}