execute if entity @s[tag=aj.stage.bone.left_straight] run data modify entity @s {} merge value {transformation:[-3.41561960149953e-16f,-4.496748513458788e-17f,-1f,-27.94546875f,-0.13052619222005157f,0.9914448613738104f,0f,0.9882691074145988f,0.9914448613738104f,0.13052619222005157f,-3.4450928483976665e-16f,-0.10517580021674938f,0f,0f,0f,1f],start_interpolation:0}
execute if entity @s[tag=aj.stage.bone.left_bend] run data modify entity @s {} merge value {transformation:[-3.41561960149953e-16f,-4.496748513458788e-17f,-1f,-28f,-0.13052619222005157f,0.9914448613738104f,0f,1.046958176984821f,0.9914448613738104f,0.13052619222005157f,-3.4450928483976665e-16f,-0.4551973220825228f,0f,0f,0f,1f],start_interpolation:0}
execute if entity @s[tag=aj.stage.bone.microphone] run data modify entity @s {} merge value {transformation:[0.576502910269754f,-0.21238548125306173f,-0.7890100137535705f,-27.64803871718679f,0.2621381217925294f,0.9626602574225924f,-0.06759314966883313f,1.2953670152816095f,0.7739043865708406f,-0.16786195558247738f,0.610650771156835f,-0.03604288587951204f,0f,0f,0f,1f],start_interpolation:0}
execute if entity @s[tag=aj.stage.bone.right_bend] run data modify entity @s {} merge value {transformation:[0.576502910269754f,-0.7890100137535705f,0.21238548125306156f,-27.949900104239322f,0.2621381217925294f,-0.06759314966883292f,-0.9626602574225924f,1.1487680590188616f,0.7739043865708406f,0.610650771156835f,0.16786195558247752f,0.24162790513058785f,0f,0f,0f,1f],start_interpolation:0}