execute if entity @s[tag=aj.stage.bone.left_straight] run data modify entity @s {} merge value {transformation:[-3.4246163817140854e-16f,-3.750564919799069e-17f,-1f,-27.94546875f,-0.10886687485196457f,0.9940563382223196f,0f,0.9949394492647949f,0.9940563382223196f,0.10886687485196457f,-3.4450928483976665e-16f,-0.09585655654191f,0f,0f,0f,1f],start_interpolation:0}
execute if entity @s[tag=aj.stage.bone.left_bend] run data modify entity @s {} merge value {transformation:[-3.4246163817140854e-16f,-3.750564919799069e-17f,-1f,-28f,-0.10886687485196457f,0.9940563382223196f,0f,1.04597887316663f,0.9940563382223196f,0.10886687485196457f,-3.4450928483976665e-16f,-0.44707507806949015f,0f,0f,0f,1f],start_interpolation:0}
execute if entity @s[tag=aj.stage.bone.microphone] run data modify entity @s {} merge value {transformation:[0.576502910269754f,-0.24659947076072464f,-0.7789949264732311f,-27.656451107567122f,0.2621381217925294f,0.9587956463869264f,-0.10951946663749446f,1.312399388380447f,0.7739043865708406f,-0.14106597566389553f,0.617391602596281f,-0.03554549466495466f,0f,0f,0f,1f],start_interpolation:0}
execute if entity @s[tag=aj.stage.bone.right_bend] run data modify entity @s {} merge value {transformation:[0.576502910269754f,-0.7789949264732311f,0.24659947076072447f,-27.949900104239322f,0.2621381217925294f,-0.10951946663749425f,-0.9587956463869264f,1.1487680590188616f,0.7739043865708406f,0.617391602596281f,0.14106597566389567f,0.24162790513058785f,0f,0f,0f,1f],start_interpolation:0}