execute if entity @s[tag=aj.stage.bone.left_straight] run data modify entity @s {} merge value {transformation:[-3.423789986050299e-16f,-3.8252694741997027e-17f,-1f,-27.94546875f,-0.11103530855427768f,0.9938164620563781f,0f,0.9942632849503081f,0.9938164620563781f,0.11103530855427768f,-3.4450928483976665e-16f,-0.09678190567916373f,0f,0f,0f,1f],start_interpolation:0}
execute if entity @s[tag=aj.stage.bone.left_bend] run data modify entity @s {} merge value {transformation:[-3.423789986050299e-16f,-3.8252694741997027e-17f,-1f,-28f,-0.11103530855427768f,0.9938164620563781f,0f,1.0460688267288583f,0.9938164620563781f,0.11103530855427768f,-3.4450928483976665e-16f,-0.4478882407078576f,0f,0f,0f,1f],start_interpolation:0}
execute if entity @s[tag=aj.stage.bone.microphone] run data modify entity @s {} merge value {transformation:[0.576502910269754f,-0.24319812751604433f,-0.7800635007633635f,-27.655584338599947f,0.2621381217925294f,0.9592643866490498f,-0.10533490214505158f,1.3107096919724128f,0.7739043865708406f,-0.14375850332941142f,0.6167702109918236f,-0.03561883833671897f,0f,0f,0f,1f],start_interpolation:0}
execute if entity @s[tag=aj.stage.bone.right_bend] run data modify entity @s {} merge value {transformation:[0.576502910269754f,-0.7800635007633635f,0.24319812751604417f,-27.949900104239322f,0.2621381217925294f,-0.10533490214505137f,-0.9592643866490498f,1.1487680590188616f,0.7739043865708406f,0.6167702109918236f,0.14375850332941156f,0.24162790513058785f,0f,0f,0f,1f],start_interpolation:0}