execute if entity @s[tag=aj.stage.bone.left_straight] run data modify entity @s {} merge value {transformation:[-3.4165925104923377e-16f,-4.422220611055184e-17f,-1f,-27.94546875f,-0.12836288615884434f,0.9917272656617703f,0f,0.9889269733715988f,0.9917272656617703f,0.12836288615884434f,-3.4450928483976665e-16f,-0.10423735384714578f,0f,0f,0f,1f],start_interpolation:0}
execute if entity @s[tag=aj.stage.bone.left_bend] run data modify entity @s {} merge value {transformation:[-3.4165925104923377e-16f,-4.422220611055184e-17f,-1f,-28f,-0.12836288615884434f,0.9917272656617703f,0f,1.0468522753768361f,0.9917272656617703f,0.12836288615884434f,-3.4450928483976665e-16f,-0.45438608230957006f,0f,0f,0f,1f],start_interpolation:0}
execute if entity @s[tag=aj.stage.bone.microphone] run data modify entity @s {} merge value {transformation:[0.576502910269754f,-0.2158261542151227f,-0.7880757994046094f,-27.648854234095886f,0.2621381217925294f,0.9623561637732286f,-0.07179289067003353f,1.297083404350845f,0.7739043865708406f,-0.1651958994781178f,0.6113773918309593f,-0.0360167626723748f,0f,0f,0f,1f],start_interpolation:0}
execute if entity @s[tag=aj.stage.bone.right_bend] run data modify entity @s {} merge value {transformation:[0.576502910269754f,-0.7880757994046094f,0.21582615421512252f,-27.949900104239322f,0.2621381217925294f,-0.07179289067003332f,-0.9623561637732286f,1.1487680590188616f,0.7739043865708406f,0.6113773918309593f,0.16519589947811794f,0.24162790513058785f,0f,0f,0f,1f],start_interpolation:0}