execute if entity @s[tag=aj.stage.bone.left_straight] run data modify entity @s {} merge value {transformation:[-3.431983230007545e-16f,-3.0025962603674397e-17f,-1f,-27.94546875f,-0.08715574274765818f,0.9961946980917455f,0f,1.0018115019836387f,0.9961946980917455f,0.08715574274765818f,-3.4450928483976665e-16f,-0.0866850433353043f,0f,0f,0f,1f],start_interpolation:0}
execute if entity @s[tag=aj.stage.bone.left_bend] run data modify entity @s {} merge value {transformation:[-3.431983230007545e-16f,-3.0025962603674397e-17f,-1f,-28f,-0.08715574274765818f,0.9961946980917455f,0f,1.0451769882155952f,0.9961946980917455f,0.08715574274765818f,-3.4450928483976665e-16f,-0.43893340353037524f,0f,0f,0f,1f],start_interpolation:0}
execute if entity @s[tag=aj.stage.bone.microphone] run data modify entity @s {} merge value {transformation:[0.576502910269754f,-0.2803440441599963f,-0.7674969780751727f,-27.66542476971843f,0.2621381217925294f,0.9531059133439806f,-0.15123730707673125f,1.329119063643789f,0.7739043865708406f,-0.11400146864297185f,0.6229571940299401f,-0.034524078984657924f,0f,0f,0f,1f],start_interpolation:0}
execute if entity @s[tag=aj.stage.bone.right_bend] run data modify entity @s {} merge value {transformation:[0.576502910269754f,-0.7674969780751728f,0.28034404415999614f,-27.949900104239322f,0.2621381217925294f,-0.15123730707673103f,-0.9531059133439806f,1.1487680590188616f,0.7739043865708406f,0.6229571940299401f,0.11400146864297199f,0.24162790513058785f,0f,0f,0f,1f],start_interpolation:0}