execute if entity @s[tag=aj.stage.bone.left_straight] run data modify entity @s {} merge value {transformation:[-3.429944542011511e-16f,-3.2271531232061624e-17f,-1f,-27.94546875f,-0.0936739085191022f,0.9956029323293272f,0f,0.9997288992945166f,0.9956029323293272f,0.0936739085191022f,-3.4450928483976665e-16f,-0.08942072449059657f,0f,0f,0f,1f],start_interpolation:0}
execute if entity @s[tag=aj.stage.bone.left_bend] run data modify entity @s {} merge value {transformation:[-3.429944542011511e-16f,-3.2271531232061624e-17f,-1f,-28f,-0.0936739085191022f,0.9956029323293272f,0f,1.0453989003765023f,0.9956029323293272f,0.0936739085191022f,-3.4450928483976665e-16f,-0.4413777156946668f,0f,0f,0f,1f],start_interpolation:0}
execute if entity @s[tag=aj.stage.bone.microphone] run data modify entity @s {} merge value {transformation:[0.576502910269754f,-0.27027380136038753f,-0.7711008149060081f,-27.662674733579802f,0.2621381217925294f,0.9550038936330899f,-0.13874857926740392f,1.3241379001830502f,0.7739043865708406f,-0.12214595958869782f,0.621411590656762f,-0.03488542982874021f,0f,0f,0f,1f],start_interpolation:0}
execute if entity @s[tag=aj.stage.bone.right_bend] run data modify entity @s {} merge value {transformation:[0.576502910269754f,-0.7711008149060082f,0.27027380136038737f,-27.949900104239322f,0.2621381217925294f,-0.1387485792674037f,-0.9550038936330899f,1.1487680590188616f,0.7739043865708406f,0.621411590656762f,0.12214595958869796f,0.24162790513058785f,0f,0f,0f,1f],start_interpolation:0}