execute if entity @s[tag=aj.1989_sing.bone.left_straight] run data modify entity @s {} merge value {transformation:[-0.9255405040175664f,-0.37864861735243294f,1.2246467991473532e-16f,0.16219869170533718f,-0.37864861735243294f,0.9255405040175664f,0f,0.9258011232260019f,-1.1334602157263406e-16f,-4.6371081724222795e-17f,-1f,-0.007968749999999976f,0f,0f,0f,1f],start_interpolation:0}
execute if entity @s[tag=aj.1989_sing.bone.left_bend] run data modify entity @s {} merge value {transformation:[-0.9255405040175664f,-0.37864861735243294f,1.2246467991473532e-16f,0.48574323150716237f,-0.37864861735243294f,0.9255405040175664f,0f,1.0716723109934125f,-1.1334602157263406e-16f,-4.6371081724222795e-17f,-1f,-0.06249999999999994f,0f,0f,0f,1f],start_interpolation:0}
execute if entity @s[tag=aj.1989_sing.bone.right_straight] run data modify entity @s {} merge value {transformation:[-0.8122753845778564f,0.13687584836475858f,-0.5669865093133372f,-0.011160506725533204f,0.2536351805714312f,0.9582465985289054f,-0.13203276708559986f,0.9702163963662563f,0.5252407969544949f,-0.2510546923325879f,-0.8130766548563528f,-0.09568492312240454f,0f,0f,0f,1f],start_interpolation:0}
execute if entity @s[tag=aj.1989_sing.bone.microphone] run data modify entity @s {} merge value {transformation:[-0.8122753845778564f,0.21539942570537396f,-0.5420440821692368f,-0.0601737538596846f,0.2536351805714312f,0.9672903820085255f,0.004302563224196844f,1.2652771487853398f,0.5252407969544949f,-0.1339865824610651f,-0.8403390392782019f,0.3150313804590761f,0f,0f,0f,1f],start_interpolation:0}
execute if entity @s[tag=aj.1989_sing.bone.right_bend] run data modify entity @s {} merge value {transformation:[-0.8122753845778564f,-0.5420440821692368f,-0.21539942570537407f,-0.3151619237424903f,0.2536351805714312f,0.004302563224197059f,-0.9672903820085255f,1.1481116408127232f,0.5252407969544949f,-0.8403390392782019f,0.1339865824610649f,-0.01808405915926005f,0f,0f,0f,1f],start_interpolation:0}