execute if entity @s[tag=aj.1989_sing.bone.left_straight] run data modify entity @s {} merge value {transformation:[-0.27563735581699944f,-0.9612616959383188f,1.2246467991473532e-16f,0.6184737825347565f,-0.9612616959383188f,0.27563735581699944f,0f,0.9709930168427903f,-3.3755840552672846e-17f,-1.1772060590738184e-16f,-1f,-0.00796874999999992f,0f,0f,0f,1f],start_interpolation:0}
execute if entity @s[tag=aj.1989_sing.bone.left_bend] run data modify entity @s {} merge value {transformation:[-0.27563735581699944f,-0.9612616959383188f,1.2246467991473532e-16f,0.7042231359768696f,-0.9612616959383188f,0.27563735581699944f,0f,1.3153859915686252f,-3.3755840552672846e-17f,-1.1772060590738184e-16f,-1f,-0.06249999999999992f,0f,0f,0f,1f],start_interpolation:0}
execute if entity @s[tag=aj.1989_sing.bone.right_straight] run data modify entity @s {} merge value {transformation:[-0.9080612898561721f,0.1546941476022279f,-0.3892228340711334f,-0.024005026495164505f,0.21344221409675673f,0.970485660960716f,-0.11224973546123136f,0.977771687885516f,0.3603708022387762f,-0.18500622305009715f,-0.9142787224509376f,-0.06088923460452742f,0f,0f,0f,1f],start_interpolation:0}
execute if entity @s[tag=aj.1989_sing.bone.microphone] run data modify entity @s {} merge value {transformation:[-0.9080612898561721f,0.3515649591703777f,-0.22765494360605384f,-0.2019341726912576f,0.21344221409675673f,0.8560939959582152f,0.47068619198545614f,1.0540620157071874f,0.3603708022387762f,0.3788207353984547f,-0.8524246214921029f,0.362343870214784f,0f,0f,0f,1f],start_interpolation:0}
execute if entity @s[tag=aj.1989_sing.bone.right_bend] run data modify entity @s {} merge value {transformation:[-0.9080612898561721f,-0.22765494360605376f,-0.3515649591703778f,-0.34268752336659253f,0.21344221409675673f,0.4706861919854563f,-0.8560939959582151f,1.1453258713121373f,0.3603708022387762f,-0.8524246214921027f,-0.37882073539845484f,-0.039616354290783584f,0f,0f,0f,1f],start_interpolation:0}