execute if entity @s[tag=aj.surprise_sing.bone.left_straight] run data modify entity @s {} merge value {transformation:[-0.986534089770657f,-0.08109090912773326f,0.14203786177360866f,0.021836519124382392f,-0.10152569537570072f,0.9844871544501997f,-0.1430998808560964f,1.0095923776467803f,-0.12823035092699964f,-0.15559340339290184f,-0.979462949744273f,0.0567942769712364f,0f,0f,0f,1f],start_interpolation:0}
execute if entity @s[tag=aj.surprise_sing.bone.left_bend] run data modify entity @s {} merge value {transformation:[-0.986534089770657f,-0.07705462837086069f,0.14426736972375148f,0.3784796948756577f,-0.10152569537570072f,0.9800619091315428f,-0.170795747745417f,1.0501049467780426f,-0.12823035092699964f,-0.18314267256995093f,-0.9746875081712467f,0.04691972304500294f,0f,0f,0f,1f],start_interpolation:0}
execute if entity @s[tag=aj.surprise_sing.bone.right_straight] run data modify entity @s {} merge value {transformation:[-0.8042640418059944f,0.161343624786749f,-0.5719506847609837f,-0.008606693356807887f,0.28000680368887f,0.9517930508047397f,-0.12524447424037724f,0.9668044782643501f,0.5241712897000637f,-0.2608797101740162f,-0.8106702386751923f,-0.06999260623170245f,0f,0f,0f,1f],start_interpolation:0}
execute if entity @s[tag=aj.surprise_sing.bone.right_bend] run data modify entity @s {} merge value {transformation:[-0.8042640418059944f,-0.5746007863691144f,-0.15163537635354332f,-0.30769150548646784f,0.28000680368887f,-0.14134368380892337f,-0.9495357565332996f,1.1533529799928883f,0.5241712897000637f,-0.8061364024476989f,0.27456977201224025f,0.006384126409960646f,0f,0f,0f,1f],start_interpolation:0}
execute if entity @s[tag=aj.surprise_sing.bone.head] run data modify entity @s {} merge value {transformation:[-0.9987608697300554f,-0.000290178800482775f,0.04976586071120448f,0.0016824152400987998f,-0.00041303830587371276f,0.9999968926217521f,-0.0024584845327758897f,1.4366917299298039f,-0.049764992669758694f,-0.0024759933569716494f,-0.9987578860572142f,0.03476954534858689f,0f,0f,0f,1f],start_interpolation:0}
execute if entity @s[tag=aj.surprise_sing.bone.outfit] run data modify entity @s {} merge value {transformation:[-0.9987620292995879f,0.002243220320131733f,0.04969282435084935f,-0.0015422139700905658f,0.004541780835538223f,0.998922306573072f,0.046190882840397976f,0.0007409142310129679f,-0.04953565439368856f,0.04635939379811585f,-0.9976958582406065f,-0.03187208323620465f,0f,0f,0f,1f],start_interpolation:0}
execute if entity @s[tag=aj.surprise_sing.bone.chest] run data modify entity @s {} merge value {transformation:[-0.9987620292995879f,0.002243220320131733f,0.04969282435084935f,-0.010527970001418412f,0.004541780835538223f,0.998922306573072f,0.046190882840397976f,0.6879177593255231f,-0.04953565439368856f,0.04635939379811585f,-0.9976958582406065f,-0.0084921850902858f,0f,0f,0f,1f],start_interpolation:0}