execute if entity @s[tag=aj.surprise_sing.bone.left_straight] run data modify entity @s {} merge value {transformation:[-0.9996805925217037f,-0.022428120574656842f,0.01164870563385992f,-0.0025520085732599895f,-0.02327720113165124f,0.9966221309897267f,-0.07875595170507764f,1.028900992716167f,-0.009843009851276176f,-0.07900194572910545f,-0.9968258663016742f,0.023918745644478066f,0f,0f,0f,1f],start_interpolation:0}
execute if entity @s[tag=aj.surprise_sing.bone.left_bend] run data modify entity @s {} merge value {transformation:[-0.9996805925217037f,-0.01334058817256119f,0.02146489326006039f,0.352377068558695f,-0.02327720113165124f,0.8168169060953436f,-0.5764271973322451f,1.0453202411385036f,-0.009843009851276176f,-0.5767427248124077f,-0.8168665402212453f,-0.02793574664227441f,0f,0f,0f,1f],start_interpolation:0}
execute if entity @s[tag=aj.surprise_sing.bone.right_straight] run data modify entity @s {} merge value {transformation:[-0.7658106480972706f,0.12474232752619033f,-0.630851331919167f,-0.008785186075480622f,0.2604170144365241f,0.9571243082261955f,-0.12687015880219413f,0.9692421251468559f,0.5879770657541036f,-0.261442938948206f,-0.7654610113005882f,-0.10155458255643962f,0f,0f,0f,1f],start_interpolation:0}
execute if entity @s[tag=aj.surprise_sing.bone.right_bend] run data modify entity @s {} merge value {transformation:[-0.7658106480972706f,-0.6308710523217603f,-0.12464255534637081f,-0.3041280661383675f,0.2604170144365241f,-0.12702152867282568f,-0.9571042314427336f,1.149714553166501f,0.5879770657541036f,-0.7654196539128411f,0.2615639951353036f,-0.00012598918324065178f,0f,0f,0f,1f],start_interpolation:0}
execute if entity @s[tag=aj.surprise_sing.bone.head] run data modify entity @s {} merge value {transformation:[-0.9998938946094965f,0.0008729770266369884f,-0.014540888341638997f,0.001191512565818183f,0.0007646329650782905f,0.9999719196037504f,0.007454887015864818f,1.4374299050151191f,0.014546987972833565f,0.007442977569599299f,-0.9998664846997407f,0.01018419667032526f,0f,0f,0f,1f],start_interpolation:0}
execute if entity @s[tag=aj.surprise_sing.bone.outfit] run data modify entity @s {} merge value {transformation:[-0.9998930956056766f,0.0015886834210909106f,-0.014535248366806516f,-0.001092219852000002f,0.00139099552813287f,0.9999065400201589f,0.013600601323292444f,0.00006425373614071805f,0.01455549695262635f,0.013578928893767014f,-0.9998018554686524f,-0.009335513614464823f,0f,0f,0f,1f],start_interpolation:0}
execute if entity @s[tag=aj.surprise_sing.bone.chest] run data modify entity @s {} merge value {transformation:[-0.9998930956056766f,0.0015886834210909106f,-0.014535248366806516f,-0.011052158493610076f,0.00139099552813287f,0.9999065400201589f,0.013600601323292444f,0.687623593805384f,0.01455549695262635f,0.013578928893767014f,-0.9998018554686524f,-0.007807970287846474f,0f,0f,0f,1f],start_interpolation:0}