execute if entity @s[tag=aj.surprise_sing.bone.left_straight] run data modify entity @s {} merge value {transformation:[-0.4896032964858155f,0.8480648427302577f,0.2026687805142316f,-0.2619202614209407f,0.0437457128601072f,0.2560309825588142f,-0.965678232423372f,1.342032030911022f,-0.8708472453172161f,-0.46393335566099486f,-0.16245281416012752f,0.23130020500396178f,0f,0f,0f,1f],start_interpolation:0}
execute if entity @s[tag=aj.surprise_sing.bone.left_bend] run data modify entity @s {} merge value {transformation:[-0.4896032964858155f,0.8700803500612022f,0.05699821495098267f,-0.06661149972708302f,0.0437457128601072f,0.08979768693074297f,-0.9949988382044717f,1.277056719551101f,-0.8708472453172161f,-0.4846612836396816f,-0.08202752869709186f,0.52552091535948f,0f,0f,0f,1f],start_interpolation:0}
execute if entity @s[tag=aj.surprise_sing.bone.right_straight] run data modify entity @s {} merge value {transformation:[-0.8622708763407343f,0.424286732271681f,-0.2765315617299426f,-0.1564213037215659f,0.45559568788708527f,0.8883172489313453f,-0.05766311151628711f,0.9024070321589321f,0.22118206300076815f,-0.17570780878852554f,-0.9592732983553014f,0.16486194064325857f,0f,0f,0f,1f],start_interpolation:0}
execute if entity @s[tag=aj.surprise_sing.bone.right_bend] run data modify entity @s {} merge value {transformation:[-0.8622708763407343f,-0.28191658286570526f,-0.42072791221869993f,-0.42071069144114803f,0.45559568788708527f,-0.06897991929261166f,-0.88751019144181f,1.146248257350962f,0.22118206300076815f,-0.9569560131164381f,0.18791935495583084f,0.13696839177491604f,0f,0f,0f,1f],start_interpolation:0}
execute if entity @s[tag=aj.surprise_sing.bone.head] run data modify entity @s {} merge value {transformation:[-0.9128184832149614f,0.005733893992757033f,0.40832528596796125f,-0.09015754718553651f,-0.001748952419063137f,0.9998373561668077f,-0.017949996624060216f,1.3790399132910836f,-0.40836179775607484f,-0.017099230188746706f,-0.9126599906100732f,0.27594232189145684f,0f,0f,0f,1f],start_interpolation:0}
execute if entity @s[tag=aj.surprise_sing.bone.outfit] run data modify entity @s {} merge value {transformation:[-0.9186983562455406f,-0.12021006291404868f,0.3762218374921136f,0.08264441825340846f,0.03712863399447573f,0.9220532177214447f,0.38527824779921627f,0.053588412816506725f,-0.393210878244036f,0.36792309585527583f,-0.8426255400632142f,-0.25294712840050215f,0f,0f,0f,1f],start_interpolation:0}
execute if entity @s[tag=aj.surprise_sing.bone.chest] run data modify entity @s {} merge value {transformation:[-0.9186983562455406f,-0.12021006291404868f,0.3762218374921136f,-0.00705024550392032f,0.03712863399447573f,0.9220532177214447f,0.38527824779921627f,0.6909762804714645f,-0.393210878244036f,0.36792309585527583f,-0.8426255400632142f,-0.011015416253172882f,0f,0f,0f,1f],start_interpolation:0}