execute if entity @s[tag=aj.evermore_microphone.bone.left_straight] run data modify entity @s {} merge value {transformation:[-0.5545897332930749f,0.7399753490572606f,0.38061359738388445f,-0.23019377984933354f,-0.0024140907413870982f,0.4559674523254812f,-0.8899931767073849f,1.2576159346112916f,-0.8321204239121934f,-0.4944999142642957f,-0.25108850013649764f,0.21502505879873993f,0f,0f,0f,1f],start_interpolation:0}
execute if entity @s[tag=aj.evermore_microphone.bone.left_bend] run data modify entity @s {} merge value {transformation:[-0.5545897332930749f,0.7861121869723823f,0.27286967075769836f,-0.003482706726390339f,-0.0024140907413870982f,0.32639816478476497f,-0.945229289744573f,1.2156393351578711f,-0.8321204239121934f,-0.524873191846027f,-0.1791193250030703f,0.4902943529537239f,0f,0f,0f,1f],start_interpolation:0}
execute if entity @s[tag=aj.evermore_microphone.bone.right_straight] run data modify entity @s {} merge value {transformation:[-0.8685657517889463f,0.40011229585071556f,-0.29241013239689906f,-0.1285878796750552f,0.4384435092505236f,0.8954478383287692f,-0.07707436687005781f,0.9169340573950517f,0.23099961908061337f,-0.19514947999265553f,-0.9531819639728857f,0.139134453042133f,0f,0f,0f,1f],start_interpolation:0}
execute if entity @s[tag=aj.evermore_microphone.bone.microphone] run data modify entity @s {} merge value {transformation:[-0.8685657517889463f,0.3960547745996177f,-0.2978827795226648f,-0.22349134004110136f,0.4384435092505236f,0.8943036969126616f,-0.08937665738005555f,1.300997962187465f,0.23099961908061337f,-0.20823427480890824f,-0.9504092080674614f,0.483528001060865f,0f,0f,0f,1f],start_interpolation:0}
execute if entity @s[tag=aj.evermore_microphone.bone.right_bend] run data modify entity @s {} merge value {transformation:[-0.8685657517889463f,-0.2978827795226647f,-0.39605477459961774f,-0.3989784432533134f,0.4384435092505236f,-0.08937665738005536f,-0.8943036969126616f,1.1541816096016286f,0.23099961908061337f,-0.9504092080674614f,0.20823427480890802f,0.11290439904615385f,0f,0f,0f,1f],start_interpolation:0}
execute if entity @s[tag=aj.evermore_microphone.bone.head] run data modify entity @s {} merge value {transformation:[-0.9265080569926369f,0.007794157717866151f,0.37619419377922075f,-0.06976329774160717f,-0.003279145950825256f,0.9995802251009512f,-0.028785774072703052f,1.3945613967380919f,-0.37626063776265795f,-0.027903847272384208f,-0.9260935739858243f,0.24020254688698572f,0f,0f,0f,1f],start_interpolation:0}
execute if entity @s[tag=aj.evermore_microphone.bone.hair] run data modify entity @s {} merge value {transformation:[-0.9306399048463367f,-0.09301773032214289f,0.35391675483553825f,-0.03933344461739773f,0.03201597275213537f,0.9427485289841224f,0.33196413750133874f,1.0145653207609824f,-0.36453305062276026f,0.32027006251598095f,-0.8743813481883485f,0.09913802738030611f,0f,0f,0f,1f],start_interpolation:0}
execute if entity @s[tag=aj.evermore_microphone.bone.outfit] run data modify entity @s {} merge value {transformation:[-0.9306399048463367f,-0.09301773032214289f,0.35391675483553825f,0.06394968959647324f,0.03201597275213537f,0.9427485289841224f,0.33196413750133874f,0.039360386323415875f,-0.36453305062276026f,0.32027006251598095f,-0.8743813481883485f,-0.22018566797973693f,0f,0f,0f,1f],start_interpolation:0}
execute if entity @s[tag=aj.evermore_microphone.bone.chest] run data modify entity @s {} merge value {transformation:[-0.9306399048463367f,-0.09301773032214289f,0.35391675483553825f,-0.007358599819161112f,0.03201597275213537f,0.9427485289841224f,0.33196413750133874f,0.6904955139226903f,-0.36453305062276026f,0.32027006251598095f,-0.8743813481883485f,-0.010954806609562343f,0f,0f,0f,1f],start_interpolation:0}