execute if entity @s[tag=aj.evermore_microphone.bone.left_straight] run data modify entity @s {} merge value {transformation:[-0.5289771362812375f,-0.592258282665063f,-0.6077938103553964f,0.4463153006259485f,0.7125362043040316f,0.0790515612613241f,-0.6971678479520914f,1.6679862228067035f,0.4609504819909666f,-0.801860946347169f,0.3801890002032122f,0.45398731205675164f,0f,0f,0f,1f],start_interpolation:0}
execute if entity @s[tag=aj.evermore_microphone.bone.left_bend] run data modify entity @s {} merge value {transformation:[-0.5289771362812375f,-0.8006637192857754f,-0.2812841942078692f,0.5933898938964439f,0.7125362043040316f,-0.2390008158151905f,-0.6596747437909661f,1.3782292481497465f,0.4609504819909666f,-0.5493780289191974f,0.6969278545826341f,0.3012028575635725f,0f,0f,0f,1f],start_interpolation:0}
execute if entity @s[tag=aj.evermore_microphone.bone.right_straight] run data modify entity @s {} merge value {transformation:[-0.6000024710856641f,0.1377244085756545f,-0.7880539461062185f,-0.01335562074307034f,0.23168045041114302f,0.9727709674380799f,-0.006388568452482729f,0.9665532518733142f,0.7657161377353794f,-0.18640985004035693f,-0.615573037274656f,0.00304470535117482f,0f,0f,0f,1f],start_interpolation:0}
execute if entity @s[tag=aj.evermore_microphone.bone.microphone] run data modify entity @s {} merge value {transformation:[-0.6000024710856641f,0.13621164639108188f,-0.7883168284887285f,0.0819541300964104f,0.23168045041114302f,0.9727569141885647f,-0.008255591779601126f,1.2726478219079382f,0.7657161377353794f,-0.18759097335898764f,-0.6152141278659333f,0.416572568437232f,0f,0f,0f,1f],start_interpolation:0}
execute if entity @s[tag=aj.evermore_microphone.bone.right_bend] run data modify entity @s {} merge value {transformation:[-0.6000024710856641f,-0.7883168284887285f,-0.13621164639108205f,-0.2655805885277298f,0.23168045041114302f,-0.00825559177960091f,-0.9727569141885647f,1.1495082069517482f,0.7657161377353794f,-0.6152141278659333f,0.1875909733589875f,0.18469140548935017f,0f,0f,0f,1f],start_interpolation:0}
execute if entity @s[tag=aj.evermore_microphone.bone.head] run data modify entity @s {} merge value {transformation:[-0.9672752896500139f,0.04340933280041259f,-0.24998828744224139f,0.05572418040832379f,0.011980450812177187f,0.9919711589051382f,0.12589554677880355f,1.419996561723085f,0.253446212895002f,0.11878067909479194f,-0.9600292534308323f,0.15114100297959998f,0f,0f,0f,1f],start_interpolation:0}
execute if entity @s[tag=aj.evermore_microphone.bone.hair] run data modify entity @s {} merge value {transformation:[-0.9666397296401718f,0.07429890721109839f,-0.24512712103806922f,0.013014270565103576f,0.02086095395681902f,0.9766620822974466f,0.21376622184626654f,1.0251592070539872f,0.2552889611424417f,0.2015213373061333f,-0.9456303172641836f,0.06452969112077982f,0f,0f,0f,1f],start_interpolation:0}
execute if entity @s[tag=aj.evermore_microphone.bone.outfit] run data modify entity @s {} merge value {transformation:[-0.9666397296401718f,0.07429890721109839f,-0.24512712103806922f,-0.05108049870763014f,0.02086095395681902f,0.9766620822974466f,0.21376622184626654f,0.016044818420505536f,0.2552889611424417f,0.2015213373061333f,-0.9456303172641836f,-0.13854591939796665f,0f,0f,0f,1f],start_interpolation:0}
execute if entity @s[tag=aj.evermore_microphone.bone.chest] run data modify entity @s {} merge value {transformation:[-0.9666397296401718f,0.07429890721109839f,-0.24512712103806922f,-0.012525978788711492f,0.02086095395681902f,0.9766620822974466f,0.21376622184626654f,0.6894316162642401f,0.2552889611424417f,0.2015213373061333f,-0.9456303172641836f,-0.004743268578203507f,0f,0f,0f,1f],start_interpolation:0}