execute if entity @s[tag=aj.evermore_microphone.bone.left_straight] run data modify entity @s {} merge value {transformation:[-0.33333062144700043f,-0.3371691786225407f,-0.8804587677982187f,0.48449270633911584f,0.5549400823760775f,0.6847939893775365f,-0.4723332479138333f,1.3334411278996599f,0.7621890853181963f,-0.6460449961878812f,-0.04115411428291771f,0.5744068695175928f,0f,0f,0f,1f],start_interpolation:0}
execute if entity @s[tag=aj.evermore_microphone.bone.left_bend] run data modify entity @s {} merge value {transformation:[-0.33333062144700043f,-0.6562086089634891f,-0.6769645177761969f,0.5504937792193205f,0.5549400823760775f,0.44391337322002583f,-0.7035498717566868f,1.1194138198738128f,0.7621890853181963f,-0.6101894612320181f,0.21618653895002443f,0.2937481805719562f,0f,0f,0f,1f],start_interpolation:0}
execute if entity @s[tag=aj.evermore_microphone.bone.right_straight] run data modify entity @s {} merge value {transformation:[-0.4663348014185721f,0.1832922078852477f,-0.8654107807939835f,0.01172128458046856f,0.22667954296646872f,0.9703939034954837f,0.08337899531243279f,0.9408444947457766f,0.8550720658438173f,-0.15728839304713163f,-0.4940770421971024f,0.09249282302334333f,0f,0f,0f,1f],start_interpolation:0}
execute if entity @s[tag=aj.evermore_microphone.bone.microphone] run data modify entity @s {} merge value {transformation:[-0.4663348014185721f,0.1800837226956085f,-0.8660841216683239f,0.18744214280132565f,0.22667954296646872f,0.9706962434238403f,0.07978212709220951f,1.215704395375287f,0.8550720658438173f,-0.15911837047599436f,-0.4934907358711514f,0.5018321627708187f,0f,0f,0f,1f],start_interpolation:0}
execute if entity @s[tag=aj.evermore_microphone.bone.right_bend] run data modify entity @s {} merge value {transformation:[-0.4663348014185721f,-0.8660841216683239f,-0.18008372269560868f,-0.1976691998191849f,0.22667954296646872f,0.07978212709220973f,-0.9706962434238403f,1.1295754677757677f,0.8550720658438173f,-0.49349073587115144f,0.15911837047599425f,0.31748553067148855f,0f,0f,0f,1f],start_interpolation:0}
execute if entity @s[tag=aj.evermore_microphone.bone.head] run data modify entity @s {} merge value {transformation:[-0.9188006907352014f,0.09805242678221404f,-0.3823493328183469f,0.13510804067375579f,0.018117993474111506f,0.9781105861653827f,0.20729548847884618f,1.3820440766682638f,0.3943057557492516f,0.18353583528382117f,-0.9004651954127275f,0.24870533349795204f,0f,0f,0f,1f],start_interpolation:0}
execute if entity @s[tag=aj.evermore_microphone.bone.hair] run data modify entity @s {} merge value {transformation:[-0.9157091449888944f,0.18014405423167437f,-0.3592003361756268f,0.049046572189922505f,0.03477745295418362f,0.9260587688910185f,0.3757734494693189f,1.0092075248734327f,0.40033397376406527f,0.3316071113306027f,-0.8542654348416807f,0.11156116967404452f,0f,0f,0f,1f],start_interpolation:0}
execute if entity @s[tag=aj.evermore_microphone.bone.outfit] run data modify entity @s {} merge value {transformation:[-0.9157091449888944f,0.18014405423167437f,-0.3592003361756268f,-0.12384903728427614f,0.03477745295418362f,0.9260587688910185f,0.3757734494693189f,0.050834596387424824f,0.40033397376406527f,0.3316071113306027f,-0.8542654348416807f,-0.22797988903978939f,0f,0f,0f,1f],start_interpolation:0}
execute if entity @s[tag=aj.evermore_microphone.bone.chest] run data modify entity @s {} merge value {transformation:[-0.9157091449888944f,0.18014405423167437f,-0.3592003361756268f,-0.012877946452215558f,0.03477745295418362f,0.9260587688910185f,0.3757734494693189f,0.690874823067145f,0.40033397376406527f,0.3316071113306027f,-0.8542654348416807f,-0.0024287748458501797f,0f,0f,0f,1f],start_interpolation:0}