execute if entity @s[tag=aj.evermore_microphone.bone.left_straight] run data modify entity @s {} merge value {transformation:[-0.7195664260408775f,0.6944223197965218f,0.001341746315699499f,-0.24335447034488034f,0.03349918361988283f,0.03664193793392789f,-0.9987668261817909f,1.40716662781329f,-0.6936151405581916f,-0.7186341281576206f,-0.04962888912293689f,0.39880498280175297f,0f,0f,0f,1f],start_interpolation:0}
execute if entity @s[tag=aj.evermore_microphone.bone.left_bend] run data modify entity @s {} merge value {transformation:[-0.7195664260408775f,0.6771335054727629f,-0.15399472160085997f,0.02062019249272784f,0.03349918361988283f,-0.18765306895855827f,-0.9816639600225915f,1.341278906857061f,-0.6936151405581916f,-0.7115311247419909f,0.11234542853110502f,0.6331323510065312f,0f,0f,0f,1f],start_interpolation:0}
execute if entity @s[tag=aj.evermore_microphone.bone.right_straight] run data modify entity @s {} merge value {transformation:[-0.8381634116112832f,0.3922158158006863f,-0.37901035509856024f,-0.1393281381900912f,0.42537818444467124f,0.905006104840472f,-0.004165381138838686f,0.8894772054076259f,0.34137295680046176f,-0.1647140068035461f,-0.9253830559979103f,0.1933756722349994f,0f,0f,0f,1f],start_interpolation:0}
execute if entity @s[tag=aj.evermore_microphone.bone.microphone] run data modify entity @s {} merge value {transformation:[-0.8381634116112832f,0.38817779991008117f,-0.3831450000888744f,-0.19784459726576586f,0.42537818444467124f,0.904911162032494f,-0.013754600232518463f,1.2462528108841695f,0.34137295680046176f,-0.17451012717309589f,-0.9235857945417633f,0.5729138961420925f,0f,0f,0f,1f],start_interpolation:0}
execute if entity @s[tag=aj.evermore_microphone.bone.right_bend] run data modify entity @s {} merge value {transformation:[-0.8381634116112832f,-0.3831450000888743f,-0.3881777999100813f,-0.40789277578706973f,0.42537818444467124f,-0.013754600232518262f,-0.904911162032494f,1.1296761135342286f,0.34137295680046176f,-0.9235857945417633f,0.1745101271730957f,0.2095927496536945f,0f,0f,0f,1f],start_interpolation:0}
execute if entity @s[tag=aj.evermore_microphone.bone.head] run data modify entity @s {} merge value {transformation:[-0.9520297561828858f,-0.007189721028460078f,0.3059209885802018f,-0.06681622850031169f,0.006922408920162153f,0.9989620961309557f,0.0450201149308746f,1.3595544344238453f,-0.3059271540695548f,0.04497819922117835f,-0.9509918706265175f,0.3261570615213469f,0f,0f,0f,1f],start_interpolation:0}
execute if entity @s[tag=aj.evermore_microphone.bone.hair] run data modify entity @s {} merge value {transformation:[-0.9566185108835323f,-0.08908830466708224f,0.27738835340821066f,-0.038876681250876476f,0.04461721435164555f,0.8960725792317936f,0.4416596392386112f,0.9995324251430828f,-0.2879068057869987f,0.4348760820284625f,-0.8532247444027286f,0.13954053782702946f,0f,0f,0f,1f],start_interpolation:0}
execute if entity @s[tag=aj.evermore_microphone.bone.outfit] run data modify entity @s {} merge value {transformation:[-0.9566185108835323f,-0.08908830466708224f,0.27738835340821066f,0.06124820945861904f,0.04461721435164555f,0.8960725792317936f,0.4416596392386112f,0.07145010177814193f,-0.2879068057869987f,0.4348760820284625f,-0.8532247444027286f,-0.298977306394568f,0f,0f,0f,1f],start_interpolation:0}
execute if entity @s[tag=aj.evermore_microphone.bone.chest] run data modify entity @s {} merge value {transformation:[-0.9566185108835323f,-0.08908830466708224f,0.27738835340821066f,-0.008252576521566956f,0.04461721435164555f,0.8960725792317936f,0.4416596392386112f,0.6915074760321538f,-0.2879068057869987f,0.4348760820284625f,-0.8532247444027286f,-0.009948115370254541f,0f,0f,0f,1f],start_interpolation:0}