execute if entity @s[tag=aj.evermore_microphone.bone.left_straight] run data modify entity @s {} merge value {transformation:[-0.9953190082143651f,-0.08988737169871225f,0.035501159083477445f,0.02515246383842995f,-0.09127088706965328f,0.9950428870638688f,-0.03948769526218958f,1.0032544554360814f,-0.03177573068697917f,-0.04254307596658348f,-0.9985891996344693f,0.01061813255049493f,0f,0f,0f,1f],start_interpolation:0}
execute if entity @s[tag=aj.evermore_microphone.bone.left_bend] run data modify entity @s {} merge value {transformation:[-0.9953190082143651f,-0.08954976987430592f,0.03634433384492939f,0.3789920049994996f,-0.09127088706965328f,0.9946278487778178f,-0.04883715398268842f,1.0459118208996312f,-0.03177573068697917f,-0.051925727256043996f,-0.9981452909212364f,-0.033097518713616596f,0f,0f,0f,1f],start_interpolation:0}
execute if entity @s[tag=aj.evermore_microphone.bone.right_straight] run data modify entity @s {} merge value {transformation:[-0.7820575423812324f,0.13414926608470729f,-0.6085967259306948f,-0.0069370395216589165f,0.26623799160029654f,0.9548756058141408f,-0.13164311318758132f,0.968343336662723f,0.5634743403503547f,-0.2649840595771985f,-0.7824833007398434f,-0.09854468420522461f,0f,0f,0f,1f],start_interpolation:0}
execute if entity @s[tag=aj.evermore_microphone.bone.microphone] run data modify entity @s {} merge value {transformation:[-0.7820575423812324f,0.12360396215249336f,-0.6108257205986268f,-0.03245681371857462f,0.26623799160029654f,0.9524561246931704f,-0.1481373091530576f,1.3290636732310868f,0.5634743403503547f,-0.2784769130011913f,-0.7777835667408122f,0.2819156044368385f,0f,0f,0f,1f],start_interpolation:0}
execute if entity @s[tag=aj.evermore_microphone.bone.right_bend] run data modify entity @s {} merge value {transformation:[-0.7820575423812324f,-0.6108257205986268f,-0.1236039621524935f,-0.30474917726364037f,0.26623799160029654f,-0.14813730915305737f,-0.9524561246931704f,1.1500976768249962f,0.5634743403503547f,-0.7777835667408123f,0.27847691300119115f,-0.007118407465217948f,0f,0f,0f,1f],start_interpolation:0}
execute if entity @s[tag=aj.evermore_microphone.bone.head] run data modify entity @s {} merge value {transformation:[-0.9999239398849803f,-0.000050654804980548764f,0.012333364463483864f,0.0008100980437284479f,-0.00005125938849448214f,0.9999999975001951f,-0.00004870405373607299f,1.4374401367781173f,-0.012333361965558513f,-0.00004933255002062022f,-0.9999239399818998f,0.009441132896973469f,0f,0f,0f,1f],start_interpolation:0}
execute if entity @s[tag=aj.evermore_microphone.bone.hair] run data modify entity @s {} merge value {transformation:[-0.9999233777869126f,0.001080130724971264f,0.012331742489536324f,-0.010467098434871992f,0.0012351973567731767f,0.999920182370823f,0.012573908500933643f,1.031336270994427f,-0.012317176734182353f,0.012588177195964625f,-0.9998449004481554f,-0.003775047259863518f,0f,0f,0f,1f],start_interpolation:0}
execute if entity @s[tag=aj.evermore_microphone.bone.outfit] run data modify entity @s {} merge value {transformation:[-0.9999233777869126f,0.001080130724971264f,0.012331742489536324f,-0.0007425898734177445f,0.0012351973567731767f,0.999920182370823f,0.012573908500933643f,0.00005487462005915322f,-0.012317176734182353f,0.012588177195964625f,-0.9998449004481554f,-0.008654371822225681f,0f,0f,0f,1f],start_interpolation:0}
execute if entity @s[tag=aj.evermore_microphone.bone.chest] run data modify entity @s {} merge value {transformation:[-0.9999233777869126f,0.001080130724971264f,0.012331742489536324f,-0.010838393371580863f,0.0012351973567731767f,0.999920182370823f,0.012573908500933643f,0.6876137083044566f,-0.012317176734182353f,0.012588177195964625f,-0.9998449004481554f,-0.008102233170976358f,0f,0f,0f,1f],start_interpolation:0}