execute if entity @s[tag=aj.evermore_microphone.bone.left_straight] run data modify entity @s {} merge value {transformation:[-0.7396896418556749f,-0.1999792964797668f,-0.6425476750490042f,0.20845438107545633f,0.5893672478651125f,0.26835947917141256f,-0.7619904442201033f,1.5608610690531006f,0.3248160723783941f,-0.9423329936483733f,-0.080641479440596f,0.46878422392467006f,0f,0f,0f,1f],start_interpolation:0}
execute if entity @s[tag=aj.evermore_microphone.bone.left_bend] run data modify entity @s {} merge value {transformation:[-0.7396896418556749f,-0.473758585511172f,-0.47792471832483896f,0.4332743818101279f,0.5893672478651125f,-0.11327334433843808f,-0.7998846145578047f,1.3136220754042085f,0.3248160723783941f,-0.8733395399939468f,0.36300491320068196f,0.33739938015660875f,0f,0f,0f,1f],start_interpolation:0}
execute if entity @s[tag=aj.evermore_microphone.bone.right_straight] run data modify entity @s {} merge value {transformation:[-0.6531589385224404f,0.1287038713632429f,-0.7462028641893255f,-0.016750065638057504f,0.23923538768344463f,0.9700487788175168f,-0.04209270714264296f,0.9701620250934131f,0.7184356827915711f,-0.2060113594216546f,-0.6643865512493844f,-0.028123234085444412f,0f,0f,0f,1f],start_interpolation:0}
execute if entity @s[tag=aj.evermore_microphone.bone.microphone] run data modify entity @s {} merge value {transformation:[-0.6531589385224404f,0.12765617272247115f,-0.7463828123651358f,0.04503052034734595f,0.23923538768344463f,0.9699887302176126f,-0.04345448803950535f,1.2897503465219873f,0.7184356827915711f,-0.2069438687583523f,-0.6640966833791108f,0.38147600080226185f,0f,0f,0f,1f],start_interpolation:0}
execute if entity @s[tag=aj.evermore_microphone.bone.right_bend] run data modify entity @s {} merge value {transformation:[-0.6531589385224404f,-0.7463828123651358f,-0.12765617272247132f,-0.2840627533784431f,0.23923538768344463f,-0.043454488039505135f,-0.9699887302176126f,1.1522708727053956f,0.7184356827915711f,-0.6640966833791108f,0.20694386875835216f,0.13145674030752064f,0f,0f,0f,1f],start_interpolation:0}
execute if entity @s[tag=aj.evermore_microphone.bone.head] run data modify entity @s {} merge value {transformation:[-0.9825463564554391f,0.025704199345629092f,-0.18423341594874018f,0.03283212400020566f,0.008946632692274617f,0.995790699806957f,0.09121863812533246f,1.4284066162291786f,0.18580262425383254f,0.08797827182873613f,-0.9786404899177318f,0.11171140345311051f,0f,0f,0f,1f],start_interpolation:0}
execute if entity @s[tag=aj.evermore_microphone.bone.hair] run data modify entity @s {} merge value {transformation:[-0.9822826025765728f,0.04377616533360755f,-0.18222111849091296f,0.002852266329771867f,0.015367084326293448f,0.9878754883055716f,0.15448583211523656f,1.0284813355645273f,0.18677457373717463f,0.14894853793748067f,-0.9710456176985629f,0.0455058870502239f,0f,0f,0f,1f],start_interpolation:0}
execute if entity @s[tag=aj.evermore_microphone.bone.outfit] run data modify entity @s {} merge value {transformation:[-0.9822826025765728f,0.04377616533360755f,-0.18222111849091296f,-0.03009611366685519f,0.015367084326293448f,0.9878754883055716f,0.15448583211523656f,0.008335601789919544f,0.18677457373717463f,0.14894853793748067f,-0.9710456176985629f,-0.10240211983201795f,0f,0f,0f,1f],start_interpolation:0}
execute if entity @s[tag=aj.evermore_microphone.bone.chest] run data modify entity @s {} merge value {transformation:[-0.9822826025765728f,0.04377616533360755f,-0.18222111849091296f,-0.012195790503655728f,0.015367084326293448f,0.9878754883055716f,0.15448583211523656f,0.6888991364594871f,0.18677457373717463f,0.14894853793748067f,-0.9710456176985629f,-0.005695172865785076f,0f,0f,0f,1f],start_interpolation:0}