execute if entity @s[tag=aj.evermore_microphone.bone.left_straight] run data modify entity @s {} merge value {transformation:[-0.6399062878979993f,0.601679022224165f,0.47801913865866863f,-0.19135769844026762f,-0.03903955024037545f,0.5957968878306568f,-0.8021857527831899f,1.1949312952981623f,-0.7674606545130713f,-0.5319853594476791f,-0.35776489641619597f,0.21428235836696535f,0f,0f,0f,1f],start_interpolation:0}
execute if entity @s[tag=aj.evermore_microphone.bone.left_bend] run data modify entity @s {} merge value {transformation:[-0.6399062878979993f,0.6554500765953345f,0.4011298291074509f,0.06919703198133653f,-0.03903955024037545f,0.4935940571955435f,-0.8688157573492046f,1.1724814050404702f,-0.7674606545130713f,-0.5716205942689716f,-0.29026546467321146f,0.4603318752637786f,0f,0f,0f,1f],start_interpolation:0}
execute if entity @s[tag=aj.evermore_microphone.bone.right_straight] run data modify entity @s {} merge value {transformation:[-0.871911396214273f,0.3695771121473044f,-0.321221536215329f,-0.10189222940284728f,0.4158987055814538f,0.9051978607626805f,-0.08743626002030375f,0.9280660684037062f,0.2584546069377529f,-0.20983229267089853f,-0.9429589731823573f,0.11439151836108172f,0f,0f,0f,1f],start_interpolation:0}
execute if entity @s[tag=aj.evermore_microphone.bone.microphone] run data modify entity @s {} merge value {transformation:[-0.871911396214273f,0.36492034392787664f,-0.3265021588584636f,-0.19560863005713075f,0.4158987055814538f,0.9038471200207102f,-0.10044227360001037f,1.31066053683207f,0.2584546069377529f,-0.22336858825230615f,-0.9398445030614497f,0.4608432962430379f,0f,0f,0f,1f],start_interpolation:0}
execute if entity @s[tag=aj.evermore_microphone.bone.right_bend] run data modify entity @s {} merge value {transformation:[-0.871911396214273f,-0.32650215885846356f,-0.3649203439278767f,-0.37920752921776985f,0.4158987055814538f,-0.10044227360001018f,-0.9038471200207102f,1.1579879806960853f,0.2584546069377529f,-0.9398445030614497f,0.22336858825230593f,0.096569835803374f,0f,0f,0f,1f],start_interpolation:0}
execute if entity @s[tag=aj.evermore_microphone.bone.head] run data modify entity @s {} merge value {transformation:[-0.9424475282372377f,0.006490960080523744f,0.33429107669328284f,-0.051320024363102165f,-0.0034131650151696183f,0.9995726747274684f,-0.029031332087141537f,1.405461478584962f,-0.334336666885492f,-0.0285014977748137f,-0.9420226418725252f,0.21070730971531537f,0f,0f,0f,1f],start_interpolation:0}
execute if entity @s[tag=aj.evermore_microphone.bone.hair] run data modify entity @s {} merge value {transformation:[-0.9451913889860551f,-0.06842669915080289f,0.31926638568746546f,-0.031315554639176485f,0.02791289409578712f,0.957281971446616f,0.28780565923288887f,1.019164426310959f,-0.32532154636575994f,0.2809430796204205f,-0.9029046890362153f,0.0858209574653867f,0f,0f,0f,1f],start_interpolation:0}
execute if entity @s[tag=aj.evermore_microphone.bone.outfit] run data modify entity @s {} merge value {transformation:[-0.9451913889860551f,-0.06842669915080289f,0.31926638568746546f,0.04704335566617699f,0.02791289409578712f,0.957281971446616f,0.28780565923288887f,0.029368644630451413f,-0.32532154636575994f,0.2809430796204205f,-0.9029046890362153f,-0.19314836723903908f,0f,0f,0f,1f],start_interpolation:0}
execute if entity @s[tag=aj.evermore_microphone.bone.chest] run data modify entity @s {} merge value {transformation:[-0.9451913889860551f,-0.06842669915080289f,0.31926638568746546f,-0.007793876806087987f,0.02791289409578712f,0.957281971446616f,0.28780565923288887f,0.6900987486261847f,-0.32532154636575994f,0.2809430796204205f,-0.9029046890362153f,-0.01075322615413284f,0f,0f,0f,1f],start_interpolation:0}