execute if entity @s[tag=aj.evermore_microphone.bone.left_straight] run data modify entity @s {} merge value {transformation:[-0.8330382956619728f,0.23707615828673298f,0.4998420681901428f,-0.08245808935754201f,-0.09641518445912833f,0.8274770026906755f,-0.5531599427143726f,1.0863289597691161f,-0.5447488505415204f,-0.5089957811122403f,-0.6664622904888412f,0.1920814081349265f,0f,0f,0f,1f],start_interpolation:0}
execute if entity @s[tag=aj.evermore_microphone.bone.left_bend] run data modify entity @s {} merge value {transformation:[-0.8330382956619728f,0.2784555635419677f,0.4780268790487839f,0.24323064589464188f,-0.09641518445912833f,0.7777876365209944f,-0.6210881617619175f,1.1007051799144536f,-0.5447488505415204f,-0.5634792734498854f,-0.6210795425918338f,0.34259154701924943f,0f,0f,0f,1f],start_interpolation:0}
execute if entity @s[tag=aj.evermore_microphone.bone.right_straight] run data modify entity @s {} merge value {transformation:[-0.8646117478190152f,0.2862204459215708f,-0.4129459793602607f,-0.04799884667727411f,0.35701322632852034f,0.9282813313926719f,-0.1040928720631206f,0.94910316134532f,0.3535365352546302f,-0.23742709644079307f,-0.9047874292428284f,0.04653788570865919f,0f,0f,0f,1f],start_interpolation:0}
execute if entity @s[tag=aj.evermore_microphone.bone.microphone] run data modify entity @s {} merge value {transformation:[-0.8646117478190152f,0.27977147031965527f,-0.4173421257535907f,-0.12887701448265024f,0.35701322632852034f,0.9265524209760299f,-0.11849965151830133f,1.323687692403298f,0.3535365352546302f,-0.25145284961327524f,-0.9009902233995191f,0.40495955184951427f,0f,0f,0f,1f],start_interpolation:0}
execute if entity @s[tag=aj.evermore_microphone.bone.right_bend] run data modify entity @s {} merge value {transformation:[-0.8646117478190152f,-0.41734212575359064f,-0.2797714703196554f,-0.3398701050176157f,0.35701322632852034f,-0.11849965151830112f,-0.9265524209760299f,1.1605231796721898f,0.3535365352546302f,-0.9009902233995192f,0.251452849613275f,0.06061687851014269f,0f,0f,0f,1f],start_interpolation:0}
execute if entity @s[tag=aj.evermore_microphone.bone.head] run data modify entity @s {} merge value {transformation:[-0.9752779466022389f,0.0019829181321616846f,0.22097283748687677f,-0.017332350788384354f,-0.0024746676289767455f,0.9997990344700359f,-0.01989388581725987f,1.4240177778010723f,-0.22096787751038977f,-0.019948902437608496f,-0.9750770422895251f,0.14050321205979124f,0f,0f,0f,1f],start_interpolation:0}
execute if entity @s[tag=aj.evermore_microphone.bone.hair] run data modify entity @s {} merge value {transformation:[-0.9759910516089894f,-0.023109801051179137f,0.21658117248402262f,-0.01689301502008409f,0.018434141127228635f,0.9820237037347631f,0.18785533727834214f,1.0267692437963407f,-0.21702914463288211f,0.18733761607972166f,-0.9580203379790465f,0.05438932468971164f,0f,0f,0f,1f],start_interpolation:0}
execute if entity @s[tag=aj.evermore_microphone.bone.outfit] run data modify entity @s {} merge value {transformation:[-0.9759910516089894f,-0.023109801051179137f,0.21658117248402262f,0.015887988222685657f,0.018434141127228635f,0.9820237037347631f,0.18785533727834214f,0.01235870368235037f,-0.21702914463288211f,0.18733761607972166f,-0.9580203379790465f,-0.12879461105480863f,0f,0f,0f,1f],start_interpolation:0}
execute if entity @s[tag=aj.evermore_microphone.bone.chest] run data modify entity @s {} merge value {transformation:[-0.9759910516089894f,-0.023109801051179137f,0.21658117248402262f,-0.008949020908741265f,0.018434141127228635f,0.9820237037347631f,0.18785533727834214f,0.6891985956375158f,-0.21702914463288211f,0.18733761607972166f,-0.9580203379790465f,-0.010007980837692675f,0f,0f,0f,1f],start_interpolation:0}