execute if entity @s[tag=aj.surprise_piano.bone.stand] run data modify entity @s {} merge value {transformation:[-1.3403896972889926f,0.0025527233634540457f,0.058466977426554205f,0.024765324612310173f,-1.0182465403259697e-18f,1.3403896972889926f,-0.05852267804849248f,-0.02667290557539581f,-0.05852267804849264f,-0.058466977426554045f,-1.3391139433032127f,0.08742319785101937f,0f,0f,0f,1f],start_interpolation:0}
execute if entity @s[tag=aj.surprise_piano.bone.mic] run data modify entity @s {} merge value {transformation:[-0.9990482215818578f,0.001902650954127239f,0.043577871373829215f,0.013437499999999868f,-7.589415207398531e-19f,0.9990482215818578f,-0.04361938736533601f,1.9909926024615523f,-0.043619387365336125f,-0.0435778713738291f,-0.9980973490458728f,0.6549355937952122f,0f,0f,0f,1f],start_interpolation:0}
execute if entity @s[tag=aj.surprise_piano.bone.body] run data modify entity @s {} merge value {transformation:[-2f,0f,2.4492935982947064e-16f,0f,0f,2f,0f,0f,-2.4492935982947064e-16f,0f,-2f,0f,0f,0f,0f,1f],start_interpolation:0}
execute if entity @s[tag=aj.surprise_piano.bone.white] run data modify entity @s {} merge value {transformation:[-1.6458333333333333f,0f,2.0155645235966854e-16f,0f,0f,1.6458333333333333f,0f,0f,-2.0155645235966854e-16f,0f,-1.6458333333333333f,0f,0f,0f,0f,1f],start_interpolation:0}
execute if entity @s[tag=aj.surprise_piano.bone.black] run data modify entity @s {} merge value {transformation:[-1.5697916666666665f,0f,1.922440339911522e-16f,0f,0f,1.5697916666666665f,0f,0f,-1.922440339911522e-16f,0f,-1.5697916666666665f,0f,0f,0f,0f,1f],start_interpolation:0}
execute if entity @s[tag=aj.surprise_piano.bone.chair] run data modify entity @s {} merge value {transformation:[-1f,0f,1.2246467991473532e-16f,-9.567553118338697e-18f,0f,1f,0f,0.046875f,-1.2246467991473532e-16f,0f,-1f,0.078125f,0f,0f,0f,1f],start_interpolation:0}
execute if entity @s[tag=aj.surprise_piano.bone.waist] run data modify entity @s {} merge value {transformation:[-1f,0f,1.2246467991473532e-16f,3.061616997868383e-17f,0f,1f,0f,1.8125f,-1.2246467991473532e-16f,0f,-1f,-0.25f,0f,0f,0f,1f],start_interpolation:0}
execute if entity @s[tag=aj.surprise_piano.bone.left_leg] run data modify entity @s {} merge value {transformation:[-1f,8.659560562354934e-17f,8.659560562354932e-17f,-0.10624999999999996f,0f,0.7071067811865475f,-0.7071067811865476f,1f,-1.2246467991473532e-16f,-0.7071067811865476f,-0.7071067811865475f,-0.3125f,0f,0f,0f,1f],start_interpolation:0}
execute if entity @s[tag=aj.surprise_piano.bone.right_leg] run data modify entity @s {} merge value {transformation:[-1f,8.659560562354934e-17f,8.659560562354932e-17f,0.10625000000000004f,0f,0.7071067811865475f,-0.7071067811865476f,1f,-1.2246467991473532e-16f,-0.7071067811865476f,-0.7071067811865475f,-0.3125f,0f,0f,0f,1f],start_interpolation:0}
execute if entity @s[tag=aj.surprise_piano.bone.left_straight] run data modify entity @s {} merge value {transformation:[-0.9961946980917455f,-0.022557566113149678f,0.08418598282936916f,-0.0054375169867344475f,-0.08715574274765811f,0.25783416049629937f,-0.9622501868990583f,1.6528989158062135f,-1.3587645264237647e-16f,-0.9659258262890684f,-0.25881904510252063f,0.07590998374026103f,0f,0f,0f,1f],start_interpolation:0}
execute if entity @s[tag=aj.surprise_piano.bone.left_bend] run data modify entity @s {} merge value {transformation:[-0.9961946980917455f,-0.022557566113149678f,0.08418598282936916f,0.35220908729243117f,-0.08715574274765811f,0.25783416049629937f,-0.9622501868990583f,1.6345621898138878f,-1.3587645264237647e-16f,-0.9659258262890684f,-0.25881904510252063f,0.04972218485840091f,0f,0f,0f,1f],start_interpolation:0}
execute if entity @s[tag=aj.surprise_piano.bone.right_straight] run data modify entity @s {} merge value {transformation:[-0.9961946980917455f,0.022557566113149956f,-0.08418598282936918f,-0.01635424203402247f,0.08715574274765818f,0.25783416049629937f,-0.9622501868990583f,1.6548054476788185f,-1.2893755873846925e-16f,-0.9659258262890684f,-0.25881904510252063f,0.07590998374026103f,0f,0f,0f,1f],start_interpolation:0}
execute if entity @s[tag=aj.surprise_piano.bone.right_bend] run data modify entity @s {} merge value {transformation:[-0.9961946980917455f,0.022557566113149956f,-0.08418598282936918f,-0.3526546350386376f,0.08715574274765818f,0.25783416049629937f,-0.9622501868990583f,1.6294695557713712f,-1.2893755873846925e-16f,-0.9659258262890684f,-0.25881904510252063f,-0.05193997472280648f,0f,0f,0f,1f],start_interpolation:0}
execute if entity @s[tag=aj.surprise_piano.bone.head] run data modify entity @s {} merge value {transformation:[-1f,0f,1.2246467991473532e-16f,3.061616997868383e-17f,0f,1f,0f,1.75f,-1.2246467991473532e-16f,0f,-1f,-0.25f,0f,0f,0f,1f],start_interpolation:0}
execute if entity @s[tag=aj.surprise_piano.bone.outfit] run data modify entity @s {} merge value {transformation:[-1f,0f,1.2246467991473532e-16f,3.122502256758253e-17f,0f,1f,0f,0.3125f,-1.2246467991473532e-16f,0f,-1f,-0.25f,0f,0f,0f,1f],start_interpolation:0}
execute if entity @s[tag=aj.surprise_piano.bone.chest] run data modify entity @s {} merge value {transformation:[-1f,0f,1.2246467991473532e-16f,-0.010937499999999966f,0f,1f,0f,1f,-1.2246467991473532e-16f,0f,-1f,-0.25796874999999986f,0f,0f,0f,1f],start_interpolation:0}
execute if entity @s[tag=aj.surprise_piano.bone.string] run data modify entity @s {} merge value {transformation:[-3.9370951708094583e-16f,0f,-1.1428125f,2.4394375f,0f,1.1428125f,0f,1.23321875f,1.1428125f,0f,-3.9370951708094583e-16f,-0.05937499999999988f,0f,0f,0f,1f],start_interpolation:0}
execute if entity @s[tag=aj.surprise_piano.bone.neck] run data modify entity @s {} merge value {transformation:[-5.079660213980545e-16f,0f,-1.4744625f,2.4375f,0f,1.4744625f,0f,0f,1.4744625f,0f,-5.079660213980545e-16f,2.9850765729216737e-16f,0f,0f,0f,1f],start_interpolation:0}
execute if entity @s[tag=aj.surprise_piano.bone.circle] run data modify entity @s {} merge value {transformation:[-3.4450928483976665e-16f,0f,-1f,2.4374999999999996f,0f,1f,0f,0f,1f,0f,-3.4450928483976665e-16f,1.0000000000000002f,0f,0f,0f,1f],start_interpolation:0}
execute if entity @s[tag=aj.surprise_piano.bone.base] run data modify entity @s {} merge value {transformation:[-3.4450928483976665e-16f,0f,-1f,2.4374999999999996f,0f,1f,0f,0f,1f,0f,-3.4450928483976665e-16f,1.0000000000000002f,0f,0f,0f,1f],start_interpolation:0}