execute if entity @s[tag=aj.tolerate.bone.leg5] run data modify entity @s {} merge value {transformation:[-1.6770833333333333f,0f,2.05383473607004e-16f,0f,0f,1.6770833333333333f,0f,0.0015625000000000222f,-2.05383473607004e-16f,0f,-1.6770833333333333f,7.484056765112893e-20f,0f,0f,0f,1f],start_interpolation:0}
execute if entity @s[tag=aj.tolerate.bone.leg6] run data modify entity @s {} merge value {transformation:[-2.027083333333333f,0f,2.4824611157716138e-16f,-5.375f,0f,2.027083333333333f,0f,0.0015625000000000222f,-2.4824611157716138e-16f,0f,-2.027083333333333f,-6.581728139740512e-16f,0f,0f,0f,1f],start_interpolation:0}
execute if entity @s[tag=aj.tolerate.bone.leg7] run data modify entity @s {} merge value {transformation:[-1.7229166666666669f,0f,2.109964381030961e-16f,-1.75f,0f,1.7229166666666669f,0f,0.0015625000000000222f,-2.109964381030961e-16f,0f,-1.7229166666666669f,-2.1423834928313568e-16f,0f,0f,0f,1f],start_interpolation:0}
execute if entity @s[tag=aj.tolerate.bone.leg8] run data modify entity @s {} merge value {transformation:[-1.9812499999999997f,0f,2.4263314708106934e-16f,-3.625f,0f,1.9812499999999997f,0f,0.0015625000000000222f,-2.4263314708106934e-16f,0f,-1.9812499999999997f,-4.438596241232644e-16f,0f,0f,0f,1f],start_interpolation:0}
execute if entity @s[tag=aj.tolerate.bone.leg] run data modify entity @s {} merge value {transformation:[-1.6770833333333333f,0f,2.05383473607004e-16f,0f,0f,1.6770833333333333f,0f,0.0015625000000000222f,-2.05383473607004e-16f,0f,-1.6770833333333333f,7.484056765112893e-20f,0f,0f,0f,1f],start_interpolation:0}
execute if entity @s[tag=aj.tolerate.bone.leg2] run data modify entity @s {} merge value {transformation:[-2.027083333333333f,0f,2.4824611157716138e-16f,-5.375f,0f,2.027083333333333f,0f,0.0015625000000000222f,-2.4824611157716138e-16f,0f,-2.027083333333333f,-6.581728139740512e-16f,0f,0f,0f,1f],start_interpolation:0}
execute if entity @s[tag=aj.tolerate.bone.leg3] run data modify entity @s {} merge value {transformation:[-1f,0f,1.2246467991473532e-16f,0.47859374999999993f,0f,1f,0f,0.308201875f,-1.2246467991473532e-16f,0f,-1f,-0.610270625f,0f,0f,0f,1f],start_interpolation:0}
execute if entity @s[tag=aj.tolerate.bone.leg4] run data modify entity @s {} merge value {transformation:[-1.9812499999999997f,0f,2.4263314708106934e-16f,-3.625f,0f,1.9812499999999997f,0f,0.0015625000000000222f,-2.4263314708106934e-16f,0f,-1.9812499999999997f,-4.438596241232644e-16f,0f,0f,0f,1f],start_interpolation:0}
execute if entity @s[tag=aj.tolerate.bone.table] run data modify entity @s {} merge value {transformation:[-3.3541666666666665f,0f,4.10766947214008e-16f,-0.296875f,0f,3.3541666666666665f,0f,0.746875f,-4.10766947214008e-16f,0f,-3.3541666666666665f,0.006249999999999964f,0f,0f,0f,1f],start_interpolation:0}
execute if entity @s[tag=aj.tolerate.bone.vase] run data modify entity @s {} merge value {transformation:[-1.41875f,0f,1.7374676462903074e-16f,-1.875f,0f,1.41875f,0f,1.73125f,-1.7374676462903074e-16f,0f,-1.41875f,0.3749999999999998f,0f,0f,0f,1f],start_interpolation:0}
execute if entity @s[tag=aj.tolerate.bone.bottle] run data modify entity @s {} merge value {transformation:[1.088125f,0f,0f,-2.1584375f,0f,1.088125f,0f,1.821446875f,0f,0f,1.088125f,-0.007018750000000264f,0f,0f,0f,1f],start_interpolation:0}
execute if entity @s[tag=aj.tolerate.bone.plate] run data modify entity @s {} merge value {transformation:[-1f,0f,1.2246467991473532e-16f,-0.890625f,0f,1f,0f,1.726953125f,-1.2246467991473532e-16f,0f,-1f,0.0046874999999998905f,0f,0f,0f,1f],start_interpolation:0}
execute if entity @s[tag=aj.tolerate.bone.napkin] run data modify entity @s {} merge value {transformation:[-7.915572916666666f,0f,9.693781035813312e-16f,9.520234375f,0f,7.915572916666666f,0f,-1.031734375f,-9.693781035813312e-16f,0f,-7.915572916666666f,0.06273437500000116f,0f,0f,0f,1f],start_interpolation:0}
execute if entity @s[tag=aj.tolerate.bone.leg12] run data modify entity @s {} merge value {transformation:[0.9902680687415704f,-0.13917310096006544f,0f,-3.3671093749999996f,0.13917310096006544f,0.9902680687415704f,0f,0.96859375f,0f,0f,1f,0.07187499999999966f,0f,0f,0f,1f],start_interpolation:0}
execute if entity @s[tag=aj.tolerate.bone.leg13] run data modify entity @s {} merge value {transformation:[0.9902680687415704f,0.13917310096006544f,0f,-3.3642968749999995f,-0.13917310096006544f,0.9902680687415704f,0f,0.45390625f,0f,0f,1f,0.07187499999999966f,0f,0f,0f,1f],start_interpolation:0}
execute if entity @s[tag=aj.tolerate.bone.leg14] run data modify entity @s {} merge value {transformation:[0.9902680687415704f,-0.13917310096006544f,0f,-2.7455468749999996f,0.13917310096006544f,0.9902680687415704f,0f,0.45390625f,0f,0f,1f,0.07187499999999966f,0f,0f,0f,1f],start_interpolation:0}
execute if entity @s[tag=aj.tolerate.bone.chair2] run data modify entity @s {} merge value {transformation:[1f,0f,0f,-2.9796875f,0f,1f,0f,0.671875f,0f,0f,1f,-0.12500000000000036f,0f,0f,0f,1f],start_interpolation:0}
execute if entity @s[tag=aj.tolerate.bone.left_straight] run data modify entity @s {} merge value {transformation:[-3.431983230007545e-16f,-3.0025962603674397e-17f,-1f,-2.6329687500000003f,-0.08715574274765818f,0.9961946980917455f,0f,1.1643115019836388f,0.9961946980917455f,0.08715574274765818f,-3.4450928483976665e-16f,-0.02418504333530208f,0f,0f,0f,1f],start_interpolation:0}
execute if entity @s[tag=aj.tolerate.bone.left_bend] run data modify entity @s {} merge value {transformation:[-3.431983230007545e-16f,-3.0025962603674397e-17f,-1f,-2.6875f,-0.08715574274765818f,0.9961946980917455f,0f,1.2076769882155953f,0.9961946980917455f,0.08715574274765818f,-3.4450928483976665e-16f,-0.37643340353037213f,0f,0f,0f,1f],start_interpolation:0}
execute if entity @s[tag=aj.tolerate.bone.right_straight] run data modify entity @s {} merge value {transformation:[0.576502910269754f,-0.266906677203439f,-0.7722727627689088f,-2.733828038313078f,0.2621381217925294f,0.9556002056484896f,-0.13458028112487153f,1.1310509076072248f,0.7739043865708406f,-0.12485620781035929f,0.620872714666724f,0.006959761649236035f,0f,0f,0f,1f],start_interpolation:0}
execute if entity @s[tag=aj.tolerate.bone.microphone] run data modify entity @s {} merge value {transformation:[0.576502910269754f,-0.2803440441599963f,-0.7674969780751727f,-2.35292476971843f,0.2621381217925294f,0.9531059133439806f,-0.15123730707673125f,1.491619063643789f,0.7739043865708406f,-0.11400146864297185f,0.6229571940299401f,0.027975921015344463f,0f,0f,0f,1f],start_interpolation:0}
execute if entity @s[tag=aj.tolerate.bone.right_bend] run data modify entity @s {} merge value {transformation:[0.576502910269754f,-0.7674969780751728f,0.28034404415999614f,-2.637400104239322f,0.2621381217925294f,-0.15123730707673103f,-0.9531059133439806f,1.3112680590188617f,0.7739043865708406f,0.6229571940299401f,0.11400146864297199f,0.30412790513059096f,0f,0f,0f,1f],start_interpolation:0}
execute if entity @s[tag=aj.tolerate.bone.head] run data modify entity @s {} merge value {transformation:[-3.4450928483976665e-16f,0f,-1f,-2.625f,0f,1f,0f,1.6f,1f,0f,-3.4450928483976665e-16f,-3.214697847761802e-16f,0f,0f,0f,1f],start_interpolation:0}
execute if entity @s[tag=aj.tolerate.bone.hair] run data modify entity @s {} merge value {transformation:[-3.4450928483976665e-16f,0f,-1f,-2.63296875f,0f,1f,0f,1.19375f,1f,0f,-3.4450928483976665e-16f,0.010937499999999498f,0f,0f,0f,1f],start_interpolation:0}
execute if entity @s[tag=aj.tolerate.bone.outfit] run data modify entity @s {} merge value {transformation:[-3.4450928483976665e-16f,0f,-1f,-2.625f,0f,1f,0f,0.16249999999999998f,1f,0f,-3.4450928483976665e-16f,-3.209238430557093e-16f,0f,0f,0f,1f],start_interpolation:0}
execute if entity @s[tag=aj.tolerate.bone.chest] run data modify entity @s {} merge value {transformation:[-3.4450928483976665e-16f,0f,-1f,-2.63296875f,0f,1f,0f,0.85f,1f,0f,-3.4450928483976665e-16f,0.010937499999999498f,0f,0f,0f,1f],start_interpolation:0}
execute if entity @s[tag=aj.tolerate.bone.right_leg] run data modify entity @s {} merge value {transformation:[-3.4450928483976665e-16f,-0.6427876096865394f,-0.7660444431189781f,-2.6875f,0f,0.7660444431189781f,-0.6427876096865394f,0.85f,1f,-2.2144629971697274e-16f,-2.6390942325439645e-16f,-0.10625000000000052f,0f,0f,0f,1f],start_interpolation:0}
execute if entity @s[tag=aj.tolerate.bone.left_leg] run data modify entity @s {} merge value {transformation:[-3.4450928483976665e-16f,-0.6427876096865394f,-0.7660444431189781f,-2.6875f,0f,0.7660444431189781f,-0.6427876096865394f,0.85f,1f,-2.2144629971697274e-16f,-2.6390942325439645e-16f,0.10624999999999983f,0f,0f,0f,1f],start_interpolation:0}
execute if entity @s[tag=aj.tolerate.bone.leg9] run data modify entity @s {} merge value {transformation:[0.9902680687415704f,0.13917310096006544f,-2.4492935982947064e-16f,3.4921093749999996f,-0.13917310096006544f,0.9902680687415704f,0f,0.96859375f,2.4254572413643904e-16f,3.4087578523631113e-17f,1f,0.07187500000000048f,0f,0f,0f,1f],start_interpolation:0}
execute if entity @s[tag=aj.tolerate.bone.leg10] run data modify entity @s {} merge value {transformation:[0.9902680687415704f,-0.13917310096006544f,-2.4492935982947064e-16f,3.4892968749999995f,0.13917310096006544f,0.9902680687415704f,0f,0.45390625f,2.4254572413643904e-16f,-3.4087578523631113e-17f,1f,0.07187500000000048f,0f,0f,0f,1f],start_interpolation:0}
execute if entity @s[tag=aj.tolerate.bone.leg11] run data modify entity @s {} merge value {transformation:[0.9902680687415704f,0.13917310096006544f,-2.4492935982947064e-16f,2.8705468749999996f,-0.13917310096006544f,0.9902680687415704f,0f,0.45390625f,2.4254572413643904e-16f,3.4087578523631113e-17f,1f,0.07187500000000034f,0f,0f,0f,1f],start_interpolation:0}
execute if entity @s[tag=aj.tolerate.bone.chair3] run data modify entity @s {} merge value {transformation:[1f,0f,-2.4492935982947064e-16f,3.1046875f,0f,1f,0f,0.671875f,2.4492935982947064e-16f,0f,1f,-0.12499999999999963f,0f,0f,0f,1f],start_interpolation:0}
execute if entity @s[tag=aj.tolerate.bone.plate2] run data modify entity @s {} merge value {transformation:[-1f,0f,1.2246467991473532e-16f,0.890625f,0f,1f,0f,1.726953125f,-1.2246467991473532e-16f,0f,-1f,0.004687500000000109f,0f,0f,0f,1f],start_interpolation:0}
execute if entity @s[tag=aj.tolerate.bone.cup3] run data modify entity @s {} merge value {transformation:[-1f,0f,1.2246467991473532e-16f,2.359375f,0f,1f,0f,1.205729375f,-1.2246467991473532e-16f,0f,-1f,-0.49374999999999974f,0f,0f,0f,1f],start_interpolation:0}
execute if entity @s[tag=aj.tolerate.bone.napkin2] run data modify entity @s {} merge value {transformation:[-7.915572916666666f,0f,9.693781035813312e-16f,-9.520234375f,0f,7.915572916666666f,0f,-1.031734375f,-9.693781035813312e-16f,0f,-7.915572916666666f,0.06273437499999883f,0f,0f,0f,1f],start_interpolation:0}
execute if entity @s[tag=aj.tolerate.bone.left_straight2] run data modify entity @s {} merge value {transformation:[-9.920099333163047e-17f,-8.67896232702845e-18f,1f,3.0267187499999997f,-0.08715574274765818f,0.9961946980917455f,0f,0.9143115019836385f,-0.9961946980917455f,-0.08715574274765818f,-9.957992501029599e-17f,0.06793504333530231f,0f,0f,0f,1f],start_interpolation:0}
execute if entity @s[tag=aj.tolerate.bone.left_bend2] run data modify entity @s {} merge value {transformation:[-9.920099333163047e-17f,-8.67896232702845e-18f,1f,3.08125f,-0.08715574274765818f,0.9961946980917455f,0f,0.9288828527242627f,-0.9961946980917455f,-0.08715574274765818f,-9.957992501029599e-17f,0.2344863444225158f,0f,0f,0f,1f],start_interpolation:0}
execute if entity @s[tag=aj.tolerate.bone.right_straight2] run data modify entity @s {} merge value {transformation:[-9.920099333163047e-17f,8.67896232702845e-18f,1f,3.08125f,0.08715574274765818f,0.9961946980917455f,0f,1.3110147951950115f,-0.9961946980917455f,0.08715574274765818f,-9.957992501029599e-17f,-0.30177035102456123f,0f,0f,0f,1f],start_interpolation:0}
execute if entity @s[tag=aj.tolerate.bone.right_bend2] run data modify entity @s {} merge value {transformation:[-9.920099333163047e-17f,8.67896232702845e-18f,1f,3.08125f,0.08715574274765818f,0.9961946980917455f,0f,0.9140934701740815f,-0.9961946980917455f,0.08715574274765818f,-9.957992501029599e-17f,-0.3364964672755813f,0f,0f,0f,1f],start_interpolation:0}
execute if entity @s[tag=aj.tolerate.bone.head2] run data modify entity @s {} merge value {transformation:[-9.957992501029599e-17f,0f,1f,3.01875f,0f,1f,0f,1.35f,-1f,0f,-9.957992501029599e-17f,0.043750000000000545f,0f,0f,0f,1f],start_interpolation:0}
execute if entity @s[tag=aj.tolerate.bone.outfit2] run data modify entity @s {} merge value {transformation:[-9.957992501029599e-17f,0f,1f,3.01875f,0f,1f,0f,-0.08750000000000002f,-1f,0f,-9.957992501029599e-17f,0.043750000000000545f,0f,0f,0f,1f],start_interpolation:0}
execute if entity @s[tag=aj.tolerate.bone.chest2] run data modify entity @s {} merge value {transformation:[-9.957992501029599e-17f,0f,1f,3.0267187499999997f,0f,1f,0f,0.6f,-1f,0f,-9.957992501029599e-17f,0.03281250000000072f,0f,0f,0f,1f],start_interpolation:0}
execute if entity @s[tag=aj.tolerate.bone.right_leg2] run data modify entity @s {} merge value {transformation:[-9.957992501029599e-17f,0.6427876096865394f,0.7660444431189781f,3.08125f,0f,0.7660444431189781f,-0.6427876096865394f,0.6f,-1f,-6.4008741970133e-17f,-7.62826482003418e-17f,0.15000000000000072f,0f,0f,0f,1f],start_interpolation:0}
execute if entity @s[tag=aj.tolerate.bone.left_leg2] run data modify entity @s {} merge value {transformation:[-9.957992501029599e-17f,0.6427876096865394f,0.7660444431189781f,3.08125f,0f,0.7660444431189781f,-0.6427876096865394f,0.6f,-1f,-6.4008741970133e-17f,-7.62826482003418e-17f,-0.06249999999999963f,0f,0f,0f,1f],start_interpolation:0}
execute if entity @s[tag=aj.tolerate.bone.cup2] run data modify entity @s {} merge value {transformation:[-1f,0f,1.2246467991473532e-16f,-1.984375f,0f,1f,0f,1.205729375f,-1.2246467991473532e-16f,0f,-1f,-0.49375000000000024f,0f,0f,0f,1f],start_interpolation:0}