execute if entity @s[tag=aj.ttpd.bone.left_straight] run data modify entity @s {} merge value {transformation:[-0.9917272656617703f,-0.12836288615884434f,1.2246467991473532e-16f,0.041737353847143055f,-0.12836288615884434f,0.9917272656617703f,0f,0.9889269733715988f,-1.2145156215198437e-16f,-1.571991976637448e-17f,-1f,-0.00796874999999999f,0f,0f,0f,1f],start_interpolation:0}
execute if entity @s[tag=aj.ttpd.bone.left_bend] run data modify entity @s {} merge value {transformation:[-0.9917272656617703f,-0.12836288615884434f,1.2246467991473532e-16f,0.3918860823095666f,-0.12836288615884434f,0.9917272656617703f,0f,1.0468522753768361f,-1.2145156215198437e-16f,-1.571991976637448e-17f,-1f,-0.06249999999999995f,0f,0f,0f,1f],start_interpolation:0}
execute if entity @s[tag=aj.ttpd.bone.microphone] run data modify entity @s {} merge value {transformation:[-0.7739043865708405f,0.16519589947811775f,-0.6113773918309594f,-0.026483237327627973f,0.2621381217925294f,0.9623561637732286f,-0.07179289067003353f,1.2970834043508448f,0.5765029102697541f,-0.21582615421512275f,-0.7880757994046093f,0.28864576590411306f,0f,0f,0f,1f],start_interpolation:0}
execute if entity @s[tag=aj.ttpd.bone.right_bend] run data modify entity @s {} merge value {transformation:[-0.7739043865708405f,-0.6113773918309594f,-0.16519589947811789f,-0.3041279051305913f,0.2621381217925294f,-0.07179289067003332f,-0.9623561637732286f,1.1487680590188616f,0.5765029102697541f,-0.7880757994046093f,0.21582615421512258f,-0.012400104239321932f,0f,0f,0f,1f],start_interpolation:0}