execute if entity @s[tag=aj.ttpd.bone.left_straight] run data modify entity @s {} merge value {transformation:[-0.9960021831417567f,-0.08932889329245368f,1.2246467991473532e-16f,0.025095421817733943f,-0.08932889329245368f,0.9960021831417567f,0f,1.0011153121929022f,-1.2197508855283283e-16f,-1.0939634324197886e-17f,-1f,-0.007968749999999997f,0f,0f,0f,1f],start_interpolation:0}
execute if entity @s[tag=aj.ttpd.bone.left_bend] run data modify entity @s {} merge value {transformation:[-0.9960021831417567f,-0.08932889329245368f,1.2246467991473532e-16f,0.37724833498467014f,-0.08932889329245368f,0.9960021831417567f,0f,1.0452491813218412f,-1.2197508855283283e-16f,-1.0939634324197886e-17f,-1f,-0.06249999999999995f,0f,0f,0f,1f],start_interpolation:0}
execute if entity @s[tag=aj.ttpd.bone.microphone] run data modify entity @s {} merge value {transformation:[-0.7739043865708405f,0.11671853833986572f,-0.6224538402598351f,-0.027850245955377773f,0.2621381217925294f,0.9537567356087899f,-0.147077171525529f,1.3274620795278231f,0.5765029102697541f,-0.27699254879629914f,-0.7687128998279096f,0.27299737512198674f,0f,0f,0f,1f],start_interpolation:0}
execute if entity @s[tag=aj.ttpd.bone.right_bend] run data modify entity @s {} merge value {transformation:[-0.7739043865708405f,-0.6224538402598351f,-0.11671853833986585f,-0.3041279051305913f,0.2621381217925294f,-0.14707717152552877f,-0.9537567356087899f,1.1487680590188616f,0.5765029102697541f,-0.7687128998279097f,0.276992548796299f,-0.012400104239321932f,0f,0f,0f,1f],start_interpolation:0}