execute if entity @s[tag=aj.ttpd.bone.left_straight] run data modify entity @s {} merge value {transformation:[-0.9956029323293272f,-0.0936739085191022f,1.2246467991473532e-16f,0.02692072449059385f,-0.0936739085191022f,0.9956029323293272f,0f,0.9997288992945167f,-1.2192619442988294e-16f,-1.147174522315405e-17f,-1f,-0.007968749999999997f,0f,0f,0f,1f],start_interpolation:0}
execute if entity @s[tag=aj.ttpd.bone.left_bend] run data modify entity @s {} merge value {transformation:[-0.9956029323293272f,-0.0936739085191022f,1.2246467991473532e-16f,0.37887771569466333f,-0.0936739085191022f,0.9956029323293272f,0f,1.0453989003765023f,-1.2192619442988294e-16f,-1.147174522315405e-17f,-1f,-0.06249999999999995f,0f,0f,0f,1f],start_interpolation:0}
execute if entity @s[tag=aj.ttpd.bone.microphone] run data modify entity @s {} merge value {transformation:[-0.7739043865708405f,0.12214595958869776f,-0.6214115906567621f,-0.027614570171262565f,0.2621381217925294f,0.9550038936330899f,-0.13874857926740392f,1.32413790018305f,0.5765029102697541f,-0.2702738013603876f,-0.771100814906008f,0.27482526642019806f,0f,0f,0f,1f],start_interpolation:0}
execute if entity @s[tag=aj.ttpd.bone.right_bend] run data modify entity @s {} merge value {transformation:[-0.7739043865708405f,-0.6214115906567621f,-0.1221459595886979f,-0.3041279051305913f,0.2621381217925294f,-0.1387485792674037f,-0.9550038936330899f,1.1487680590188616f,0.5765029102697541f,-0.7711008149060081f,0.2702738013603874f,-0.012400104239321932f,0f,0f,0f,1f],start_interpolation:0}