execute if entity @s[tag=aj.ttpd.bone.left_straight] run data modify entity @s {} merge value {transformation:[-0.9947475741323987f,-0.10235850603495578f,1.2246467991473532e-16f,0.030589390888460244f,-0.10235850603495578f,0.9947475741323987f,0f,0.9969800324144221f,-1.2182144326208365e-16f,-1.2535301678121363e-17f,-1f,-0.007968749999999997f,0f,0f,0f,1f],start_interpolation:0}
execute if entity @s[tag=aj.ttpd.bone.left_bend] run data modify entity @s {} merge value {transformation:[-0.9947475741323987f,-0.10235850603495578f,1.2246467991473532e-16f,0.3821344397631084f,-0.10235850603495578f,0.9947475741323987f,0f,1.0457196597003504f,-1.2182144326208365e-16f,-1.2535301678121363e-17f,-1f,-0.06249999999999995f,0f,0f,0f,1f],start_interpolation:0}
execute if entity @s[tag=aj.ttpd.bone.microphone] run data modify entity @s {} merge value {transformation:[-0.7739043865708405f,0.13297248381240584f,-0.6191852057302164f,-0.02720597667289737f,0.2621381217925294f,0.9572799385123946f,-0.1220603310858646f,1.317449584408033f,0.5765029102697541f,-0.2567750725254796f,-0.7757003007476782f,0.2784149704773018f,0f,0f,0f,1f],start_interpolation:0}
execute if entity @s[tag=aj.ttpd.bone.right_bend] run data modify entity @s {} merge value {transformation:[-0.7739043865708405f,-0.6191852057302164f,-0.13297248381240598f,-0.3041279051305913f,0.2621381217925294f,-0.1220603310858644f,-0.9572799385123946f,1.1487680590188616f,0.5765029102697541f,-0.7757003007476783f,0.25677507252547943f,-0.012400104239321932f,0f,0f,0f,1f],start_interpolation:0}