execute if entity @s[tag=aj.ttpd.bone.left_straight] run data modify entity @s {} merge value {transformation:[-0.9935718556765875f,-0.11320321376790671f,1.2246467991473532e-16f,0.03520872777477424f,-0.11320321376790671f,0.9935718556765875f,0f,0.9935891410420179f,-1.2167745927772288e-16f,-1.3863395339406054e-17f,-1f,-0.00796874999999999f,0f,0f,0f,1f],start_interpolation:0}
execute if entity @s[tag=aj.ttpd.bone.left_bend] run data modify entity @s {} merge value {transformation:[-0.9935718556765875f,-0.11320321376790671f,1.2246467991473532e-16f,0.386201205162965f,-0.11320321376790671f,0.9935718556765875f,0f,1.0461605541212797f,-1.2167745927772288e-16f,-1.3863395339406054e-17f,-1f,-0.06249999999999995f,0f,0f,0f,1f],start_interpolation:0}
execute if entity @s[tag=aj.ttpd.bone.microphone] run data modify entity @s {} merge value {transformation:[-0.7739043865708405f,0.14644829404024706f,-0.616137076971604f,-0.026813060455689264f,0.2621381217925294f,0.959714863900001f,-0.10114833222790919f,1.3090169002642116f,0.5765029102697541f,-0.23979215412957908f,-0.7811172237688786f,0.282776800265822f,0f,0f,0f,1f],start_interpolation:0}
execute if entity @s[tag=aj.ttpd.bone.right_bend] run data modify entity @s {} merge value {transformation:[-0.7739043865708405f,-0.616137076971604f,-0.1464482940402472f,-0.3041279051305913f,0.2621381217925294f,-0.10114833222790898f,-0.959714863900001f,1.1487680590188616f,0.5765029102697541f,-0.7811172237688786f,0.2397921541295789f,-0.012400104239321932f,0f,0f,0f,1f],start_interpolation:0}