execute if entity @s[tag=aj.lover_microphone.bone.left_straight] run data modify entity @s {} merge value {transformation:[-0.9964154554880869f,-0.08239754862155349f,-0.019154217437084488f,0.02330744664203721f,-0.08392877141819964f,0.9912506155332353f,0.10187334554835054f,0.9993166194940452f,0.010592515881506896f,0.10311576594362652f,-0.9946129586030735f,-0.0444628384276094f,0f,0f,0f,1f],start_interpolation:0}
execute if entity @s[tag=aj.lover_microphone.bone.left_bend] run data modify entity @s {} merge value {transformation:[-0.9964154554880869f,-0.08239754862155349f,-0.019154217437084488f,0.37464908073308256f,-0.08392877141819964f,0.9912506155332353f,0.10187334554835054f,1.0470310191750367f,0.010592515881506896f,0.10311576594362652f,-0.9946129586030735f,-0.1011684122288599f,0f,0f,0f,1f],start_interpolation:0}
execute if entity @s[tag=aj.lover_microphone.bone.right_straight] run data modify entity @s {} merge value {transformation:[-0.7483930813513572f,0.1072772267675929f,-0.6545222627248634f,-0.001962850673015354f,0.2415537681085536f,0.963145022166063f,-0.11833614574293433f,0.971592208409567f,0.6177050856986527f,-0.24666427161992543f,-0.7467242892850291f,-0.13177775968128755f,0f,0f,0f,1f],start_interpolation:0}
execute if entity @s[tag=aj.lover_microphone.bone.microphone] run data modify entity @s {} merge value {transformation:[-0.7483930813513572f,0.04094258763536791f,-0.6619905590740254f,-0.012089853453051247f,0.2415537681085536f,0.9463719990649049f,-0.21455026566857163f,1.35318805279547f,0.6177050856986527f,-0.3204742484250736f,-0.7181480928042657f,0.24157210001393126f,0f,0f,0f,1f],start_interpolation:0}
execute if entity @s[tag=aj.lover_microphone.bone.right_bend] run data modify entity @s {} merge value {transformation:[-0.7483930813513572f,-0.6619905590740254f,-0.04094258763536805f,-0.2954497142319256f,0.2415537681085536f,-0.2145502656685714f,-0.9463719990649049f,1.147177286155597f,0.6177050856986527f,-0.7181480928042658f,0.32047424842507344f,-0.017231633495865442f,0f,0f,0f,1f],start_interpolation:0}