execute if entity @s[tag=aj.lover_microphone.bone.left_straight] run data modify entity @s {} merge value {transformation:[-0.9965164285109738f,-0.07362675230436269f,-0.03916770420697724f,0.020964309650491286f,-0.07896333170453822f,0.9840959051298771f,0.1591227254440011f,1.000728368926351f,0.02682908783116398f,0.16166122247378903f,-0.9864815503568365f,-0.061833709575580986f,0f,0f,0f,1f],start_interpolation:0}
execute if entity @s[tag=aj.lover_microphone.bone.left_bend] run data modify entity @s {} merge value {transformation:[-0.9965164285109738f,-0.07362675230436269f,-0.03916770420697724f,0.371360032114136f,-0.07896333170453822f,0.9840959051298771f,0.1591227254440011f,1.049714035576296f,0.02682908783116398f,0.16166122247378903f,-0.9864815503568365f,-0.12312295842767085f,0f,0f,0f,1f],start_interpolation:0}
execute if entity @s[tag=aj.lover_microphone.bone.right_straight] run data modify entity @s {} merge value {transformation:[-0.754396049284264f,0.10868842937685276f,-0.6473588078831455f,-0.0023108873288564258f,0.23934434488808565f,0.9638482669582942f,-0.11709313750850595f,0.9719872419253557f,0.6112289958717497f,-0.24327627011503952f,-0.7531372856289396f,-0.13058557791203582f,0f,0f,0f,1f],start_interpolation:0}
execute if entity @s[tag=aj.lover_microphone.bone.microphone] run data modify entity @s {} merge value {transformation:[-0.754396049284264f,0.058639994429655264f,-0.6537950381255462f,-0.014887231880756413f,0.23934434488808565f,0.9520058093676256f,-0.1907858052906065f,1.343808164506558f,0.6112289958717497f,-0.3004102028619902f,-0.7322245725336116f,0.24880450631326226f,0f,0f,0f,1f],start_interpolation:0}
execute if entity @s[tag=aj.lover_microphone.bone.right_bend] run data modify entity @s {} merge value {transformation:[-0.754396049284264f,-0.6537950381255462f,-0.05863999442965541f,-0.29702677325690835f,0.23934434488808565f,-0.1907858052906063f,-0.9520058093676256f,1.1470205402050837f,0.6112289958717497f,-0.7322245725336117f,0.30041020286199005f,-0.018374327550159032f,0f,0f,0f,1f],start_interpolation:0}