execute if entity @s[tag=aj.lover_microphone.bone.left_straight] run data modify entity @s {} merge value {transformation:[-0.9964635500037088f,-0.07180186166461112f,-0.04364500172416224f,0.020520072503367015f,-0.07659559087149731f,0.9897563272691972f,0.12048040541779452f,1.0014819774380128f,0.03454719920705985f,0.12339734718415132f,-0.9917558095291712f,-0.043981328326716924f,0f,0f,0f,1f],start_interpolation:0}
execute if entity @s[tag=aj.lover_microphone.bone.left_bend] run data modify entity @s {} merge value {transformation:[-0.9964635500037088f,-0.07180186166461112f,-0.04364500172416224f,0.3706756981242292f,-0.07659559087149731f,0.9897563272691972f,0.12048040541779452f,1.047591377274051f,0.03454719920705985f,0.12339734718415132f,-0.9917558095291712f,-0.10877400519405671f,0f,0f,0f,1f],start_interpolation:0}
execute if entity @s[tag=aj.lover_microphone.bone.right_straight] run data modify entity @s {} merge value {transformation:[-0.7701865100108564f,0.11831059451930091f,-0.6267498249076633f,-0.0049776662967080665f,0.24932574507471317f,0.9603040969598563f,-0.1251108077068248f,0.9704758866281404f,0.5870684905871173f,-0.25262352342290795f,-0.7691111381153957f,-0.11805152494679302f,0f,0f,0f,1f],start_interpolation:0}
execute if entity @s[tag=aj.lover_microphone.bone.microphone] run data modify entity @s {} merge value {transformation:[-0.7701865100108564f,0.10307302302788977f,-0.6294352164609072f,-0.024631141432929604f,0.24932574507471317f,0.9569867934388349f,-0.14836761785037883f,1.3274192176595054f,0.5870684905871173f,-0.2712051421111868f,-0.7627570768286681f,0.26732599103970034f,0f,0f,0f,1f],start_interpolation:0}
execute if entity @s[tag=aj.lover_microphone.bone.right_bend] run data modify entity @s {} merge value {transformation:[-0.7701865100108564f,-0.6294352164609072f,-0.10307302302788991f,-0.30212852630200815f,0.24932574507471317f,-0.1483676178503786f,-0.9569867934388349f,1.1477557102922016f,0.5870684905871173f,-0.7627570768286682f,0.2712051421111866f,-0.016273805614109876f,0f,0f,0f,1f],start_interpolation:0}