execute if entity @s[tag=aj.lover_microphone.bone.left_straight] run data modify entity @s {} merge value {transformation:[-0.5002673278574075f,0.8254999041713443f,0.26130922083139513f,-0.25451018017966875f,0.030698160826129917f,0.3185072560344536f,-0.9474232162952818f,1.3164933194456212f,-0.8653266571649706f,-0.46594316827967835f,-0.18468010269975804f,0.22253549211609797f,0f,0f,0f,1f],start_interpolation:0}
execute if entity @s[tag=aj.lover_microphone.bone.left_bend] run data modify entity @s {} merge value {transformation:[-0.5002673278574075f,0.856557572733111f,0.12665593263629987f,-0.05250334507964083f,0.030698160826129917f,0.16372924835678618f,-0.9860275635875577f,1.2579222339644318f,-0.8653266571649706f,-0.4893892702400448f,-0.10820313569215179f,0.5135609143754564f,0f,0f,0f,1f],start_interpolation:0}
execute if entity @s[tag=aj.lover_microphone.bone.right_straight] run data modify entity @s {} merge value {transformation:[-0.8641804945837326f,0.41945455329265935f,-0.27793875315088906f,-0.14945837877176735f,0.45251442070030806f,0.8894052009696043f,-0.06472316081962176f,0.9067635466804405f,0.2200517480941242f,-0.18170378700036366f,-0.958415860652591f,0.1576997752348841f,0f,0f,0f,1f],start_interpolation:0}
execute if entity @s[tag=aj.lover_microphone.bone.microphone] run data modify entity @s {} merge value {transformation:[-0.8641804945837326f,0.4157816778909666f,-0.2834037210609412f,-0.2431644443152689f,0.45251442070030806f,0.8884821176677559f,-0.07635591426264818f,1.2897170368867485f,0.2200517480941242f,-0.19422956241209188f,-0.9559561209835563f,0.5035460128421403f,0f,0f,0f,1f],start_interpolation:0}
execute if entity @s[tag=aj.lover_microphone.bone.right_bend] run data modify entity @s {} merge value {transformation:[-0.8641804945837326f,-0.2834037210609411f,-0.41578167789096665f,-0.4150325415277559f,0.45251442070030806f,-0.07635591426264798f,-0.8884821176677559f,1.1490926625367541f,0.2200517480941242f,-0.9559561209835563f,0.19422956241209166f,0.12884778539768993f,0f,0f,0f,1f],start_interpolation:0}
execute if entity @s[tag=aj.lover_microphone.bone.head] run data modify entity @s {} merge value {transformation:[-0.9154272976938468f,0.007088963574067797f,0.4024209353803389f,-0.08492276802688709f,-0.002470905242859679f,0.9997270517932173f,-0.023231800191172824f,1.3839035260411119f,-0.4024757846929703f,-0.02226136806863649f,-0.9151599172972398f,0.2651608047735525f,0f,0f,0f,1f],start_interpolation:0}
execute if entity @s[tag=aj.lover_microphone.bone.outfit] run data modify entity @s {} merge value {transformation:[-0.92083415047054f,-0.11323035736918279f,0.37315325738528154f,0.07784587069131317f,0.035568215334208876f,0.9285380347214824f,0.3695294577344362f,0.04913010112898086f,-0.3883289448201594f,0.35354773969807f,-0.8510021306490645f,-0.24306407104242317f,0f,0f,0f,1f],start_interpolation:0}
execute if entity @s[tag=aj.lover_microphone.bone.chest] run data modify entity @s {} merge value {transformation:[-0.92083415047054f,-0.11323035736918279f,0.37315325738528154f,-0.007098058500982568f,0.035568215334208876f,0.9285380347214824f,0.3695294577344362f,0.6908337152215392f,-0.3883289448201594f,0.35354773969807f,-0.8510021306490645f,-0.011028771062580225f,0f,0f,0f,1f],start_interpolation:0}