execute if entity @s[tag=aj.lover_microphone.bone.left_straight] run data modify entity @s {} merge value {transformation:[-0.9963451215119015f,-0.06639864189900596f,-0.05373657221485039f,0.019018635903203296f,-0.07421621912167749f,0.9843631778151163f,0.15975320648115024f,1.0022741613359973f,0.04228890704094175f,0.16315745314172272f,-0.9856933061686018f,-0.05697307827432691f,0f,0f,0f,1f],start_interpolation:0}
execute if entity @s[tag=aj.lover_microphone.bone.left_bend] run data modify entity @s {} merge value {transformation:[-0.9963451215119015f,-0.06639864189900596f,-0.05373657221485039f,0.3686494907121272f,-0.07421621912167749f,0.9843631778151163f,0.15975320648115024f,1.0496138083193314f,0.04228890704094175f,0.16315745314172272f,-0.9856933061686018f,-0.12368404492814598f,0f,0f,0f,1f],start_interpolation:0}
execute if entity @s[tag=aj.lover_microphone.bone.right_straight] run data modify entity @s {} merge value {transformation:[-0.7671014989014973f,0.11527960391349999f,-0.6310831191726038f,-0.004101176216826347f,0.24448908541101722f,0.9620156815668925f,-0.12145334715137115f,0.9712229024913233f,0.593110763262614f,-0.24745997927126256f,-0.7661482762240647f,-0.122224910742881f,0f,0f,0f,1f],start_interpolation:0}
execute if entity @s[tag=aj.lover_microphone.bone.microphone] run data modify entity @s {} merge value {transformation:[-0.7671014989014973f,0.09447916628384442f,-0.6345305174074656f,-0.022373076300905792f,0.24448908541101722f,0.9575050110583222f,-0.15300078729564306f,1.3290683323031356f,0.593110763262614f,-0.2725029191339277f,-0.7576026541436661f,0.2636546085319775f,0f,0f,0f,1f],start_interpolation:0}
execute if entity @s[tag=aj.lover_microphone.bone.right_bend] run data modify entity @s {} merge value {transformation:[-0.7671014989014973f,-0.6345305174074656f,-0.09447916628384456f,-0.3009285359584668f,0.24448908541101722f,-0.15300078729564284f,-0.9575050110583222f,1.1473939714657275f,0.593110763262614f,-0.7576026541436662f,0.27250291913392755f,-0.017617326897182164f,0f,0f,0f,1f],start_interpolation:0}