execute if entity @s[tag=aj.lover_microphone.bone.left_straight] run data modify entity @s {} merge value {transformation:[-0.9961946980917455f,-0.010244059176064465f,0.08655161896517742f,-0.010338002020385817f,-0.08715574274765817f,0.11709013217500042f,-0.9892895316606484f,1.3964117160497471f,-1.150597709306548e-16f,-0.9930684569549263f,-0.11753739745783796f,0.3287234882751566f,0f,0f,0f,1f],start_interpolation:0}
execute if entity @s[tag=aj.lover_microphone.bone.left_bend] run data modify entity @s {} merge value {transformation:[-0.9961946980917455f,-0.010244059176064465f,0.08655161896517742f,0.3475915221910242f,-0.08715574274765817f,0.11709013217500042f,-0.9892895316606484f,1.3748412004343749f,-1.150597709306548e-16f,-0.9930684569549263f,-0.11753739745783796f,0.3099006713580974f,0f,0f,0f,1f],start_interpolation:0}
execute if entity @s[tag=aj.lover_microphone.bone.right_straight] run data modify entity @s {} merge value {transformation:[-0.7517573668785414f,0.11604784837632989f,-0.6491484870436551f,-0.004380698341819839f,0.26244372566889823f,0.9557274553508357f,-0.1330726190681031f,0.9683176748609285f,0.604966240546421f,-0.2704032691663337f,-0.7489311849718164f,-0.11821890644940711f,0f,0f,0f,1f],start_interpolation:0}
execute if entity @s[tag=aj.lover_microphone.bone.microphone] run data modify entity @s {} merge value {transformation:[-0.7517573668785414f,0.04919532616824165f,-0.6576022211238663f,-0.01501142958034074f,0.26244372566889823f,0.9371574280442482f,-0.22991138710059136f,1.3600159122752382f,0.604966240546421f,-0.3454211559020237f,-0.7174260051423f,0.24475097516390354f,0f,0f,0f,1f],start_interpolation:0}
execute if entity @s[tag=aj.lover_microphone.bone.right_bend] run data modify entity @s {} merge value {transformation:[-0.7517573668785414f,-0.6576022211238663f,-0.04919532616824179f,-0.2975669822441369f,0.26244372566889823f,-0.22991138710059117f,-0.9371574280442482f,1.1487797821346706f,0.604966240546421f,-0.7174260051423001f,0.34542115590202355f,-0.010698190293482734f,0f,0f,0f,1f],start_interpolation:0}