execute if entity @s[tag=aj.lover_microphone.bone.left_straight] run data modify entity @s {} merge value {transformation:[-0.7673073901771853f,-0.6385695583097217f,0.05889217417962682f,0.31582990001831396f,0.026089438427542744f,-0.12284416310228274f,-0.9920829868484967f,1.5297052362709858f,0.6407485545688044f,-0.7596961437257832f,0.1109191553617377f,0.45309919845154406f,0f,0f,0f,1f],start_interpolation:0}
execute if entity @s[tag=aj.lover_microphone.bone.left_bend] run data modify entity @s {} merge value {transformation:[-0.7673073901771853f,-0.6385695583097217f,0.05889217417962682f,0.5832135843661457f,0.026089438427542744f,-0.12284416310228274f,-0.9920829868484967f,1.464816561163356f,0.6407485545688044f,-0.7596961437257832f,0.1109191553617377f,0.22238605389716876f,0f,0f,0f,1f],start_interpolation:0}
execute if entity @s[tag=aj.lover_microphone.bone.right_straight] run data modify entity @s {} merge value {transformation:[-0.7463177918278071f,0.11314586114691098f,-0.6559022546893629f,-0.003581438460504044f,0.2603976193360522f,0.9565337220079994f,-0.131287160475196f,0.9685888530062834f,0.6125380261219562f,-0.26877732933945037f,-0.7433410480982267f,-0.12167378017057015f,0f,0f,0f,1f],start_interpolation:0}
execute if entity @s[tag=aj.lover_microphone.bone.microphone] run data modify entity @s {} merge value {transformation:[-0.7463177918278071f,0.03295590650116464f,-0.6647733913356885f,-0.012324437673172983f,0.2603976193360522f,0.9336219076407759f,-0.2460553056069207f,1.3661577320411826f,0.6125380261219562f,-0.35674086084984047f,-0.7053602801084934f,0.2380164678059555f,0f,0f,0f,1f],start_interpolation:0}
execute if entity @s[tag=aj.lover_microphone.bone.right_bend] run data modify entity @s {} merge value {transformation:[-0.7463177918278071f,-0.6647733913356885f,-0.03295590650116478f,-0.2958541152753247f,0.2603976193360522f,-0.24605530560692052f,-0.9336219076407759f,1.1486113348016753f,0.6125380261219562f,-0.7053602801084935f,0.3567408608498403f,-0.01097571303053499f,0f,0f,0f,1f],start_interpolation:0}