execute if entity @s[tag=aj.lover_microphone.bone.left_straight] run data modify entity @s {} merge value {transformation:[-0.9964231004536478f,-0.06748400296739046f,-0.05086171670162994f,0.019254785696596388f,-0.07562439779802771f,0.9806908407096241f,0.1803508397705325f,1.002074513899796f,0.037708823105810224f,0.1835521296301077f,-0.9822864451717874f,-0.06668629432305058f,0f,0f,0f,1f],start_interpolation:0}
execute if entity @s[tag=aj.lover_microphone.bone.left_bend] run data modify entity @s {} merge value {transformation:[-0.9964231004536478f,-0.06748400296739046f,-0.05086171670162994f,0.36905650111277144f,-0.07562439779802771f,0.9806908407096241f,0.1803508397705325f,1.0509909347338908f,0.037708823105810224f,0.1835521296301077f,-0.9822864451717874f,-0.13133204861129033f,0f,0f,0f,1f],start_interpolation:0}
execute if entity @s[tag=aj.lover_microphone.bone.right_straight] run data modify entity @s {} merge value {transformation:[-0.7592872132559159f,0.1105285954165346f,-0.6413005203345101f,-0.002790861825084673f,0.23950183769164884f,0.9637645060074151f,-0.11745997915292698f,0.9719872880535578f,0.6050799926690591f,-0.24277851337284967f,-0.7582458677210714f,-0.12845341615402736f,0f,0f,0f,1f],start_interpolation:0}
execute if entity @s[tag=aj.lover_microphone.bone.microphone] run data modify entity @s {} merge value {transformation:[-0.7592872132559159f,0.0726436145407477f,-0.6466883585255888f,-0.017499018360577323f,0.23950183769164884f,0.9551942985373543f,-0.1739043466508377f,1.3371634048745014f,0.6050799926690591f,-0.28692639702227973f,-0.7426650962334398f,0.2545487266371472f,0f,0f,0f,1f],start_interpolation:0}
execute if entity @s[tag=aj.lover_microphone.bone.right_bend] run data modify entity @s {} merge value {transformation:[-0.7592872132559159f,-0.6466883585255888f,-0.07264361454074784f,-0.2984136326230804f,0.23950183769164884f,-0.17390434665083748f,-0.9551942985373543f,1.1470323724181586f,0.6050799926690591f,-0.7426650962334399f,0.28692639702227957f,-0.01867240933445971f,0f,0f,0f,1f],start_interpolation:0}