execute if entity @s[tag=aj.lover_microphone.bone.left_straight] run data modify entity @s {} merge value {transformation:[-0.996230658015265f,-0.08662334034400902f,-0.004568691072729125f,0.02421511930357395f,-0.08673258473726862f,0.9955645730049614f,0.036450510589585566f,1.0002180724059893f,0.0013909619924985747f,0.03670937053525909f,-0.999325015868031f,-0.02173708197914495f,0f,0f,0f,1f],start_interpolation:0}
execute if entity @s[tag=aj.lover_microphone.bone.left_bend] run data modify entity @s {} merge value {transformation:[-0.996230658015265f,-0.08662334034400902f,-0.004568691072729125f,0.3762337526290034f,-0.08673258473726862f,0.9955645730049614f,0.036450510589585566f,1.0454132851231395f,0.0013909619924985747f,0.03670937053525909f,-0.999325015868031f,-0.07626601395072212f,0f,0f,0f,1f],start_interpolation:0}
execute if entity @s[tag=aj.lover_microphone.bone.right_straight] run data modify entity @s {} merge value {transformation:[-0.7443974235294141f,0.10695977738252985f,-0.6591146196717609f,-0.001900427113371489f,0.24487909962360338f,0.9620431838440942f,-0.1204455851687882f,0.9710274892331685f,0.6212138942508479f,-0.25106277788911313f,-0.742334681358953f,-0.13148048465547366f,0f,0f,0f,1f],start_interpolation:0}
execute if entity @s[tag=aj.lover_microphone.bone.microphone] run data modify entity @s {} merge value {transformation:[-0.7443974235294141f,0.02874776405888001f,-0.6671177121800809f,-0.010502293601520107f,0.24487909962360338f,0.9412178794880334f,-0.23268676348168865f,1.360357839571757f,0.6212138942508479f,-0.33657461192678356f,-0.7076798910496407f,0.23656171339829363f,0f,0f,0f,1f],start_interpolation:0}
execute if entity @s[tag=aj.lover_microphone.bone.right_bend] run data modify entity @s {} merge value {transformation:[-0.7443974235294141f,-0.6671177121800809f,-0.02874776405888016f,-0.2944861449492586f,0.24487909962360338f,-0.23268676348168843f,-0.9412178794880334f,1.1474178149568366f,0.6212138942508479f,-0.7076798910496408f,0.3365746119267834f,-0.01587112369205773f,0f,0f,0f,1f],start_interpolation:0}