execute if entity @s[tag=aj.lover_microphone.bone.left_straight] run data modify entity @s {} merge value {transformation:[-0.9965179738602139f,-0.0759624283586397f,-0.034374950929312365f,0.021607481178292365f,-0.08023487530236507f,0.9857941008959519f,0.1475545845575655f,1.0002501426298562f,0.02267801928626103f,0.1497988655384291f,-0.9884563760352055f,-0.05860168867487572f,0f,0f,0f,1f],start_interpolation:0}
execute if entity @s[tag=aj.lover_microphone.bone.left_bend] run data modify entity @s {} merge value {transformation:[-0.9965179738602139f,-0.0759624283586397f,-0.034374950929312365f,0.3722359106344899f,-0.08023487530236507f,0.9857941008959519f,0.1475545845575655f,1.049077212164018f,0.02267801928626103f,0.1497988655384291f,-0.9884563760352055f,-0.11867457457691087f,0f,0f,0f,1f],start_interpolation:0}
execute if entity @s[tag=aj.lover_microphone.bone.right_straight] run data modify entity @s {} merge value {transformation:[-0.7528132793457377f,0.10822748634893739f,-0.6492757331360128f,-0.002194333654772257f,0.23966810730402022f,0.9637499553869975f,-0.11724001805215187f,0.9719255950598256f,0.613050866390404f,-0.24387052853953226f,-0.7514624411957155f,-0.13105297541503375f,0f,0f,0f,1f],start_interpolation:0}
execute if entity @s[tag=aj.lover_microphone.bone.microphone] run data modify entity @s {} merge value {transformation:[-0.7528132793457377f,0.054033667067414824f,-0.6560125984033874f,-0.014105933557046924f,0.23966810730402022f,0.950714507271305f,-0.19672601252805477f,1.3461513636731306f,0.613050866390404f,-0.3053232524507878f,-0.7286606526572211f,0.24692187210733854f,0f,0f,0f,1f],start_interpolation:0}
execute if entity @s[tag=aj.lover_microphone.bone.right_bend] run data modify entity @s {} merge value {transformation:[-0.7528132793457377f,-0.6560125984033874f,-0.05403366706741497f,-0.29659830585068414f,0.23966810730402022f,-0.19672601252805455f,-0.950714507271305f,1.1470432930938617f,0.613050866390404f,-0.7286606526572212f,0.3053232524507876f,-0.018156710537308746f,0f,0f,0f,1f],start_interpolation:0}