execute if entity @s[tag=aj.lover_microphone.bone.left_straight] run data modify entity @s {} merge value {transformation:[-0.9953190082143651f,-0.08988737169871223f,0.035501159083477285f,0.025152463838430006f,-0.09127088706965324f,0.9950428870638688f,-0.039487695262189426f,1.0032544554360814f,-0.03177573068697903f,-0.0425430759665833f,-0.9985891996344693f,0.010618132550494853f,0f,0f,0f,1f],start_interpolation:0}
execute if entity @s[tag=aj.lover_microphone.bone.left_bend] run data modify entity @s {} merge value {transformation:[-0.9953190082143651f,-0.08954976987430592f,0.03634433384492923f,0.3789920049994996f,-0.09127088706965324f,0.9946278487778178f,-0.04883715398268823f,1.0459118208996312f,-0.03177573068697903f,-0.05192572725604378f,-0.9981452909212364f,-0.03309751871361672f,0f,0f,0f,1f],start_interpolation:0}
execute if entity @s[tag=aj.lover_microphone.bone.right_straight] run data modify entity @s {} merge value {transformation:[-0.7820575423812324f,0.13414926608470723f,-0.6085967259306949f,-0.006937039521658889f,0.26623799160029654f,0.9548756058141407f,-0.13164311318758137f,0.968343336662723f,0.5634743403503548f,-0.26498405957719856f,-0.7824833007398434f,-0.09854468420522464f,0f,0f,0f,1f],start_interpolation:0}
execute if entity @s[tag=aj.lover_microphone.bone.microphone] run data modify entity @s {} merge value {transformation:[-0.7820575423812324f,0.12360396215249331f,-0.6108257205986269f,-0.032456813718574506f,0.26623799160029654f,0.9524561246931703f,-0.14813730915305764f,1.3290636732310868f,0.5634743403503548f,-0.2784769130011914f,-0.7777835667408122f,0.2819156044368385f,0f,0f,0f,1f],start_interpolation:0}
execute if entity @s[tag=aj.lover_microphone.bone.right_bend] run data modify entity @s {} merge value {transformation:[-0.7820575423812324f,-0.6108257205986269f,-0.12360396215249345f,-0.3047491772636403f,0.26623799160029654f,-0.14813730915305742f,-0.9524561246931703f,1.1500976768249962f,0.5634743403503548f,-0.7777835667408123f,0.2784769130011912f,-0.007118407465217955f,0f,0f,0f,1f],start_interpolation:0}
execute if entity @s[tag=aj.lover_microphone.bone.head] run data modify entity @s {} merge value {transformation:[-0.9999239398849803f,-0.0000506548049805486f,0.01233336446348381f,0.000810098043728445f,-0.000051259388494481924f,0.9999999975001951f,-0.00004870405373607126f,1.4374401367781173f,-0.012333361965558459f,-0.00004933255002061848f,-0.9999239399818998f,0.009441132896973431f,0f,0f,0f,1f],start_interpolation:0}
execute if entity @s[tag=aj.lover_microphone.bone.outfit] run data modify entity @s {} merge value {transformation:[-0.9999233777869126f,0.00108013072497126f,0.01233174248953627f,-0.000742589873417741f,0.0012351973567731715f,0.999920182370823f,0.012573908500933591f,0.00005487462005915322f,-0.0123171767341823f,0.012588177195964573f,-0.9998449004481554f,-0.008654371822225644f,0f,0f,0f,1f],start_interpolation:0}
execute if entity @s[tag=aj.lover_microphone.bone.chest] run data modify entity @s {} merge value {transformation:[-0.9999233777869126f,0.00108013072497126f,0.01233174248953627f,-0.010838393371580863f,0.0012351973567731715f,0.999920182370823f,0.012573908500933591f,0.6876137083044566f,-0.0123171767341823f,0.012588177195964573f,-0.9998449004481554f,-0.008102233170976358f,0f,0f,0f,1f],start_interpolation:0}