execute if entity @s[tag=aj.lover_microphone.bone.left_straight] run data modify entity @s {} merge value {transformation:[-0.9963243969824768f,-0.06491702528512415f,-0.055888064965918f,0.01856918378593614f,-0.07389891929970073f,0.9813367954214313f,0.177530402124065f,1.0025900140942547f,0.043320268972392544f,0.18100793844504848f,-0.9825270889476957f,-0.06369698792713172f,0f,0f,0f,1f],start_interpolation:0}
execute if entity @s[tag=aj.lover_microphone.bone.left_bend] run data modify entity @s {} merge value {transformation:[-0.9963243969824768f,-0.06491702528512415f,-0.055888064965918f,0.36809388448192154f,-0.07389891929970073f,0.9813367954214313f,0.177530402124065f,1.0507487017169632f,0.043320268972392544f,0.18100793844504848f,-0.9825270889476957f,-0.13037797691689312f,0f,0f,0f,1f],start_interpolation:0}
execute if entity @s[tag=aj.lover_microphone.bone.right_straight] run data modify entity @s {} merge value {transformation:[-0.7641096308941522f,0.11310822258883313f,-0.6350929081304543f,-0.0034916203098172838f,0.24168704677862565f,0.9629953765596506f,-0.11927814612980507f,0.971657207733265f,0.598100195113017f,-0.24463530960908259f,-0.7631708340196443f,-0.1251423791698978f,0f,0f,0f,1f],start_interpolation:0}
execute if entity @s[tag=aj.lover_microphone.bone.microphone] run data modify entity @s {} merge value {transformation:[-0.7641096308941522f,0.08617055768034551f,-0.6393051751424047f,-0.020389597047542174f,0.24168704677862565f,0.9570949893344546f,-0.15986416987651256f,1.3316863983457043f,0.598100195113017f,-0.27666553160800184f,-0.7521518066360225f,0.26015878488558986f,0f,0f,0f,1f],start_interpolation:0}
execute if entity @s[tag=aj.lover_microphone.bone.right_bend] run data modify entity @s {} merge value {transformation:[-0.7641096308941522f,-0.6393051751424047f,-0.08617055768034565f,-0.2999047085216892f,0.24168704677862565f,-0.15986416987651234f,-0.9570949893344546f,1.1471894688277908f,0.598100195113017f,-0.7521518066360227f,0.27666553160800167f,-0.01830989307808782f,0f,0f,0f,1f],start_interpolation:0}