execute if entity @s[tag=aj.lover_microphone.bone.left_straight] run data modify entity @s {} merge value {transformation:[-0.9093198522197998f,0.07647373944120033f,0.4090099919743294f,-0.031243703616689544f,-0.10862131094200898f,0.9052557393996774f,-0.4107474371109123f,1.0488163175393168f,-0.40167003518833844f,-0.41792800032998856f,-0.8148603373412993f,0.15707026635163387f,0f,0f,0f,1f],start_interpolation:0}
execute if entity @s[tag=aj.lover_microphone.bone.left_bend] run data modify entity @s {} merge value {transformation:[-0.9093198522197998f,0.10319583838783636f,0.40309803435193425f,0.31454042933538584f,-0.10862131094200898f,0.8762958600013679f,-0.469368700014927f,1.0762600643266023f,-0.40167003518833844f,-0.4705913138636271f,-0.7856239546678195f,0.24987815418273007f,0f,0f,0f,1f],start_interpolation:0}
execute if entity @s[tag=aj.lover_microphone.bone.right_straight] run data modify entity @s {} merge value {transformation:[-0.8500967093297009f,0.24068219778922717f,-0.4684097185735598f,-0.02791787413598945f,0.32705643756922154f,0.9384187780644356f,-0.11137451961998067f,0.9573116710173224f,0.41275861157744975f,-0.2478755265115919f,-0.876463377401051f,0.006444249662691907f,0f,0f,0f,1f],start_interpolation:0}
execute if entity @s[tag=aj.lover_microphone.bone.microphone] run data modify entity @s {} merge value {transformation:[-0.8500967093297009f,0.23313381798377053f,-0.4722120368003386f,-0.09658877754755704f,0.32705643756922154f,0.9365104999167169f,-0.12642060824988546f,1.327022556994404f,0.41275861157744975f,-0.26190972959791176f,-0.8723724102185973f,0.3724735981661932f,0f,0f,0f,1f],start_interpolation:0}
execute if entity @s[tag=aj.lover_microphone.bone.right_bend] run data modify entity @s {} merge value {transformation:[-0.8500967093297009f,-0.4722120368003385f,-0.23313381798377064f,-0.32469684099797197f,0.32705643756922154f,-0.12642060824988527f,-0.9365104999167169f,1.1592458499854752f,0.41275861157744975f,-0.8723724102185975f,0.2619097295979116f,0.04151996527342263f,0f,0f,0f,1f],start_interpolation:0}
execute if entity @s[tag=aj.lover_microphone.bone.head] run data modify entity @s {} merge value {transformation:[-0.987271809947246f,0.00040633479710460926f,0.15904152971951047f,-0.006227483369001065f,-0.0017429871363487792f,0.9999090383230901f,-0.013374493472109505f,1.4303807568945197f,-0.15903249755736024f,-0.013481467717783552f,-0.9871812978115229f,0.10290480788920536f,0f,0f,0f,1f],start_interpolation:0}
execute if entity @s[tag=aj.lover_microphone.bone.outfit] run data modify entity @s {} merge value {transformation:[-0.9875155918454828f,-0.008303311158668086f,0.15730229141963686f,0.005708526421584309f,0.01346199540427653f,0.9905076758593596f,0.13679663279271506f,0.006525972846690209f,-0.15694499208895218f,0.13720641051894047f,-0.9780299946170908f,-0.09432940723177158f,0f,0f,0f,1f],start_interpolation:0}
execute if entity @s[tag=aj.lover_microphone.bone.chest] run data modify entity @s {} merge value {transformation:[-0.9875155918454828f,-0.008303311158668086f,0.15730229141963686f,-0.009547449151059735f,0.01346199540427653f,0.9905076758593596f,0.13679663279271506f,0.6887373387423013f,-0.15694499208895218f,0.13720641051894047f,-0.9780299946170908f,-0.009510262370577857f,0f,0f,0f,1f],start_interpolation:0}