execute if entity @s[tag=aj.lover_microphone.bone.left_straight] run data modify entity @s {} merge value {transformation:[-0.5911091273799901f,0.8058543088218131f,0.03447945013170131f,-0.2651775434783347f,0.05542215687082744f,0.08322496541198587f,-0.9949884369478668f,1.4017935875515701f,-0.8046852701869545f,-0.5862358212234148f,-0.09385722059946366f,0.31765458525317736f,0f,0f,0f,1f],start_interpolation:0}
execute if entity @s[tag=aj.lover_microphone.bone.left_bend] run data modify entity @s {} merge value {transformation:[-0.5911091273799901f,0.795769596111208f,-0.131684279369526f,-0.043565138485477606f,0.05542215687082744f,-0.12280323411218953f,-0.9908823089647791f,1.3289183901517851f,-0.8046852701869545f,-0.5930178037770801f,0.028486845166786526f,0.5906202926965056f,0f,0f,0f,1f],start_interpolation:0}
execute if entity @s[tag=aj.lover_microphone.bone.right_straight] run data modify entity @s {} merge value {transformation:[-0.8536230159402781f,0.4108367738280547f,-0.32022006796511016f,-0.15436352145465063f,0.4406046994121463f,0.8974017500622748f,-0.023186156238120648f,0.8920715479036783f,0.2778403237706078f,-0.16088270340755162f,-0.9470594016382086f,0.18374702761209305f,0f,0f,0f,1f],start_interpolation:0}
execute if entity @s[tag=aj.lover_microphone.bone.microphone] run data modify entity @s {} merge value {transformation:[-0.8536230159402781f,0.40718271264643585f,-0.32485379046413165f,-0.2329029824688294f,0.4406046994121463f,0.8970814911354132f,-0.03335111869481154f,1.2586306251420598f,0.2778403237706078f,-0.17160138922559248f,-0.9451760247186185f,0.5502318308021827f,0f,0f,0f,1f],start_interpolation:0}
execute if entity @s[tag=aj.lover_microphone.bone.right_bend] run data modify entity @s {} merge value {transformation:[-0.8536230159402781f,-0.32485379046413154f,-0.4071827126464359f,-0.420993537014963f,0.4406046994121463f,-0.03335111869481134f,-0.8970814911354132f,1.1348746783750432f,0.2778403237706078f,-0.9451760247186185f,0.17160138922559226f,0.17737927538501994f,0f,0f,0f,1f],start_interpolation:0}
execute if entity @s[tag=aj.lover_microphone.bone.head] run data modify entity @s {} merge value {transformation:[-0.9295607278458481f,-0.004464654322105077f,0.36864199449938073f,-0.08595719089430437f,0.0034672150507531066f,0.9997765770862256f,0.0208512428776384f,1.3648696249461705f,-0.36865272502246493f,0.020660657577495967f,-0.9293375627628404f,0.31029301077182586f,0f,0f,0f,1f],start_interpolation:0}
execute if entity @s[tag=aj.lover_microphone.bone.outfit] run data modify entity @s {} merge value {transformation:[-0.9353312159879207f,-0.11460958785907249f,0.33469412718082064f,0.07879409165311235f,0.042208598420673614f,0.9031594999282273f,0.427225177053924f,0.06657784379934373f,-0.35124628199871394f,0.4137240143624345f,-0.8399157632298087f,-0.28443525987417373f,0f,0f,0f,1f],start_interpolation:0}
execute if entity @s[tag=aj.lover_microphone.bone.chest] run data modify entity @s {} merge value {transformation:[-0.9353312159879207f,-0.11460958785907249f,0.33469412718082064f,-0.007563091348895717f,0.042208598420673614f,0.9031594999282273f,0.427225177053924f,0.6913661071748746f,-0.35124628199871394f,0.4137240143624345f,-0.8399157632298087f,-0.010534834947598472f,0f,0f,0f,1f],start_interpolation:0}