execute if entity @s[tag=aj.lover_microphone.bone.left_straight] run data modify entity @s {} merge value {transformation:[-0.42915231480475236f,-0.727336047041718f,-0.5355469777446703f,0.5381091301611624f,0.7441381679606769f,0.05135432444134061f,-0.6660488873538495f,1.684005218474884f,0.5119440181131626f,-0.6843573686568305f,0.5191996863281491f,0.4272637833556091f,0f,0f,0f,1f],start_interpolation:0}
execute if entity @s[tag=aj.lover_microphone.bone.left_bend] run data modify entity @s {} merge value {transformation:[-0.42915231480475236f,-0.8880541079245655f,-0.16488842317163088f,0.6520283451003125f,0.7441381679606769f,-0.2441508977303814f,-0.6218108443261312f,1.3843901626933335f,0.5119440181131626f,-0.38955133235011885f,0.7656128798435908f,0.26544178021796816f,0f,0f,0f,1f],start_interpolation:0}
execute if entity @s[tag=aj.lover_microphone.bone.right_straight] run data modify entity @s {} merge value {transformation:[-0.5730159853403026f,0.14390760153320808f,-0.8068105618826773f,-0.010258582923046017f,0.22853094513645694f,0.9734707639321695f,0.011326026856586485f,0.9637210878049979f,0.7870363953843047f,-0.1778911858139065f,-0.5907016491852739f,0.018838682589876116f,0f,0f,0f,1f],start_interpolation:0}
execute if entity @s[tag=aj.lover_microphone.bone.microphone] run data modify entity @s {} merge value {transformation:[-0.5730159853403026f,0.14213761474581343f,-0.8071242649176475f,0.1016214925661616f,0.22853094513645694f,0.9734932645498012f,0.009190810149739789f,1.2631759650523124f,0.7870363953843047f,-0.17918638997016928f,-0.5903100456454548f,0.4331135083609733f,0f,0f,0f,1f],start_interpolation:0}
execute if entity @s[tag=aj.lover_microphone.bone.right_bend] run data modify entity @s {} merge value {transformation:[-0.5730159853403026f,-0.8071242649176475f,-0.1421376147458136f,-0.25443479013791925f,0.22853094513645694f,0.009190810149740006f,-0.9734932645498012f,1.1472239685295975f,0.7870363953843047f,-0.5903100456454548f,0.17918638997016914f,0.21064625863614472f,0f,0f,0f,1f],start_interpolation:0}
execute if entity @s[tag=aj.lover_microphone.bone.head] run data modify entity @s {} merge value {transformation:[-0.9583425716362609f,0.05344086254123501f,-0.2805772435541538f,0.0689857140478742f,0.013367764180845815f,0.9896557681084784f,0.14283824253477434f,1.4146883041398737f,0.28530828636827815f,0.13313727825243596f,-0.9491436386918104f,0.17011214412698283f,0f,0f,0f,1f],start_interpolation:0}
execute if entity @s[tag=aj.lover_microphone.bone.outfit] run data modify entity @s {} merge value {transformation:[-0.9574315551365563f,0.09198095206383226f,-0.27361345304320545f,-0.06323690454388468f,0.023525982400215126f,0.9695844055198317f,0.24362390836052883f,0.020910721205115723f,0.287700096247638f,0.22681619216931043f,-0.9304746474724146f,-0.1559361321164009f,0f,0f,0f,1f],start_interpolation:0}
execute if entity @s[tag=aj.lover_microphone.bone.chest] run data modify entity @s {} merge value {transformation:[-0.9574315551365563f,0.09198095206383226f,-0.27361345304320545f,-0.012652264838244127f,0.023525982400215126f,0.9695844055198317f,0.24362390836052883f,0.6896986934522503f,0.287700096247638f,0.22681619216931043f,-0.9304746474724146f,-0.004268000044337264f,0f,0f,0f,1f],start_interpolation:0}