execute if entity @s[tag=aj.lover_microphone.bone.left_straight] run data modify entity @s {} merge value {transformation:[-0.9965176298527987f,-0.07644682548409418f,-0.033294087552672595f,0.02173636624852865f,-0.07911935933385307f,0.9929590092404793f,0.08816196995738239f,1.0011081537313498f,0.026319961458201594f,0.09048916422185699f,-0.995549582284714f,-0.033940626647300354f,0f,0f,0f,1f],start_interpolation:0}
execute if entity @s[tag=aj.lover_microphone.bone.left_bend] run data modify entity @s {} merge value {transformation:[-0.9965176298527987f,-0.07644682548409418f,-0.033294087552672595f,0.3724175595565353f,-0.07911935933385307f,0.9929590092404793f,0.08816196995738239f,1.0463903715348202f,0.026319961458201594f,0.09048916422185699f,-0.995549582284714f,-0.09643343658319634f,0f,0f,0f,1f],start_interpolation:0}
execute if entity @s[tag=aj.lover_microphone.bone.right_straight] run data modify entity @s {} merge value {transformation:[-0.771682159160507f,0.12029773674285732f,-0.6245279015127542f,-0.0055670264572395545f,0.2529255780512285f,0.9590083726079703f,-0.12779512211060395f,0.9699262894218309f,0.5835540225213344f,-0.25657629625972556f,-0.7704760262310643f,-0.11527573751432527f,0f,0f,0f,1f],start_interpolation:0}
execute if entity @s[tag=aj.lover_microphone.bone.microphone] run data modify entity @s {} merge value {transformation:[-0.771682159160507f,0.10731474045639273f,-0.6268892978143391f,-0.025845583023082486f,0.2529255780512285f,0.9561505828042268f,-0.14766419664424146f,1.3272897782876343f,0.5835540225213344f,-0.2725061641209504f,-0.7649869889842935f,0.26916173362078827f,0f,0f,0f,1f],start_interpolation:0}
execute if entity @s[tag=aj.lover_microphone.bone.right_bend] run data modify entity @s {} merge value {transformation:[-0.771682159160507f,-0.6268892978143391f,-0.10731474045639287f,-0.3028077141482367f,0.2529255780512285f,-0.14766419664424124f,-0.9561505828042268f,1.148032198802452f,0.5835540225213344f,-0.7649869889842936f,0.27250616412095024f,-0.015217093422484632f,0f,0f,0f,1f],start_interpolation:0}