execute if entity @s[tag=aj.lover_microphone.bone.left_straight] run data modify entity @s {} merge value {transformation:[-0.996425077647435f,-0.06986926588760807f,-0.04749052873605294f,0.01999453869851142f,-0.07566645338021616f,0.9881054165464327f,0.13387409616673537f,1.0017208840983696f,0.03757196385821107f,0.13698894654652785f,-0.989859775956125f,-0.048278619948212816f,0f,0f,0f,1f],start_interpolation:0}
execute if entity @s[tag=aj.lover_microphone.bone.left_bend] run data modify entity @s {} merge value {transformation:[-0.996425077647435f,-0.06986926588760807f,-0.04749052873605294f,0.36995097470785304f,-0.07566645338021616f,0.9881054165464327f,0.13387409616673537f,1.0482104687950877f,0.03757196385821107f,0.13698894654652785f,-0.989859775956125f,-0.1138708549549479f,0f,0f,0f,1f],start_interpolation:0}
execute if entity @s[tag=aj.lover_microphone.bone.right_straight] run data modify entity @s {} merge value {transformation:[-0.7693599416849833f,0.11738769813686638f,-0.6279374239974927f,-0.004707821474581125f,0.24776009446789754f,0.9608616332608185f,-0.12393489144147735f,0.9707167852202537f,0.5888125471826645f,-0.2509283763416968f,-0.7683324373126402f,-0.11933130180461815f,0f,0f,0f,1f],start_interpolation:0}
execute if entity @s[tag=aj.lover_microphone.bone.microphone] run data modify entity @s {} merge value {transformation:[-0.7693599416849833f,0.10075874803104277f,-0.6308192727126335f,-0.023999097308452844f,0.24776009446789754f,0.9572523710625394f,-0.1492743570892378f,1.32771623954262f,0.5888125471826645f,-0.2711375532646919f,-0.7614356253091255f,0.2663310753102489f,0f,0f,0f,1f],start_interpolation:0}
execute if entity @s[tag=aj.lover_microphone.bone.right_bend] run data modify entity @s {} merge value {transformation:[-0.7693599416849833f,-0.6308192727126335f,-0.10075874803104291f,-0.3017864047351798f,0.24776009446789754f,-0.14927435708923759f,-0.9572523710625394f,1.1476373928917887f,0.5888125471826645f,-0.7614356253091256f,0.27113755326469174f,-0.016720933995985635f,0f,0f,0f,1f],start_interpolation:0}