execute if entity @s[tag=aj.lover_microphone.bone.left_straight] run data modify entity @s {} merge value {transformation:[-0.3108787327427682f,-0.9467555686819955f,0.08371562994974195f,0.5957878643988758f,0.04095712912076904f,-0.1013426497033092f,-0.9940081392651154f,1.5267517648393558f,0.949566704925165f,-0.3055872388054582f,0.07028166458487474f,0.3888819486683656f,0f,0f,0f,1f],start_interpolation:0}
execute if entity @s[tag=aj.lover_microphone.bone.left_bend] run data modify entity @s {} merge value {transformation:[-0.3108787327427682f,-0.9467555686819955f,0.08371562994974195f,0.6987833382557483f,0.04095712912076904f,-0.1013426497033092f,-0.9940081392651154f,1.456753493638741f,0.949566704925165f,-0.3055872388054582f,0.07028166458487474f,0.05209521455204687f,0f,0f,0f,1f],start_interpolation:0}
execute if entity @s[tag=aj.lover_microphone.bone.right_straight] run data modify entity @s {} merge value {transformation:[-0.7443736291931126f,0.11190611870581096f,-0.6583197709001878f,-0.0032452608621358903f,0.259063000202284f,0.9570388032568397f,-0.13024243159165705f,0.9687803415808846f,0.6154626406924031f,-0.26749532642070034f,-0.7413851821118472f,-0.12325056040538239f,0f,0f,0f,1f],start_interpolation:0}
execute if entity @s[tag=aj.lover_microphone.bone.microphone] run data modify entity @s {} merge value {transformation:[-0.7443736291931126f,0.02718676733325093f,-0.6672096970547134f,-0.011384637717059387f,0.259063000202284f,0.9326709148157075f,-0.2510205700396334f,1.368009287477938f,0.6154626406924031f,-0.3597024386055769f,-0.701298719215382f,0.2356515067792957f,0f,0f,0f,1f],start_interpolation:0}
execute if entity @s[tag=aj.lover_microphone.bone.right_bend] run data modify entity @s {} merge value {transformation:[-0.7443736291931126f,-0.6672096970547134f,-0.02718676733325108f,-0.29521387044205233f,0.259063000202284f,-0.2510205700396332f,-0.9326709148157076f,1.1485035068569522f,0.6154626406924031f,-0.7012987192153821f,0.3597024386055767f,-0.01127114928023798f,0f,0f,0f,1f],start_interpolation:0}