execute if entity @s[tag=aj.lover_microphone.bone.left_straight] run data modify entity @s {} merge value {transformation:[-0.996371838280401f,-0.06754399783836557f,-0.05177806714956855f,0.019346185496536827f,-0.07465444811247919f,0.9857615128038042f,0.15066835517711263f,1.002072280480379f,0.040864082747022655f,0.15398716904588605f,-0.9872274705003291f,-0.05384130065522512f,0f,0f,0f,1f],start_interpolation:0}
execute if entity @s[tag=aj.lover_microphone.bone.left_bend] run data modify entity @s {} merge value {transformation:[-0.996371838280401f,-0.06754399783836557f,-0.05177806714956855f,0.3690789991893871f,-0.07465444811247919f,0.9857615128038042f,0.15066835517711263f,1.0490894326985734f,0.040864082747022655f,0.15398716904588605f,-0.9872274705003291f,-0.12024518839220723f,0f,0f,0f,1f],start_interpolation:0}
execute if entity @s[tag=aj.lover_microphone.bone.right_straight] run data modify entity @s {} merge value {transformation:[-0.7680349307781208f,0.11608928511316303f,-0.6297980811232773f,-0.004332529072460872f,0.24569037480545114f,0.9615934368478828f,-0.12236953027217883f,0.971036678804161f,0.591403910058603f,-0.2487194003148759f,-0.7670593686765088f,-0.12111913999622359f,0f,0f,0f,1f],start_interpolation:0}
execute if entity @s[tag=aj.lover_microphone.bone.microphone] run data modify entity @s {} merge value {transformation:[-0.7680349307781208f,0.09707018265354317f,-0.633008471305286f,-0.023029376167472082f,0.24569037480545114f,0.9574721195510749f,-0.15127253554538272f,1.328428355917024f,0.591403910058603f,-0.27170667993625025f,-0.7592212426199729f,0.26475499670130426f,0f,0f,0f,1f],start_interpolation:0}
execute if entity @s[tag=aj.lover_microphone.bone.right_bend] run data modify entity @s {} merge value {transformation:[-0.7680349307781208f,-0.633008471305286f,-0.09707018265354331f,-0.3012717555591581f,0.24569037480545114f,-0.1512725355453825f,-0.9574721195510749f,1.147482777555677f,0.591403910058603f,-0.759221242619973f,0.2717066799362501f,-0.017295522058566083f,0f,0f,0f,1f],start_interpolation:0}