execute if entity @s[tag=aj.lover_microphone.bone.left_straight] run data modify entity @s {} merge value {transformation:[-0.9962787969800165f,-0.08578284569027678f,-0.008358353505876468f,0.024079008365749943f,-0.08612213658245398f,0.9946343539218114f,0.05731910317698457f,0.999657060191089f,0.00339650975623123f,0.057825646419377146f,-0.9983209195131879f,-0.029263050791141804f,0f,0f,0f,1f],start_interpolation:0}
execute if entity @s[tag=aj.lover_microphone.bone.left_bend] run data modify entity @s {} merge value {transformation:[-0.9962787969800165f,-0.08578284569027678f,-0.008358353505876468f,0.3759185671338538f,-0.08612213658245398f,0.9946343539218114f,0.05731910317698457f,1.0457621172793208f,0.00339650975623123f,0.057825646419377146f,-0.9983209195131879f,-0.08418461740726639f,0f,0f,0f,1f],start_interpolation:0}
execute if entity @s[tag=aj.lover_microphone.bone.right_straight] run data modify entity @s {} merge value {transformation:[-0.7454677887252926f,0.10697409304341575f,-0.6579014511236172f,-0.0018982372441453954f,0.24377519328189629f,0.9624122558600251f,-0.11973430966432218f,0.9712130809139917f,0.620363950526944f,-0.24963812446811146f,-0.7435249664259077f,-0.13168475822794265f,0f,0f,0f,1f],start_interpolation:0}
execute if entity @s[tag=aj.lover_microphone.bone.microphone] run data modify entity @s {} merge value {transformation:[-0.7454677887252926f,0.032057521667599696f,-0.6657702991855029f,-0.01090166043336177f,0.24377519328189629f,0.9427561281461186f,-0.2275621628990933f,1.3583300331873087f,0.620363950526944f,-0.33193854573922377f,-0.7106091546969633f,0.2379268672804155f,0f,0f,0f,1f],start_interpolation:0}
execute if entity @s[tag=aj.lover_microphone.bone.right_bend] run data modify entity @s {} merge value {transformation:[-0.7454677887252926f,-0.6657702991855029f,-0.03205752166759984f,-0.29473455310685603f,0.24377519328189629f,-0.2275621628990931f,-0.9427561281461186f,1.1473373941619205f,0.620363950526944f,-0.7106091546969634f,0.3319385457392236f,-0.016304551833116146f,0f,0f,0f,1f],start_interpolation:0}