execute if entity @s[tag=aj.lover_microphone.bone.left_straight] run data modify entity @s {} merge value {transformation:[-0.9964704047451275f,-0.08178118969257879f,-0.018935930913166782f,0.023037214305445475f,-0.0826093543059521f,0.9954196499899286f,0.04811875928452161f,1.001100404181276f,0.014913988340998947f,0.04951320456599944f,-0.9986621127915938f,-0.021938268191460067f,0f,0f,0f,1f],start_interpolation:0}
execute if entity @s[tag=aj.lover_microphone.bone.left_bend] run data modify entity @s {} merge value {transformation:[-0.9964704047451275f,-0.08178118969257879f,-0.018935930913166782f,0.374417946134717f,-0.0826093543059521f,0.9954196499899286f,0.04811875928452161f,1.0454676312537767f,0.014913988340998947f,0.04951320456599944f,-0.9986621127915938f,-0.08106745171224974f,0f,0f,0f,1f],start_interpolation:0}
execute if entity @s[tag=aj.lover_microphone.bone.right_straight] run data modify entity @s {} merge value {transformation:[-0.7729351353042243f,0.1224781940014039f,-0.6225514987584521f,-0.006226300840617094f,0.25718327261328844f,0.957449994995584f,-0.13094377179108216f,0.9692848465780836f,0.5800241726860697f,-0.26132087378759183f,-0.7715460841859869f,-0.11220408397612366f,0f,0f,0f,1f],start_interpolation:0}
execute if entity @s[tag=aj.lover_microphone.bone.microphone] run data modify entity @s {} merge value {transformation:[-0.7729351353042243f,0.11098177304938259f,-0.624703387747382f,-0.02697037382266443f,0.25718327261328844f,0.9548736071042248f,-0.14857038313097876f,1.3278350235959535f,0.5800241726860697f,-0.27549853086102327f,-0.766598016298802f,0.2707593849301192f,0f,0f,0f,1f],start_interpolation:0}
execute if entity @s[tag=aj.lover_microphone.bone.right_bend] run data modify entity @s {} merge value {transformation:[-0.7729351353042243f,-0.624703387747382f,-0.11098177304938273f,-0.3034759688430242f,0.25718327261328844f,-0.14857038313097853f,-0.9548736071042248f,1.1483672272733818f,0.5800241726860697f,-0.7665980162988021f,0.2754985308610231f,-0.013930947108638153f,0f,0f,0f,1f],start_interpolation:0}