execute if entity @s[tag=aj.lover_microphone.bone.right_straight] run data modify entity @s {} merge value {transformation:[-0.7667405364389315f,0.12233641604341984f,-0.6301926301465217f,-0.006192466398057789f,0.2631222778270659f,0.9553151112095295f,-0.13468372286887742f,0.9683394830796804f,0.5855558185966867f,-0.269085190236058f,-0.7646682572875564f,-0.1114114687550253f,0f,0f,0f,1f],start_interpolation:0}
execute if entity @s[tag=aj.lover_microphone.bone.microphone] run data modify entity @s {} merge value {transformation:[-0.7667405364389315f,0.09341594488346613f,-0.6351239335931758f,-0.023380492794511765f,0.2631222778270659f,0.9481639661404224f,-0.17819023605113862f,1.3398384170679196f,0.5855558185966867f,-0.3037409332875525f,-0.7515755642336776f,0.2633548485280285f,0f,0f,0f,1f],start_interpolation:0}
execute if entity @s[tag=aj.lover_microphone.bone.right_bend] run data modify entity @s {} merge value {transformation:[-0.7667405364389315f,-0.6351239335931758f,-0.09341594488346627f,-0.302051467231647f,0.2631222778270659f,-0.1781902360511384f,-0.9481639661404224f,1.1488441183551972f,0.5855558185966867f,-0.7515755642336777f,0.3037409332875523f,-0.011556564505832548f,0f,0f,0f,1f],start_interpolation:0}