execute if entity @s[tag=aj.lover_microphone.bone.left_straight] run data modify entity @s {} merge value {transformation:[-0.36938292128225136f,-0.637697810025789f,-0.6759421281095765f,0.5844973686619399f,0.27295108887703123f,0.6208463633465933f,-0.7348792391952254f,1.2670529839754225f,0.8882870935378007f,-0.45595098004897744f,-0.05526973173938938f,0.5559346522765178f,0f,0f,0f,1f],start_interpolation:0}
execute if entity @s[tag=aj.lover_microphone.bone.left_bend] run data modify entity @s {} merge value {transformation:[-0.36938292128225136f,-0.8485922599870435f,-0.37874454947242825f,0.6706816817554407f,0.27295108887703123f,0.2905148056297996f,-0.9171144153216234f,1.1379273406688184f,0.8882870935378007f,-0.44214513906630515f,0.12431297379680348f,0.23215700897780345f,0f,0f,0f,1f],start_interpolation:0}
execute if entity @s[tag=aj.lover_microphone.bone.right_straight] run data modify entity @s {} merge value {transformation:[-0.45680526022297335f,0.1910855582790623f,-0.8688010495215811f,0.015270680056345382f,0.2305800741418878f,0.9687111231160488f,0.09182368626865761f,0.9353085095437628f,0.8591634208003407f,-0.1583826675126493f,-0.48657285887134577f,0.10542100505727173f,0f,0f,0f,1f],start_interpolation:0}
execute if entity @s[tag=aj.lover_microphone.bone.microphone] run data modify entity @s {} merge value {transformation:[-0.45680526022297335f,0.18757992807635895f,-0.8695646754643899f,0.1970817710275347f,0.2305800741418878f,0.969073590302014f,0.08791590292936632f,1.2083997955001726f,0.8591634208003407f,-0.16034384042435876f,-0.4859301073164995f,0.5133269345633495f,0f,0f,0f,1f],start_interpolation:0}
execute if entity @s[tag=aj.lover_microphone.bone.right_bend] run data modify entity @s {} merge value {transformation:[-0.45680526022297335f,-0.8695646754643899f,-0.18757992807635915f,-0.1903866777041136f,0.2305800741418878f,0.08791590292936655f,-0.969073590302014f,1.125877970147661f,0.8591634208003407f,-0.48593010731649955f,0.16034384042435865f,0.33229939873313147f,0f,0f,0f,1f],start_interpolation:0}
execute if entity @s[tag=aj.lover_microphone.bone.head] run data modify entity @s {} merge value {transformation:[-0.9158136115103255f,0.10218415962514864f,-0.38838618216166854f,0.14418175719462872f,0.018573239909591553f,0.9768303195757528f,0.21320778953122996f,1.375784586219679f,0.40117385723857363f,0.18804500599387008f,-0.8964923937151335f,0.26072197694991994f,0f,0f,0f,1f],start_interpolation:0}
execute if entity @s[tag=aj.lover_microphone.bone.outfit] run data modify entity @s {} merge value {transformation:[-0.9122290139047913f,0.19224234292617162f,-0.361774940780243f,-0.132166610761743f,0.03652468908568482f,0.9177127816262385f,0.3955618757249313f,0.05657246263196103f,0.4080492289877365f,0.3476293025998932f,-0.8441858176352086f,-0.2389951455374266f,0f,0f,0f,1f],start_interpolation:0}
execute if entity @s[tag=aj.lover_microphone.bone.chest] run data modify entity @s {} merge value {transformation:[-0.9122290139047913f,0.19224234292617162f,-0.361774940780243f,-0.012860398898926217f,0.03652468908568482f,0.9177127816262385f,0.3955618757249313f,0.6910516224840577f,0.4080492289877365f,0.3476293025998932f,-0.8441858176352086f,-0.0022640672922272006f,0f,0f,0f,1f],start_interpolation:0}