execute if entity @s[tag=aj.lover_microphone.bone.left_straight] run data modify entity @s {} merge value {transformation:[-0.9964814886317902f,-0.07287311549384164f,-0.04140231699304407f,0.02080652435330249f,-0.07714108792271288f,0.9905841995137881f,0.11310259160482536f,1.0013700173673692f,0.032770342815899425f,0.11589845862585423f,-0.9927203291561423f,-0.041653141300708255f,0f,0f,0f,1f],start_interpolation:0}
execute if entity @s[tag=aj.lover_microphone.bone.left_bend] run data modify entity @s {} merge value {transformation:[-0.9964814886317902f,-0.07287311549384164f,-0.04140231699304407f,0.3710774183101906f,-0.07714108792271288f,0.9905841995137881f,0.11310259160482536f,1.0472809251823294f,0.032770342815899425f,0.11589845862585423f,-0.9927203291561423f,-0.10596192198469528f,0f,0f,0f,1f],start_interpolation:0}
execute if entity @s[tag=aj.lover_microphone.bone.right_straight] run data modify entity @s {} merge value {transformation:[-0.7705810080489855f,0.11878956011070874f,-0.6261740576252849f,-0.00511869291607378f,0.25016620037198123f,0.9600033309787428f,-0.12573971807334497f,0.9703470146856242f,0.5861926152943716f,-0.2535402234723769f,-0.7694774674127386f,-0.11738482503726114f,0f,0f,0f,1f],start_interpolation:0}
execute if entity @s[tag=aj.lover_microphone.bone.microphone] run data modify entity @s {} merge value {transformation:[-0.7705810080489855f,0.10418345013664454f,-0.6287692094495678f,-0.024941599170057782f,0.25016620037198123f,0.9568167384810723f,-0.148049320004819f,1.327327209090237f,0.5861926152943716f,-0.27138079828917305f,-0.7633679847192153f,0.26780505996445014f,0f,0f,0f,1f],start_interpolation:0}
execute if entity @s[tag=aj.lover_microphone.bone.right_bend] run data modify entity @s {} merge value {transformation:[-0.7705810080489855f,-0.6287692094495678f,-0.10418345013664468f,-0.30229906990093697f,0.25016620037198123f,-0.14804932000481877f,-0.9568167384810723f,1.147819707381745f,0.5861926152943716f,-0.7633679847192154f,0.2713807982891729f,-0.016030296203393288f,0f,0f,0f,1f],start_interpolation:0}