execute if entity @s[tag=aj.lover_microphone.bone.left_straight] run data modify entity @s {} merge value {transformation:[-0.9963352824622457f,-0.06594962947617523f,-0.05446697433153798f,0.018887963117706852f,-0.07406336473648079f,0.9837286001217922f,0.16368463369030706f,1.0023598900919104f,0.04278577946921421f,0.16711878312857054f,-0.985007964130665f,-0.05836923176283379f,0f,0f,0f,1f],start_interpolation:0}
execute if entity @s[tag=aj.lover_microphone.bone.left_bend] run data modify entity @s {} merge value {transformation:[-0.9963352824622457f,-0.06594962947617523f,-0.05446697433153798f,0.36848111105356574f,-0.07406336473648079f,0.9837286001217922f,0.16368463369030706f,1.049851774954328f,0.04278577946921421f,0.16711878312857054f,-0.985007964130665f,-0.12516954367321392f,0f,0f,0f,1f],start_interpolation:0}
execute if entity @s[tag=aj.lover_microphone.bone.right_straight] run data modify entity @s {} merge value {transformation:[-0.7666214399779402f,0.11489117814215728f,-0.6317369586712942f,-0.003990947355127228f,0.24394011763437873f,0.9622081012914856f,-0.12103218091714107f,0.9713080764649955f,0.5939568896600786f,-0.24689185283062945f,-0.7656759276816687f,-0.12275241893673505f,0f,0f,0f,1f],start_interpolation:0}
execute if entity @s[tag=aj.lover_microphone.bone.microphone] run data modify entity @s {} merge value {transformation:[-0.7666214399779402f,0.09314737975354179f,-0.6353071173937836f,-0.022043120784355275f,0.24394011763437873f,0.9574886708628542f,-0.1539761805533905f,1.3294346589243429f,0.5939568896600786f,-0.2730183342091412f,-0.7567537263938584f,0.26309103224198405f,0f,0f,0f,1f],start_interpolation:0}
execute if entity @s[tag=aj.lover_microphone.bone.right_bend] run data modify entity @s {} merge value {transformation:[-0.7666214399779402f,-0.6353071173937836f,-0.09314737975354193f,-0.30075710872450895f,0.24394011763437873f,-0.15397618055339027f,-0.9574886708628542f,1.147353616174645f,0.5939568896600786f,-0.7567537263938585f,0.273018334209141f,-0.01776057617153337f,0f,0f,0f,1f],start_interpolation:0}