execute if entity @s[tag=aj.lover_microphone.bone.left_straight] run data modify entity @s {} merge value {transformation:[-0.9961946980917455f,-0.07713175486558661f,0.040580979353029754f,0.01808781650065394f,-0.08715574274765818f,0.8816199923174223f,-0.463842716502407f,1.0715031236054608f,-1.2199866483456202e-16f,-0.46561452032511114f,-0.884987637463042f,0.16618510873138703f,0f,0f,0f,1f],start_interpolation:0}
execute if entity @s[tag=aj.lover_microphone.bone.left_bend] run data modify entity @s {} merge value {transformation:[-0.9961946980917455f,-0.07713175486558661f,0.040580979353029754f,0.37267440807459495f,-0.08715574274765818f,0.8816199923174223f,-0.463842716502407f,1.0881425028809666f,-1.2199866483456202e-16f,-0.46561452032511114f,-0.884987637463042f,0.11210544512191671f,0f,0f,0f,1f],start_interpolation:0}
execute if entity @s[tag=aj.lover_microphone.bone.right_straight] run data modify entity @s {} merge value {transformation:[-0.7572901717804454f,0.11857356363092562f,-0.642224186505465f,-0.005093457940927998f,0.2632684698589045f,0.9553640655914536f,-0.13404930046337363f,0.9682372628742884f,0.59766320658285f,-0.2705915966626302f,-0.7547044980074479f,-0.11540056257711695f,0f,0f,0f,1f],start_interpolation:0}
execute if entity @s[tag=aj.lover_microphone.bone.microphone] run data modify entity @s {} merge value {transformation:[-0.7572901717804454f,0.06566536162519274f,-0.6497689250859694f,-0.01791726915088626f,0.2632684698589045f,0.9412047116683836f,-0.21171538326580347f,1.3529854009389193f,0.59766320658285f,-0.33139364963117146f,-0.7300526970577109f,0.2516483000605111f,0f,0f,0f,1f],start_interpolation:0}
execute if entity @s[tag=aj.lover_microphone.bone.right_bend] run data modify entity @s {} merge value {transformation:[-0.7572901717804454f,-0.6497689250859694f,-0.06566536162519288f,-0.29925090321314696f,0.2632684698589045f,-0.21171538326580325f,-0.9412047116683836f,1.1488503286178966f,0.59766320658285f,-0.730052697057711f,0.3313936496311713f,-0.010826227740938763f,0f,0f,0f,1f],start_interpolation:0}