execute if entity @s[tag=aj.lover_microphone.bone.left_straight] run data modify entity @s {} merge value {transformation:[-0.9593864111665495f,-0.1272445638230104f,0.25176682673946565f,0.03904574100014452f,0.11116045607887616f,-0.9908019285071961f,-0.07716794328448491f,1.8463210359692468f,0.2592702587519527f,-0.04604736087891542f,0.9647064701155383f,-0.005303377456824965f,0f,0f,0f,1f],start_interpolation:0}
execute if entity @s[tag=aj.lover_microphone.bone.left_bend] run data modify entity @s {} merge value {transformation:[-0.9593864111665495f,-0.1272445638230104f,0.25176682673946565f,0.3914667114336289f,0.11116045607887616f,-0.9908019285071961f,-0.07716794328448491f,1.7903007231901986f,0.2592702587519527f,-0.04604736087891542f,0.9647064701155383f,-0.045232239670406675f,0f,0f,0f,1f],start_interpolation:0}
execute if entity @s[tag=aj.lover_microphone.bone.right_straight] run data modify entity @s {} merge value {transformation:[-0.7411462473662241f,0.10852305146370732f,-0.662514141219619f,-0.002337097556545459f,0.2529560941749026f,0.9592578243375216f,-0.1258476891604385f,0.9697132747761558f,0.6218644984518263f,-0.2608585320595247f,-0.7384019039906441f,-0.12811561839094288f,0f,0f,0f,1f],start_interpolation:0}
execute if entity @s[tag=aj.lover_microphone.bone.microphone] run data modify entity @s {} merge value {transformation:[-0.7411462473662241f,0.018045437805993218f,-0.671101037243539f,-0.009644958849907015f,0.2529560941749026f,0.9334700061962622f,-0.25425766842266084f,1.3689950744886537f,0.6218644984518263f,-0.3582012139933922f,-0.6964024955863659f,0.23202399731844664f,0f,0f,0f,1f],start_interpolation:0}
execute if entity @s[tag=aj.lover_microphone.bone.right_bend] run data modify entity @s {} merge value {transformation:[-0.7411462473662241f,-0.671101037243539f,-0.018045437805993367f,-0.29396141543076937f,0.2529560941749026f,-0.2542576684226606f,-0.9334700061962623f,1.148023677319863f,0.6218644984518263f,-0.696402495586366f,0.35820121399339205f,-0.01302378027065236f,0f,0f,0f,1f],start_interpolation:0}