execute if entity @s[tag=aj.lover_microphone.bone.left_straight] run data modify entity @s {} merge value {transformation:[-0.17673133965003218f,-0.9804001129347502f,0.08707268310460176f,0.6562224644795471f,0.027658830104073495f,-0.09337715123903267f,-0.9952465507319063f,1.5190159258772629f,0.983870429834528f,-0.17348292764422757f,0.043619389188854565f,0.35131255772736764f,0f,0f,0f,1f],start_interpolation:0}
execute if entity @s[tag=aj.lover_microphone.bone.left_bend] run data modify entity @s {} merge value {transformation:[-0.17673133965003218f,-0.9804001129347502f,0.08707268310460176f,0.7114000423505313f,0.027658830104073495f,-0.09337715123903267f,-0.9952465507319063f,1.4537664317146373f,0.983870429834528f,-0.17348292764422757f,0.043619389188854565f,0.00255609786658538f,0f,0f,0f,1f],start_interpolation:0}
execute if entity @s[tag=aj.lover_microphone.bone.right_straight] run data modify entity @s {} merge value {transformation:[-0.7439639636466371f,0.11161854012238036f,-0.6588314824719094f,-0.0031676500177069133f,0.25870347554816536f,0.9571731941544623f,-0.1299691814679302f,0.9688330187361951f,0.616108864190806f,-0.26713438171282355f,-0.7409784676847381f,-0.12362767638385017f,0f,0f,0f,1f],start_interpolation:0}
execute if entity @s[tag=aj.lover_microphone.bone.microphone] run data modify entity @s {} merge value {transformation:[-0.7439639636466371f,0.025978574511239434f,-0.667714560618195f,-0.01118554333184657f,0.25870347554816536f,0.9325160623340514f,-0.2519648888799695f,1.368356567786663f,0.616108864190806f,-0.3601928749369698f,-0.70047909341404f,0.23515931477160296f,0f,0f,0f,1f],start_interpolation:0}
execute if entity @s[tag=aj.lover_microphone.bone.right_bend] run data modify entity @s {} merge value {transformation:[-0.7439639636466371f,-0.667714560618195f,-0.025978574511239583f,-0.29507526694876146f,0.25870347554816536f,-0.25196488887996926f,-0.9325160623340515f,1.1484746684549174f,0.616108864190806f,-0.7004790934140401f,0.3601928749369696f,-0.011358827201269059f,0f,0f,0f,1f],start_interpolation:0}