execute if entity @s[tag=aj.lover_microphone.bone.left_straight] run data modify entity @s {} merge value {transformation:[-0.834653642190591f,-0.5356401002115404f,0.12823018608483583f,0.33293310296909845f,-0.15988086344562802f,0.012835432312455042f,-0.9870528664571279f,1.339875664407347f,0.5270592064292788f,-0.844348822894142f,-0.09635174204660513f,0.7126646868179342f,0f,0f,0f,1f],start_interpolation:0}
execute if entity @s[tag=aj.lover_microphone.bone.left_bend] run data modify entity @s {} merge value {transformation:[-0.834653642190591f,-0.4682481175766733f,0.28999482402946886f,0.6292713677658681f,-0.15988086344562802f,-0.2978672214906128f,-0.9411233861005381f,1.3429186244406337f,0.5270592064292788f,-0.8318766848201504f,0.17375204796138305f,0.5099148333178936f,0f,0f,0f,1f],start_interpolation:0}
execute if entity @s[tag=aj.lover_microphone.bone.right_straight] run data modify entity @s {} merge value {transformation:[-0.5899412350731831f,0.26032921131733167f,-0.7643284901763271f,-0.012777143409870684f,0.31347907224507515f,0.9461925346649986f,0.08031536969094161f,0.8999718554968144f,0.7441103482849131f,-0.19221963760012056f,-0.6398057521593439f,0.1866032473132267f,0f,0f,0f,1f],start_interpolation:0}
execute if entity @s[tag=aj.lover_microphone.bone.microphone] run data modify entity @s {} merge value {transformation:[-0.5899412350731831f,0.2550820666088247f,-0.7660956066020082f,0.10671648425196256f,0.31347907224507515f,0.946721014957557f,0.07382540959656536f,1.200122168843769f,0.7441103482849131f,-0.19660228669144408f,-0.6384726544206892f,0.598878627209788f,0f,0f,0f,1f],start_interpolation:0}
execute if entity @s[tag=aj.lover_microphone.bone.right_bend] run data modify entity @s {} merge value {transformation:[-0.5899412350731831f,-0.766095606602008f,-0.2550820666088249f,-0.24620850651776938f,0.31347907224507515f,0.07382540959656557f,-0.946721014957557f,1.1146809705136635f,0.7441103482849131f,-0.6384726544206892f,0.19660228669144394f,0.3583451125618674f,0f,0f,0f,1f],start_interpolation:0}
execute if entity @s[tag=aj.lover_microphone.bone.head] run data modify entity @s {} merge value {transformation:[-0.9780699639737306f,0.052791963416849504f,-0.20147494675770328f,0.1072423354245311f,0.01836157474348051f,0.9854324501302731f,0.1690731758830672f,1.3513725576680615f,0.20746565533929928f,0.1616659977510455f,-0.9647912245795948f,0.3320727460481492f,0f,0f,0f,1f],start_interpolation:0}
execute if entity @s[tag=aj.lover_microphone.bone.outfit] run data modify entity @s {} merge value {transformation:[-0.9740219107177546f,0.14298978056604147f,-0.1755996585856872f,-0.09830547413915351f,0.04648253028500241f,0.8851634102240822f,0.46295260187062043f,0.07895015547094353f,0.22163188358184938f,0.44276366139753226f,-0.8688150829295109f,-0.30440001721080345f,0f,0f,0f,1f],start_interpolation:0}
execute if entity @s[tag=aj.lover_microphone.bone.chest] run data modify entity @s {} merge value {transformation:[-0.9740219107177546f,0.14298978056604147f,-0.1755996585856872f,-0.012052674427830135f,0.04648253028500241f,0.8851634102240822f,0.46295260187062043f,0.6916975562211487f,0.22163188358184938f,0.44276366139753226f,-0.8688150829295109f,-0.0044992714654180635f,0f,0f,0f,1f],start_interpolation:0}