execute if entity @s[tag=aj.lover_microphone.bone.left_straight] run data modify entity @s {} merge value {transformation:[-0.7385804377747335f,0.4242137429452849f,0.5239672100740989f,-0.13959555659297002f,-0.07223331710944414f,0.7229395066873806f,-0.687125037798779f,1.135977239682961f,-0.6702844805273724f,-0.5453450008636358f,-0.5033066115174644f,0.2098613163861535f,0f,0f,0f,1f],start_interpolation:0}
execute if entity @s[tag=aj.lover_microphone.bone.left_bend] run data modify entity @s {} merge value {transformation:[-0.7385804377747335f,0.47601884164065006f,0.47739396659318695f,0.156244951141425f,-0.07223331710944414f,0.6481733685888174f,-0.758059121804884f,1.1331644509613445f,-0.6702844805273724f,-0.5943713878168424f,-0.444343750387953f,0.4133400919030987f,0f,0f,0f,1f],start_interpolation:0}
execute if entity @s[tag=aj.lover_microphone.bone.right_straight] run data modify entity @s {} merge value {transformation:[-0.8714524344607041f,0.3304873964812697f,-0.3624206606135254f,-0.07368302327768672f,0.3877013787919696f,0.9167438646787598f,-0.09627215306960532f,0.9391003688689898f,0.30043018382865233f,-0.22440759198584154f,-0.9270290919403761f,0.08324679875152999f,0f,0f,0f,1f],start_interpolation:0}
execute if entity @s[tag=aj.lover_microphone.bone.microphone] run data modify entity @s {} merge value {transformation:[-0.8714524344607041f,0.32502306246233964f,-0.3673290940561532f,-0.1629386342359687f,0.3877013787919696f,0.9151993852822231f,-0.10998966343182864f,1.3182748302412315f,0.30043018382865233f,-0.23826475619915638f,-0.9235646217769709f,0.43469790036463385f,0f,0f,0f,1f],start_interpolation:0}
execute if entity @s[tag=aj.lover_microphone.bone.right_bend] run data modify entity @s {} merge value {transformation:[-0.8714524344607041f,-0.36732909405615316f,-0.3250230624623397f,-0.35865512492475493f,0.3877013787919696f,-0.10998966343182844f,-0.9151993852822231f,1.1601427485669293f,0.30043018382865233f,-0.9235646217769709f,0.23826475619915619f,0.07916742464054152f,0f,0f,0f,1f],start_interpolation:0}
execute if entity @s[tag=aj.lover_microphone.bone.head] run data modify entity @s {} merge value {transformation:[-0.9596921866260444f,0.004227756014396747f,0.28102141023061633f,-0.03293695064238247f,-0.003082810375481245f,0.9996683548053076f,-0.025567101537683823f,1.415549518000391f,-0.28103630229760423f,-0.02540288329958132f,-0.9593608759538601f,0.177084885356655f,0f,0f,0f,1f],start_interpolation:0}
execute if entity @s[tag=aj.lover_microphone.bone.outfit] run data modify entity @s {} merge value {transformation:[-0.9612425715875975f,-0.0439159341898433f,0.2721839622238898f,0.030192204755517274f,0.023332841675827398f,0.9707326906671879f,0.23902640391674798f,0.02012127516630835f,-0.27471493783009554f,0.23611318047554f,-0.932084904361578f,-0.1623278115769337f,0f,0f,0f,1f],start_interpolation:0}
execute if entity @s[tag=aj.lover_microphone.bone.chest] run data modify entity @s {} merge value {transformation:[-0.9612425715875975f,-0.0439159341898433f,0.2721839622238898f,-0.008344624677767726f,0.023332841675827398f,0.9707326906671879f,0.23902640391674798f,0.6896599446120409f,-0.27471493783009554f,0.23611318047554f,-0.932084904361578f,-0.010432246214147994f,0f,0f,0f,1f],start_interpolation:0}