execute if entity @s[tag=aj.lover_microphone.bone.left_straight] run data modify entity @s {} merge value {transformation:[-0.9300237899993775f,-0.16118502919694833f,0.3302652515751127f,0.05833160879845789f,0.11439063393519772f,-0.9810066822865808f,-0.15665462705256256f,1.8480055899914005f,0.3492427993575489f,-0.10791327847791854f,0.9307976103455833f,0.05243089361816651f,0f,0f,0f,1f],start_interpolation:0}
execute if entity @s[tag=aj.lover_microphone.bone.left_bend] run data modify entity @s {} merge value {transformation:[-0.9300237899993775f,-0.16118502919694833f,0.3302652515751127f,0.4041943859488556f,0.11439063393519772f,-0.9810066822865808f,-0.15665462705256256f,1.7866275058574677f,0.3492427993575489f,-0.10791327847791854f,0.9307976103455833f,-0.022032520570780506f,0f,0f,0f,1f],start_interpolation:0}
execute if entity @s[tag=aj.lover_microphone.bone.right_straight] run data modify entity @s {} merge value {transformation:[-0.7411805636192953f,0.10868751630998373f,-0.6624487873876372f,-0.002381257216630711f,0.2533945475997142f,0.9591022320099811f,-0.12615114664642751f,0.9696441919386655f,0.6216450557671316f,-0.26136168876068905f,-0.7384087569147868f,-0.12784723820222205f,0f,0f,0f,1f],start_interpolation:0}
execute if entity @s[tag=aj.lover_microphone.bone.microphone] run data modify entity @s {} merge value {transformation:[-0.7411805636192953f,0.01809903439712098f,-0.6710616939349734f,-0.009686666785038156f,0.2533945475997142f,0.9332300087822771f,-0.2547016960190236f,1.3691835712606475f,0.6216450557671316f,-0.3588233209563207f,-0.6962781405287382f,0.23203541520515766f,0f,0f,0f,1f],start_interpolation:0}
execute if entity @s[tag=aj.lover_microphone.bone.right_bend] run data modify entity @s {} merge value {transformation:[-0.7411805636192953f,-0.6710616939349734f,-0.018099034397121128f,-0.29399340149286873f,0.2533945475997142f,-0.25470169601902337f,-0.9332300087822772f,1.1480574683895233f,0.6216450557671316f,-0.6962781405287383f,0.3588233209563205f,-0.012884053967020491f,0f,0f,0f,1f],start_interpolation:0}