execute if entity @s[tag=aj.lover_microphone.bone.left_straight] run data modify entity @s {} merge value {transformation:[-0.9963232823996915f,-0.06529752672535101f,-0.0554630503295362f,0.018693846843215456f,-0.07388234233333262f,0.9826076966457507f,0.17036288910403224f,1.0024942729569635f,0.04337414482897434f,0.1738342529425217f,-0.9838192598563369f,-0.0608276120071594f,0f,0f,0f,1f],start_interpolation:0}
execute if entity @s[tag=aj.lover_microphone.bone.left_bend] run data modify entity @s {} merge value {transformation:[-0.9963232823996915f,-0.06529752672535101f,-0.0554630503295362f,0.36823657252200664f,-0.07388234233333262f,0.9826076966457507f,0.17036288910403224f,1.0502721137578435f,0.04337414482897434f,0.1738342529425217f,-0.9838192598563369f,-0.1276878448534456f,0f,0f,0f,1f],start_interpolation:0}
execute if entity @s[tag=aj.lover_microphone.bone.right_straight] run data modify entity @s {} merge value {transformation:[-0.7656373926494519f,0.11414653644434718f,-0.6330639392626217f,-0.003781049369273287f,0.24294240729746958f,0.9625570907297054f,-0.12026152261831698f,0.9714628685688301f,0.5956327473481117f,-0.24587479599122167f,-0.7647007355709916f,-0.12375745329358942f,0f,0f,0f,1f],start_interpolation:0}
execute if entity @s[tag=aj.lover_microphone.bone.microphone] run data modify entity @s {} merge value {transformation:[-0.7656373926494519f,0.09041683195898556f,-0.636886315974405f,-0.02138141818419964f,0.24294240729746958f,0.9573924389552209f,-0.15613681362152948f,1.3302545827631596f,0.5956327473481117f,-0.27427087765542f,-0.7549815335203015f,0.26193956851882844f,0f,0f,0f,1f],start_interpolation:0}
execute if entity @s[tag=aj.lover_microphone.bone.right_bend] run data modify entity @s {} merge value {transformation:[-0.7656373926494519f,-0.636886315974405f,-0.0904168319589857f,-0.30041498272669026f,0.24294240729746958f,-0.15613681362152926f,-0.9573924389552209f,1.1472806365589783f,0.5956327473481117f,-0.7549815335203016f,0.27427087765541985f,-0.018012970351535f,0f,0f,0f,1f],start_interpolation:0}