execute if entity @s[tag=aj.lover_microphone.bone.left_straight] run data modify entity @s {} merge value {transformation:[-0.9950218607047228f,-0.08773678002443977f,0.04726260837759986f,0.022248896927673067f,-0.09965540273148513f,0.873397313672721f,-0.4767031919084453f,1.0709572362292543f,0.0005453678912580025f,-0.47904007128863196f,-0.8777928643328365f,0.17118860493142546f,0f,0f,0f,1f],start_interpolation:0}
execute if entity @s[tag=aj.lover_microphone.bone.left_bend] run data modify entity @s {} merge value {transformation:[-0.9950218607047228f,-0.08773678002443977f,0.04726260837759986f,0.3766512925091649f,-0.09965540273148513f,0.873397313672721f,-0.4767031919084453f,1.0912260073727296f,0.0005453678912580025f,-0.47904007128863196f,-0.8777928643328365f,0.11714002673323702f,0f,0f,0f,1f],start_interpolation:0}
execute if entity @s[tag=aj.lover_microphone.bone.right_straight] run data modify entity @s {} merge value {transformation:[-0.7422083689889812f,0.10726425188991115f,-0.6615293774801041f,-0.0019938034750345f,0.24813271726350056f,0.9609389886440068f,-0.12258227737835943f,0.9704890367494772f,0.6225406746760793f,-0.25512867414371726f,-0.7398327297460697f,-0.1304829535159769f,0f,0f,0f,1f],start_interpolation:0}
execute if entity @s[tag=aj.lover_microphone.bone.microphone] run data modify entity @s {} merge value {transformation:[-0.7422083689889812f,0.021815052373493158f,-0.6698140342607478f,-0.00977725862357981f,0.24813271726350056f,0.9373836847350577f,-0.2444217302449968f,1.3650172404606524f,0.6225406746760793f,-0.3476146301329507f,-0.7011470439867689f,0.23367429507362822f,0f,0f,0f,1f],start_interpolation:0}
execute if entity @s[tag=aj.lover_microphone.bone.right_bend] run data modify entity @s {} merge value {transformation:[-0.7422083689889812f,-0.6698140342607478f,-0.021815052373493307f,-0.29402481564068594f,0.24813271726350056f,-0.2444217302449966f,-0.9373836847350577f,1.1476581476153118f,0.6225406746760793f,-0.701147043986769f,0.3476146301329505f,-0.014662110308343357f,0f,0f,0f,1f],start_interpolation:0}