execute if entity @s[tag=aj.lover_microphone.bone.left_straight] run data modify entity @s {} merge value {transformation:[-0.9948170891996041f,-0.09166697175762493f,0.044001424127107704f,0.024022312571163718f,0.0937631050813751f,-0.9944269069634213f,0.04820380516787014f,1.8347184140313155f,0.039337503249772164f,0.05207967929960555f,0.997867860912518f,-0.1231433368350793f,0f,0f,0f,1f],start_interpolation:0}
execute if entity @s[tag=aj.lover_microphone.bone.left_bend] run data modify entity @s {} merge value {transformation:[-0.9948170891996041f,-0.09166697175762493f,0.044001424127107704f,0.37812511440910934f,0.0937631050813751f,-0.9944269069634213f,0.04820380516787014f,1.791660090111283f,0.039337503249772164f,0.05207967929960555f,0.997867860912518f,-0.08202987973735204f,0f,0f,0f,1f],start_interpolation:0}
execute if entity @s[tag=aj.lover_microphone.bone.right_straight] run data modify entity @s {} merge value {transformation:[-0.7411817215920803f,0.10808046406423188f,-0.662546805037546f,-0.002217871436855867f,0.25163261618049027f,0.9597245652101569f,-0.12493912680316525f,0.9699233376669799f,0.6223589655913715f,-0.2593209829918042f,-0.7385268754271589f,-0.12886916865091697f,0f,0f,0f,1f],start_interpolation:0}
execute if entity @s[tag=aj.lover_microphone.bone.microphone] run data modify entity @s {} merge value {transformation:[-0.7411817215920803f,0.018306670474126045f,-0.6710547827070094f,-0.009575685515751609f,0.25163261618049027f,0.934320596632121f,-0.2524401893184993f,1.3682429813367556f,0.6223589655913715f,-0.35596332469111125f,-0.6971079037156934f,0.23216252062126919f,0f,0f,0f,1f],start_interpolation:0}
execute if entity @s[tag=aj.lover_microphone.bone.right_bend] run data modify entity @s {} merge value {transformation:[-0.7411817215920803f,-0.6710547827070094f,-0.018306670474126194f,-0.2939052055168217f,0.25163261618049027f,-0.2524401893184991f,-0.9343205966321211f,1.1479222575883261f,0.6223589655913715f,-0.6971079037156935f,0.3559633246911111f,-0.013455316462503211f,0f,0f,0f,1f],start_interpolation:0}