execute if entity @s[tag=aj.lover_microphone.bone.left_straight] run data modify entity @s {} merge value {transformation:[-0.9961946980917455f,-0.08715574274765818f,1.2246467991473532e-16f,0.09918504333530132f,-0.08715574274765818f,0.9961946980917455f,0f,1.0018115019836387f,-1.2199866483456202e-16f,-1.0673500138322974e-17f,-1f,-0.00796874999999999f,0f,0f,0f,1f],start_interpolation:0}
execute if entity @s[tag=aj.lover_microphone.bone.left_bend] run data modify entity @s {} merge value {transformation:[-0.9961946980917455f,-0.08715574274765818f,1.2246467991473532e-16f,0.45143340353037154f,-0.08715574274765818f,0.9961946980917455f,0f,1.0451769882155952f,-1.2199866483456202e-16f,-1.0673500138322974e-17f,-1f,-0.062499999999999944f,0f,0f,0f,1f],start_interpolation:0}
execute if entity @s[tag=aj.lover_microphone.bone.right_straight] run data modify entity @s {} merge value {transformation:[-0.7739043865708405f,0.12485620781035922f,-0.6208727146667241f,0.06804023835076317f,0.2621381217925294f,0.9556002056484896f,-0.13458028112487153f,0.9685509076072247f,0.5765029102697541f,-0.2669066772034391f,-0.7722727627689087f,-0.10882803831307786f,0f,0f,0f,1f],start_interpolation:0}
execute if entity @s[tag=aj.lover_microphone.bone.microphone] run data modify entity @s {} merge value {transformation:[-0.7739043865708405f,0.12485620781035922f,-0.6208727146667241f,0.04749542606595797f,0.2621381217925294f,0.9556002056484896f,-0.13458028112487153f,1.3224707682418253f,0.5765029102697541f,-0.2669066772034391f,-0.7722727627689087f,0.27573097807757746f,0f,0f,0f,1f],start_interpolation:0}
execute if entity @s[tag=aj.lover_microphone.bone.right_bend] run data modify entity @s {} merge value {transformation:[-0.7739043865708405f,-0.6208727146667241f,-0.12485620781035936f,-0.22912790513059156f,0.2621381217925294f,-0.1345802811248713f,-0.9556002056484896f,1.1487680590188616f,0.5765029102697541f,-0.7722727627689088f,0.2669066772034389f,-0.012400104239321919f,0f,0f,0f,1f],start_interpolation:0}
execute if entity @s[tag=aj.lover_microphone.bone.head] run data modify entity @s {} merge value {transformation:[-1f,0f,1.2246467991473532e-16f,0.06249999999999978f,0f,1f,0f,1.4375f,-1.2246467991473532e-16f,0f,-1f,7.65404249467093e-18f,0f,0f,0f,1f],start_interpolation:0}
execute if entity @s[tag=aj.lover_microphone.bone.outfit] run data modify entity @s {} merge value {transformation:[-0.9612616959383191f,0f,-0.2756373558169981f,0.0767727849784918f,0f,1f,0f,0f,0.2756373558169981f,0f,-0.9612616959383191f,-0.003323479439739929f,0f,0f,0f,1f],start_interpolation:0}
execute if entity @s[tag=aj.lover_microphone.bone.chest] run data modify entity @s {} merge value {transformation:[-0.9612616959383191f,0f,-0.2756373558169981f,0.06406249999999973f,0f,1f,0f,0.6875f,0.2756373558169981f,0f,-0.9612616959383191f,-0.007968749999999993f,0f,0f,0f,1f],start_interpolation:0}