execute if entity @s[tag=aj.lover_microphone.bone.left_straight] run data modify entity @s {} merge value {transformation:[-0.2610839446103931f,-0.9281516558785902f,0.2652728360697873f,0.5963398957070243f,0.04296261446179639f,-0.28570432136890256f,-0.9573542993634809f,1.596904453484533f,0.9643595738236252f,-0.238553022284283f,0.11446863296881829f,0.3657434648341459f,0f,0f,0f,1f],start_interpolation:0}
execute if entity @s[tag=aj.lover_microphone.bone.left_bend] run data modify entity @s {} merge value {transformation:[-0.2610839446103931f,-0.9281516558785902f,0.2652728360697873f,0.6918068709544714f,0.04296261446179639f,-0.28570432136890256f,-0.9573542993634809f,1.5258891205133385f,0.9643595738236252f,-0.238553022284283f,0.11446863296881829f,0.026957383356606163f,0f,0f,0f,1f],start_interpolation:0}
execute if entity @s[tag=aj.lover_microphone.bone.right_straight] run data modify entity @s {} merge value {transformation:[-0.7429114406504689f,0.11080948528723467f,-0.6601544132405863f,-0.0029499349652093165f,0.2575720364879909f,0.9575923992485609f,-0.12912568652601186f,0.9690011369908949f,0.6178504975882708f,-0.26596626641693283f,-0.7399477736693064f,-0.12471616345913059f,0f,0f,0f,1f],start_interpolation:0}
execute if entity @s[tag=aj.lover_microphone.bone.microphone] run data modify entity @s {} merge value {transformation:[-0.7429114406504689f,0.022896876547123055f,-0.6689980002922509f,-0.010667030459214688f,0.2575720364879909f,0.9322436227550146f,-0.25412295026627346f,1.3691367074029914f,0.6178504975882708f,-0.36110602442633327f,-0.6984720479395967f,0.2339112854002552f,0f,0f,0f,1f],start_interpolation:0}
execute if entity @s[tag=aj.lover_microphone.bone.right_bend] run data modify entity @s {} merge value {transformation:[-0.7429114406504689f,-0.6689980002922509f,-0.022896876547123204f,-0.29470923211419625f,0.2575720364879909f,-0.25412295026627324f,-0.9322436227550147f,1.1483844362550562f,0.6178504975882708f,-0.6984720479395968f,0.3611060244263331f,-0.011651500079956426f,0f,0f,0f,1f],start_interpolation:0}