execute if entity @s[tag=aj.lover_microphone.bone.left_straight] run data modify entity @s {} merge value {transformation:[-0.5225285942051549f,0.7895695191227312f,0.3217822908587165f,-0.2440667450461788f,0.015029187972818742f,0.3858741833794482f,-0.9224289881124301f,1.2880339108373253f,-0.8524892912798743f,-0.47715939587683176f,-0.21349688330182873f,0.21737925279221476f,0f,0f,0f,1f],start_interpolation:0}
execute if entity @s[tag=aj.lover_microphone.bone.left_bend] run data modify entity @s {} merge value {transformation:[-0.5225285942051549f,0.8288634239587429f,0.19987319145241497f,-0.031315574751614506f,0.015029187972818742f,0.24333942456288954f,-0.9698247511598574f,1.2372254672624532f,-0.8524892912798743f,-0.5037572320838589f,-0.13960895163400802f,0.502139803927032f,0f,0f,0f,1f],start_interpolation:0}
execute if entity @s[tag=aj.lover_microphone.bone.right_straight] run data modify entity @s {} merge value {transformation:[-0.8663509054850789f,0.41131943306026586f,-0.2832886029337673f,-0.14001550144331157f,0.44669864771333917f,0.8918489085039468f,-0.07117473239424793f,0.9116574018563766f,0.22337508074147028f,-0.18820692970052988f,-0.9563899439645116f,0.14915052752120128f,0f,0f,0f,1f],start_interpolation:0}
execute if entity @s[tag=aj.lover_microphone.bone.microphone] run data modify entity @s {} merge value {transformation:[-0.8663509054850789f,0.40748076172021197f,-0.2887828550885596f,-0.2345669627417346f,0.44669864771333917f,0.8908134599412598f,-0.08313662080308391f,1.2955234719485098f,0.22337508074147028f,-0.20102439756257823f,-0.9537781528680265f,0.4938076003711862f,0f,0f,0f,1f],start_interpolation:0}
execute if entity @s[tag=aj.lover_microphone.bone.right_bend] run data modify entity @s {} merge value {transformation:[-0.8663509054850789f,-0.2887828550885595f,-0.407480761720212f,-0.40766069965451f,0.44669864771333917f,-0.08313662080308372f,-0.8908134599412598f,1.1517648124028974f,0.22337508074147028f,-0.9537781528680265f,0.201024397562578f,0.12086708876377064f,0f,0f,0f,1f],start_interpolation:0}
execute if entity @s[tag=aj.lover_microphone.bone.head] run data modify entity @s {} merge value {transformation:[-0.9201321978028083f,0.007750727648268452f,0.3915311798407583f,-0.07797553529176154f,-0.0029726557152506203f,0.9996370720812215f,-0.0267747537594894f,1.3891290985658147f,-0.39159660606876107f,-0.02580020042180048f,-0.9197752158944177f,0.2532517007676067f,0f,0f,0f,1f],start_interpolation:0}
execute if entity @s[tag=aj.lover_microphone.bone.outfit] run data modify entity @s {} merge value {transformation:[-0.9249392983786999f,-0.1039673803890154f,0.3656201281791858f,0.07147757401744809f,0.03386309800106367f,0.9355054647544198f,0.3516856778550806f,0.044339992981336396f,-0.3786034665827676f,0.33766893435680895f,-0.8617651106083655f,-0.23214739237030618f,0f,0f,0f,1f],start_interpolation:0}
execute if entity @s[tag=aj.lover_microphone.bone.chest] run data modify entity @s {} merge value {transformation:[-0.9249392983786999f,-0.1039673803890154f,0.3656201281791858f,-0.007202988179589143f,0.03386309800106367f,0.9355054647544198f,0.3516856778550806f,0.6906728728797943f,-0.3786034665827676f,0.33766893435680895f,-0.8617651106083655f,-0.011008166140909433f,0f,0f,0f,1f],start_interpolation:0}