execute if entity @s[tag=aj.lover_microphone.bone.left_straight] run data modify entity @s {} merge value {transformation:[-0.2776567713987326f,-0.18972186810624628f,-0.9417602296013078f,0.4419546142645466f,0.7257406553335302f,0.6008848515029404f,-0.33501924785054926f,1.4248180966881279f,0.6294499332691126f,-0.7764940489125244f,-0.029150874960184564f,0.5681692220724527f,0f,0f,0f,1f],start_interpolation:0}
execute if entity @s[tag=aj.lover_microphone.bone.left_bend] run data modify entity @s {} merge value {transformation:[-0.2776567713987326f,-0.5521541076781944f,-0.7861504682123702f,0.48670911449826015f,0.7257406553335302f,0.41562114700038155f,-0.548233128661654f,1.1566490002839527f,0.6294499332691126f,-0.7227619964692281f,0.2853206581503094f,0.3336153896044851f,0f,0f,0f,1f],start_interpolation:0}
execute if entity @s[tag=aj.lover_microphone.bone.right_straight] run data modify entity @s {} merge value {transformation:[-0.48098467639196407f,0.17515789902742734f,-0.8590538117512867f,0.007418716690008986f,0.22450032191479594f,0.9717774814804994f,0.07244399179760203f,0.9462586660586276f,0.8474982870403165f,-0.15801340732898472f,-0.5067330821724726f,0.07888089816223362f,0f,0f,0f,1f],start_interpolation:0}
execute if entity @s[tag=aj.lover_microphone.bone.microphone] run data modify entity @s {} merge value {transformation:[-0.48098467639196407f,0.17224786843647313f,-0.859642026017347f,0.17429605774654094f,0.22450032191479594f,0.9720172278514152f,0.06915283233681307f,1.2242144482842428f,0.8474982870403165f,-0.15972845888927206f,-0.5061950936986526f,0.48978353551580245f,0f,0f,0f,1f],start_interpolation:0}
execute if entity @s[tag=aj.lover_microphone.bone.right_bend] run data modify entity @s {} merge value {transformation:[-0.48098467639196407f,-0.859642026017347f,-0.17224786843647333f,-0.20719181050485674f,0.22450032191479594f,0.0691528323368133f,-0.9720172278514152f,1.1334776776542133f,0.8474982870403165f,-0.5061950936986526f,0.15972845888927195f,0.30018800818612384f,0f,0f,0f,1f],start_interpolation:0}
execute if entity @s[tag=aj.lover_microphone.bone.head] run data modify entity @s {} merge value {transformation:[-0.9241775109123707f,0.09160910986617143f,-0.3708149124743268f,0.12381905542958155f,0.017493316347847593f,0.9799457087075956f,0.19849531951338903f,1.3887319295445892f,0.381562461737222f,0.1769581277452268f,-0.9072463330418784f,0.23546257133501824f,0f,0f,0f,1f],start_interpolation:0}
execute if entity @s[tag=aj.lover_microphone.bone.outfit] run data modify entity @s {} merge value {transformation:[-0.9215898984068103f,0.16509207390610872f,-0.35130708260424376f,-0.11350080081044973f,0.03285658164167844f,0.9349759060594522f,0.3531862116945254f,0.04470406458412657f,0.3867719020266968f,0.31395009511335764f,-0.8670887114828361f,-0.21584069039043338f,0f,0f,0f,1f],start_interpolation:0}
execute if entity @s[tag=aj.lover_microphone.bone.chest] run data modify entity @s {} merge value {transformation:[-0.9215898984068103f,0.16509207390610872f,-0.35130708260424376f,-0.012879367828327054f,0.03285658164167844f,0.9349759060594522f,0.3531862116945254f,0.6906738214861466f,0.3867719020266968f,0.31395009511335764f,-0.8670887114828361f,-0.002679295491211854f,0f,0f,0f,1f],start_interpolation:0}