execute if entity @s[tag=aj.lover_microphone.bone.left_straight] run data modify entity @s {} merge value {transformation:[-0.9965118617121509f,-0.07285852427849238f,-0.040690845493099655f,0.02075129987518287f,-0.07854865612454077f,0.9835745872057852f,0.16251504553116936f,1.0008924724119637f,0.028181875168476884f,0.16514438180855484f,-0.98586668219849f,-0.06273714658835938f,0f,0f,0f,1f],start_interpolation:0}
execute if entity @s[tag=aj.lover_microphone.bone.left_bend] run data modify entity @s {} merge value {transformation:[-0.9965118617121509f,-0.07285852427849238f,-0.040690845493099655f,0.37107194660443465f,-0.07854865612454077f,0.9835745872057852f,0.16251504553116936f,1.0499095297978305f,0.028181875168476884f,0.16514438180855484f,-0.98586668219849f,-0.12442914317820802f,0f,0f,0f,1f],start_interpolation:0}
execute if entity @s[tag=aj.lover_microphone.bone.right_straight] run data modify entity @s {} merge value {transformation:[-0.7549315588258734f,0.10885859400246563f,-0.6467056115424878f,-0.0023543639888122803f,0.23927515088831625f,0.9638680283975941f,-0.11707188390176479f,0.9720014540099327f,0.6105945820723522f,-0.2431218425907906f,-0.7537015496860469f,-0.13040350771070616f,0f,0f,0f,1f],start_interpolation:0}
execute if entity @s[tag=aj.lover_microphone.bone.microphone] run data modify entity @s {} merge value {transformation:[-0.7549315588258734f,0.06018969570075131f,-0.6530356361027994f,-0.015158560035328339f,0.23927515088831625f,0.9524136174515246f,-0.18882717881776104f,1.343035914227069f,0.6105945820723522f,-0.2988067968175292f,-0.7334089953903875f,0.24943835246221785f,0f,0f,0f,1f],start_interpolation:0}
execute if entity @s[tag=aj.lover_microphone.bone.right_bend] run data modify entity @s {} merge value {transformation:[-0.7549315588258734f,-0.6530356361027994f,-0.06018969570075146f,-0.2971738304316576f,0.23927515088831625f,-0.18882717881776082f,-0.9524136174515246f,1.147015708229989f,0.6105945820723522f,-0.7334089953903876f,0.29880679681752903f,-0.018434910957125364f,0f,0f,0f,1f],start_interpolation:0}