execute if entity @s[tag=aj.lover_microphone.bone.left_straight] run data modify entity @s {} merge value {transformation:[-0.9963369700546222f,-0.08456206822598782f,-0.012723942774089114f,0.023823384875721054f,-0.08529537184628821f,0.9933599441333474f,0.07720570531376769f,0.9993596958287061f,0.006110780963046738f,0.07800819193351617f,-0.9969339899648749f,-0.036196700111134746f,0f,0f,0f,1f],start_interpolation:0}
execute if entity @s[tag=aj.lover_microphone.bone.left_bend] run data modify entity @s {} merge value {transformation:[-0.9963369700546222f,-0.08456206822598782f,-0.012723942774089114f,0.37546077558474544f,-0.08529537184628821f,0.9933599441333474f,0.07720570531376769f,1.0462400209499947f,0.006110780963046738f,0.07800819193351617f,-0.9969339899648749f,-0.09175307197506852f,0f,0f,0f,1f],start_interpolation:0}
execute if entity @s[tag=aj.lover_microphone.bone.right_straight] run data modify entity @s {} merge value {transformation:[-0.7466539570976582f,0.10705777864998647f,-0.6565413165833045f,-0.0019139083233670195f,0.24275615551873836f,0.9627502008597321f,-0.11908610205354674f,0.9713859281608812f,0.6193361908593511f,-0.24829555528659014f,-0.7448301819319311f,-0.13179177748834853f,0f,0f,0f,1f],start_interpolation:0}
execute if entity @s[tag=aj.lover_microphone.bone.microphone] run data modify entity @s {} merge value {transformation:[-0.7466539570976582f,0.03568555245619586f,-0.6642547776992683f,-0.011367815036339768f,0.24275615551873836f,0.9443113510866668f,-0.2221385179716392f,1.3561859116333805f,0.6193361908593511f,-0.3271125395865623f,-0.7137366945429242f,0.23941798209677984f,0f,0f,0f,1f],start_interpolation:0}
execute if entity @s[tag=aj.lover_microphone.bone.right_bend] run data modify entity @s {} merge value {transformation:[-0.7466539570976582f,-0.6642547776992683f,-0.03568555245619601f,-0.29501916869325073f,0.24275615551873836f,-0.22213851797163897f,-0.9443113510866668f,1.1472636596967136f,0.6193361908593511f,-0.7137366945429243f,0.3271125395865621f,-0.016718741871290008f,0f,0f,0f,1f],start_interpolation:0}