execute if entity @s[tag=aj.lover_microphone.bone.left_straight] run data modify entity @s {} merge value {transformation:[-0.9608319312992581f,-0.27017882417958705f,0.06168794664011216f,0.10428529789666577f,-0.03726493371551312f,-0.09461450253603676f,-0.9948162748090907f,1.4964442885411764f,0.27461486578646094f,-0.9581500398553422f,0.0808404392262312f,0.40177727045102507f,0f,0f,0f,1f],start_interpolation:0}
execute if entity @s[tag=aj.lover_microphone.bone.left_bend] run data modify entity @s {} merge value {transformation:[-0.9608319312992581f,-0.27017882417958705f,0.06168794664011216f,0.4450670590673451f,-0.03726493371551312f,-0.09461450253603676f,-0.9948162748090907f,1.4542304384510136f,0.27461486578646094f,-0.9581500398553422f,0.0808404392262312f,0.2968062649457534f,0f,0f,0f,1f],start_interpolation:0}
execute if entity @s[tag=aj.lover_microphone.bone.right_straight] run data modify entity @s {} merge value {transformation:[-0.7481082942308067f,0.11416897100860537f,-0.6536814408883802f,-0.003861090981148535f,0.2612732147086985f,0.9561953421797454f,-0.13201051045103152f,0.9684680112831427f,0.6099756449062987f,-0.2695476092503805f,-0.7451669604649344f,-0.12042293492300168f,0f,0f,0f,1f],start_interpolation:0}
execute if entity @s[tag=aj.lover_microphone.bone.microphone] run data modify entity @s {} merge value {transformation:[-0.7481082942308067f,0.03829564212597534f,-0.662470696632864f,-0.013194797975809414f,0.2612732147086985f,0.9346911672816408f,-0.24101603490528664f,1.36425468736989f,0.6099756449062987f,-0.35339194331484597f,-0.7092558403152572f,0.2402208399856048f,0f,0f,0f,1f],start_interpolation:0}
execute if entity @s[tag=aj.lover_microphone.bone.right_bend] run data modify entity @s {} merge value {transformation:[-0.7481082942308067f,-0.662470696632864f,-0.038295642125975485f,-0.29642726255197904f,0.2612732147086985f,-0.24101603490528645f,-0.9346911672816408f,1.1486828420046635f,0.6099756449062987f,-0.7092558403152573f,0.3533919433148458f,-0.01081853869176716f,0f,0f,0f,1f],start_interpolation:0}