execute if entity @s[tag=aj.lover_microphone.bone.left_straight] run data modify entity @s {} merge value {transformation:[-0.9951599389751193f,-0.07214778460349046f,0.06671876074872062f,0.015098218256536233f,-0.09826729290900625f,0.7272787013590833f,-0.6792711017655475f,1.1391168250378445f,0.0004847714639394543f,-0.6825396601855849f,-0.7308483955447764f,0.24201013727008125f,0f,0f,0f,1f],start_interpolation:0}
execute if entity @s[tag=aj.lover_microphone.bone.left_bend] run data modify entity @s {} merge value {transformation:[-0.9951599389751193f,-0.07214778460349046f,0.06671876074872062f,0.37080541922630894f,-0.09826729290900625f,0.7272787013590833f,-0.6792711017655475f,1.1460204869903436f,0.0004847714639394543f,-0.6825396601855849f,-0.7308483955447764f,0.1934523725695944f,0f,0f,0f,1f],start_interpolation:0}
execute if entity @s[tag=aj.lover_microphone.bone.right_straight] run data modify entity @s {} merge value {transformation:[-0.7420114401317836f,0.10733787224716129f,-0.6617383198024797f,-0.00201453970843668f,0.24856200676225373f,0.9607915263729143f,-0.12286810670115642f,0.9704188920984805f,0.6226041692021328f,-0.2556525455211771f,-0.7395984210777254f,-0.130313862273734f,0f,0f,0f,1f],start_interpolation:0}
execute if entity @s[tag=aj.lover_microphone.bone.microphone] run data modify entity @s {} merge value {transformation:[-0.7420114401317836f,0.021171881077383315f,-0.6700528144595782f,-0.00972259293082478f,0.24856200676225373f,0.9369486125961916f,-0.24565061805009372f,1.3655077227950376f,0.6226041692021328f,-0.3488252410673816f,-0.7004891146095027f,0.23340272512199822f,0f,0f,0f,1f],start_interpolation:0}
execute if entity @s[tag=aj.lover_microphone.bone.right_bend] run data modify entity @s {} merge value {transformation:[-0.7420114401317836f,-0.6700528144595782f,-0.021171881077383464f,-0.2939898825958191f,0.24856200676225373f,-0.24565061805009353f,-0.9369486125961916f,1.147690228393122f,0.6226041692021328f,-0.7004891146095028f,0.34882524106738144f,-0.014509086435601573f,0f,0f,0f,1f],start_interpolation:0}