execute if entity @s[tag=aj.lover_microphone.bone.left_straight] run data modify entity @s {} merge value {transformation:[-0.6517318184794201f,0.7583355235756711f,0.013148021323413195f,-0.2571914328885183f,0.04645334722367722f,0.05721397725679778f,-0.9972806261720797f,1.4061684425790015f,-0.7570255763930467f,-0.6493487464295835f,-0.07251539282872277f,0.355593208664364f,0f,0f,0f,1f],start_interpolation:0}
execute if entity @s[tag=aj.lover_microphone.bone.left_bend] run data modify entity @s {} merge value {transformation:[-0.6517318184794201f,0.7435088782715823f,-0.149800483019387f,-0.015834131439110832f,0.04645334722367722f,-0.15800723614882586f,-0.9863446658528275f,1.3360242365553672f,-0.7570255763930467f,-0.6497909365757135f,0.06843986726194483f,0.6120295034457116f,0f,0f,0f,1f],start_interpolation:0}
execute if entity @s[tag=aj.lover_microphone.bone.right_straight] run data modify entity @s {} merge value {transformation:[-0.8472436232469315f,0.4022039345654528f,-0.3470017836949558f,-0.14779551619323744f,0.43339726578067017f,0.9010982307775077f,-0.01374003287786496f,0.890601632408416f,0.30715639807962813f,-0.16203077951338346f,-0.93776381547223f,0.18857772161818037f,0f,0f,0f,1f],start_interpolation:0}
execute if entity @s[tag=aj.lover_microphone.bone.microphone] run data modify entity @s {} merge value {transformation:[-0.8472436232469315f,0.39837523333418656f,-0.35139068902482945f,-0.21747490341800063f,0.43339726578067017f,0.90089342332992f,-0.02361884448352896f,1.252400811259341f,0.30715639807962813f,-0.17230267922127748f,-0.935930945023146f,0.5614718216352355f,0f,0f,0f,1f],start_interpolation:0}
execute if entity @s[tag=aj.lover_microphone.bone.right_bend] run data modify entity @s {} merge value {transformation:[-0.8472436232469315f,-0.35139068902482934f,-0.3983752333341866f,-0.41554397596959336f,0.43339726578067017f,-0.02361884448352876f,-0.90089342332992f,1.1322206417220309f,0.30715639807962813f,-0.935930945023146f,0.1723026792212773f,0.19263854154880306f,0f,0f,0f,1f],start_interpolation:0}
execute if entity @s[tag=aj.lover_microphone.bone.head] run data modify entity @s {} merge value {transformation:[-0.9402223186744193f,-0.0062901941104438475f,0.34050319370683113f,-0.07770726418337197f,0.005165331684258041f,0.9994510140684293f,0.03272598090477846f,1.3620975779581548f,-0.34052211501617685f,0.032528509582230636f,-0.9396736589099794f,0.31840177277478693f,0f,0f,0f,1f],start_interpolation:0}
execute if entity @s[tag=aj.lover_microphone.bone.outfit] run data modify entity @s {} merge value {transformation:[-0.9454802371871583f,-0.10360968557782929f,0.30875905515948543f,0.07123165883475766f,0.04343323816049197f,0.8994634372775396f,0.4348322421621556f,0.06911888687169154f,-0.3227703129338396f,0.4245356970330492f,-0.8459247998689093f,-0.29186829171022133f,0f,0f,0f,1f],start_interpolation:0}
execute if entity @s[tag=aj.lover_microphone.bone.chest] run data modify entity @s {} merge value {transformation:[-0.9454802371871583f,-0.10360968557782929f,0.30875905515948543f,-0.007880766373432394f,0.04343323816049197f,0.8994634372775396f,0.4348322421621556f,0.69144012047211f,-0.3227703129338396f,0.4245356970330492f,-0.8459247998689093f,-0.010271263546669242f,0f,0f,0f,1f],start_interpolation:0}