execute if entity @s[tag=aj.lover_microphone.bone.left_straight] run data modify entity @s {} merge value {transformation:[-0.9961946980917455f,-0.04936555627608976f,0.07182733008714849f,0.005624511983753966f,-0.08715574274765818f,0.5642508901906155f,-0.82099013966381f,1.2139593460988687f,-1.2199866483456202e-16f,-0.8241261886220157f,-0.5664062369248328f,0.28773573819833836f,0f,0f,0f,1f],start_interpolation:0}
execute if entity @s[tag=aj.lover_microphone.bone.left_bend] run data modify entity @s {} merge value {transformation:[-0.9961946980917455f,-0.04936555627608976f,0.07182733008714849f,0.3622620836035337f,-0.08715574274765818f,0.5642508901906155f,-0.82099013966381f,1.207155916178519f,-1.2199866483456202e-16f,-0.8241261886220157f,-0.5664062369248328f,0.24654732073325597f,0f,0f,0f,1f],start_interpolation:0}
execute if entity @s[tag=aj.lover_microphone.bone.right_straight] run data modify entity @s {} merge value {transformation:[-0.7543622283206541f,0.1172753890528185f,-0.6458979111327172f,-0.004724909354465179f,0.26294359668779094f,0.9555155286831892f,-0.13360665928827703f,0.9682625550019226f,0.6014967110832659f,-0.2706225370655509f,-0.7516416360129466f,-0.11683143308066751f,0f,0f,0f,1f],start_interpolation:0}
execute if entity @s[tag=aj.lover_microphone.bone.microphone] run data modify entity @s {} merge value {transformation:[-0.7543622283206541f,0.05696355077994677f,-0.6539822492741205f,-0.016354626358901447f,0.26294359668779094f,0.9390388175048574f,-0.22151018978811732f,1.3567808514870578f,0.6014967110832659f,-0.33905936515840385f,-0.7233536157747431f,0.24799779784525544f,0f,0f,0f,1f],start_interpolation:0}
execute if entity @s[tag=aj.lover_microphone.bone.right_bend] run data modify entity @s {} merge value {transformation:[-0.7543622283206541f,-0.6539822492741205f,-0.056963550779946914f,-0.29836502297913425f,0.26294359668779094f,-0.2215101897881171f,-0.9390388175048574f,1.1488220354822294f,0.6014967110832659f,-0.7233536157747432f,0.3390593651584037f,-0.010721908004048278f,0f,0f,0f,1f],start_interpolation:0}