execute if entity @s[tag=aj.lover_microphone.bone.right_straight] run data modify entity @s {} merge value {transformation:[-0.7605498203245314f,0.11993718556928723f,-0.6381058237643983f,-0.005486092713621632f,0.26339818495849443f,0.9552807250406404f,-0.13438799249337394f,0.9682448558309071f,0.5934520763843477f,-0.2702846793355975f,-0.7581298207771276f,-0.113931189139869f,0f,0f,0f,1f],start_interpolation:0}
execute if entity @s[tag=aj.lover_microphone.bone.microphone] run data modify entity @s {} merge value {transformation:[-0.7605498203245314f,0.07530207952945168f,-0.644898106388027f,-0.019727304395246836f,0.26339818495849443f,0.9436318585791678f,-0.20045027222479972f,1.348592966227141f,0.5934520763843477f,-0.3223174092303513f,-0.7375134715665475f,0.2557041290479922f,0f,0f,0f,1f],start_interpolation:0}
execute if entity @s[tag=aj.lover_microphone.bone.right_bend] run data modify entity @s {} merge value {transformation:[-0.7605498203245314f,-0.644898106388027f,-0.07530207952945182f,-0.30022596531352874f,0.26339818495849443f,-0.2004502722247995f,-0.9436318585791678f,1.148862923582654f,0.5934520763843477f,-0.7375134715665476f,0.3223174092303511f,-0.01101863045907222f,0f,0f,0f,1f],start_interpolation:0}