execute if entity @s[tag=aj.lover_microphone.bone.left_straight] run data modify entity @s {} merge value {transformation:[-0.9963966280372842f,-0.08299118098264911f,-0.017499243270351326f,0.023453909233388637f,-0.08429408286856271f,0.9918129567008689f,0.09592479613545309f,0.9992935227217086f,0.009395064091193825f,0.09705422607689751f,-0.9952347511875461f,-0.04250480578425655f,0f,0f,0f,1f],start_interpolation:0}
execute if entity @s[tag=aj.lover_microphone.bone.left_bend] run data modify entity @s {} merge value {transformation:[-0.9963966280372842f,-0.08299118098264911f,-0.017499243270351326f,0.3748716928684934f,-0.08429408286856271f,0.9918129567008689f,0.09592479613545309f,1.0468201412371743f,0.009395064091193825f,0.09705422607689751f,-0.9952347511875461f,-0.09889533477883652f,0f,0f,0f,1f],start_interpolation:0}
execute if entity @s[tag=aj.lover_microphone.bone.right_straight] run data modify entity @s {} merge value {transformation:[-0.7479428705332236f,0.10721078352686968f,-0.6550475633983202f,-0.0019475823522722424f,0.241836035681658f,0.9630527689284667f,-0.11851032066867953f,0.9715435123388813f,0.6181397853756878f,-0.24705305534392427f,-0.7462358833377892f,-0.13179841286131166f,0f,0f,0f,1f],start_interpolation:0}
execute if entity @s[tag=aj.lover_microphone.bone.microphone] run data modify entity @s {} merge value {transformation:[-0.7479428705332236f,0.039588160168792734f,-0.6625814968688543f,-0.011898815530186069f,0.241836035681658f,0.9458606590735297f,-0.21647851039483806f,1.3539496789793222f,0.6181397853756878f,-0.32214964099225407f,-0.7170235801870538f,0.24101767208128677f,0f,0f,0f,1f],start_interpolation:0}
execute if entity @s[tag=aj.lover_microphone.bone.right_bend] run data modify entity @s {} merge value {transformation:[-0.7479428705332236f,-0.6625814968688543f,-0.03958816016879288f,-0.29533693830112157f,0.241836035681658f,-0.21647851039483784f,-0.9458606590735297f,1.147197501120874f,0.6181397853756878f,-0.7170235801870539f,0.3221496409922539f,-0.017108240336777006f,0f,0f,0f,1f],start_interpolation:0}