execute if entity @s[tag=aj.lover_microphone.bone.left_straight] run data modify entity @s {} merge value {transformation:[-0.9964787674114323f,-0.07973282508788827f,-0.02593728400771395f,0.02262229942385996f,-0.08235124935534582f,0.9888549798651187f,0.12403265910867739f,0.9995960806045222f,0.015758738141306f,0.1257318790102969f,-0.9919390892452691f,-0.051539997221589445f,0f,0f,0f,1f],start_interpolation:0}
execute if entity @s[tag=aj.lover_microphone.bone.left_bend] run data modify entity @s {} merge value {transformation:[-0.9964787674114323f,-0.07973282508788827f,-0.02593728400771395f,0.3736498094079581f,-0.08235124935534582f,0.9888549798651187f,0.12403265910867739f,1.0479293825505804f,0.015758738141306f,0.1257318790102969f,-0.9919390892452691f,-0.10964945462886129f,0f,0f,0f,1f],start_interpolation:0}
execute if entity @s[tag=aj.lover_microphone.bone.right_straight] run data modify entity @s {} merge value {transformation:[-0.7502838638420558f,0.10762072569501233f,-0.6522974038420775f,-0.002044507981819599f,0.2405611355205992f,0.9634667187887698f,-0.1177379372311304f,0.9717652904435374f,0.6157957971075114f,-0.24525427863195498f,-0.7487628964348088f,-0.13157752905875045f,0f,0f,0f,1f],start_interpolation:0}
execute if entity @s[tag=aj.lover_microphone.bone.microphone] run data modify entity @s {} merge value {transformation:[-0.7502838638420558f,0.04658616881257449f,-0.6594724046793783f,-0.012921756035427556f,0.2405611355205992f,0.9483714778259249f,-0.20669271908635584f,1.3500852481268004f,0.6157957971075114f,-0.3137216424183031f,-0.7227546384099427f,0.24387956041471642f,0f,0f,0f,1f],start_interpolation:0}
execute if entity @s[tag=aj.lover_microphone.bone.right_bend] run data modify entity @s {} merge value {transformation:[-0.7502838638420558f,-0.6594724046793783f,-0.04658616881257464f,-0.29593222621719006f,0.2405611355205992f,-0.20669271908635561f,-0.9483714778259249f,1.1471065082984007f,0.6157957971075114f,-0.7227546384099428f,0.3137216424183029f,-0.01768749426907533f,0f,0f,0f,1f],start_interpolation:0}