execute if entity @s[tag=aj.lover_microphone.bone.left_straight] run data modify entity @s {} merge value {transformation:[-0.9964972761609723f,-0.07136159500014798f,-0.04359703387614514f,0.020334891177770986f,-0.07774255305467566f,0.9826200304054171f,0.16856444254527111f,1.0012183966737738f,0.030810291272622387f,0.17136335257309812f,-0.9847260163855752f,-0.06427693335529132f,0f,0f,0f,1f],start_interpolation:0}
execute if entity @s[tag=aj.lover_microphone.bone.left_bend] run data modify entity @s {} merge value {transformation:[-0.9964972761609723f,-0.07136159500014798f,-0.04359703387614514f,0.3705105981250555f,-0.07774255305467566f,0.9826200304054171f,0.16856444254527111f,1.0502674885979686f,0.030810291272622387f,0.17136335257309812f,-0.9847260163855752f,-0.12676125721491177f,0f,0f,0f,1f],start_interpolation:0}
execute if entity @s[tag=aj.lover_microphone.bone.right_straight] run data modify entity @s {} merge value {transformation:[-0.7560115100929122f,0.10922413722166992f,-0.6453810381900109f,-0.002448466316234049f,0.23919828995469244f,0.9638869231273578f,-0.11707338513439307f,0.9720197944457126f,0.6092871036627852f,-0.24288286739137627f,-0.7548358351575247f,-0.12999911143767867f,0f,0f,0f,1f],start_interpolation:0}
execute if entity @s[tag=aj.lover_microphone.bone.microphone] run data modify entity @s {} merge value {transformation:[-0.7560115100929122f,0.06330200688096652f,-0.6514901783848138f,-0.015716534817896366f,0.23919828995469244f,0.9531920444880931f,-0.18495703394940127f,1.3415107023995758f,0.6092871036627852f,-0.2956649831303179f,-0.735765888758621f,0.2507123672153357f,0f,0f,0f,1f],start_interpolation:0}
execute if entity @s[tag=aj.lover_microphone.bone.right_bend] run data modify entity @s {} merge value {transformation:[-0.7560115100929122f,-0.6514901783848138f,-0.06330200688096665f,-0.29747374919264813f,0.23919828995469244f,-0.18495703394940105f,-0.9531920444880931f,1.1470104062197537f,0.6092871036627852f,-0.7357658887586211f,0.29566498313031775f,-0.018536822355446167f,0f,0f,0f,1f],start_interpolation:0}