execute if entity @s[tag=aj.lover_microphone.bone.left_straight] run data modify entity @s {} merge value {transformation:[-0.3198783982807768f,-0.8843409108044429f,0.3400278867841478f,0.5544330878453105f,0.05261389230790925f,-0.3749103792158124f,-0.9255668457180538f,1.6331615789296514f,0.9459966113308951f,-0.27817864949313487f,0.16645434904693596f,0.3717504360385509f,0f,0f,0f,1f],start_interpolation:0}
execute if entity @s[tag=aj.lover_microphone.bone.left_bend] run data modify entity @s {} merge value {transformation:[-0.3198783982807768f,-0.8843409108044429f,0.3400278867841478f,0.675377841551666f,0.05261389230790925f,-0.3749103792158124f,-0.9255668457180538f,1.5593413922059296f,0.9459966113308951f,-0.27817864949313487f,0.16645434904693596f,0.041816993559925617f,0f,0f,0f,1f],start_interpolation:0}
execute if entity @s[tag=aj.lover_microphone.bone.right_straight] run data modify entity @s {} merge value {transformation:[-0.7426179727314383f,0.11055765389105944f,-0.6605267229585443f,-0.002882330514783815f,0.2571791402629401f,0.9577367833401063f,-0.12883766394560808f,0.9690602426989829f,0.6183667490978666f,-0.26555085954191743f,-0.7396656708315487f,-0.12506433199910788f,0f,0f,0f,1f],start_interpolation:0}
execute if entity @s[tag=aj.lover_microphone.bone.microphone] run data modify entity @s {} merge value {transformation:[-0.7426179727314383f,0.022046367258247702f,-0.6693523020554746f,-0.010519125666427265f,0.2571791402629401f,0.9322150765986369f,-0.25462509847973075f,1.3693126974606866f,0.6183667490978666f,-0.3612326240152072f,-0.6979495361107592f,0.23356943475195144f,0f,0f,0f,1f],start_interpolation:0}
execute if entity @s[tag=aj.lover_microphone.bone.right_bend] run data modify entity @s {} merge value {transformation:[-0.7426179727314383f,-0.6693523020554746f,-0.02204636725824785f,-0.2946034391239186f,0.2571791402629401f,-0.2546250984797305f,-0.932215076598637f,1.1483532801352327f,0.6183667490978666f,-0.6979495361107593f,0.36123262401520706f,-0.011758219403390141f,0f,0f,0f,1f],start_interpolation:0}