execute if entity @s[tag=aj.lover_microphone.bone.left_straight] run data modify entity @s {} merge value {transformation:[-0.9964875641641365f,-0.07064109747512322f,-0.044970766212462356f,0.020134054452166428f,-0.0773542941311035f,0.9821934881671699f,0.17120825033124523f,1.0013772222347201f,0.03207565503157392f,0.1740855742142862f,-0.9842079887934144f,-0.06491123422513359f,0f,0f,0f,1f],start_interpolation:0}
execute if entity @s[tag=aj.lover_microphone.bone.left_bend] run data modify entity @s {} merge value {transformation:[-0.9964875641641365f,-0.07064109747512322f,-0.044970766212462356f,0.3702404115531712f,-0.0773542941311035f,0.9821934881671699f,0.17120825033124523f,1.0504274419373112f,0.03207565503157392f,0.1740855742142862f,-0.9842079887934144f,-0.12778209033035728f,0f,0f,0f,1f],start_interpolation:0}
execute if entity @s[tag=aj.lover_microphone.bone.right_straight] run data modify entity @s {} merge value {transformation:[-0.7565549658753489f,0.10941967617056765f,-0.6447107243377279f,-0.0024991682491636857f,0.2391917796472181f,0.9638856741801006f,-0.11709696691020488f,0.9720237310681934f,0.6086147189795414f,-0.24279979731684515f,-0.755404780408724f,-0.12977649776843794f,0f,0f,0f,1f],start_interpolation:0}
execute if entity @s[tag=aj.lover_microphone.bone.microphone] run data modify entity @s {} merge value {transformation:[-0.7565549658753489f,0.06486184117147682f,-0.6507054058244759f,-0.016002812885586137f,0.2391917796472181f,0.9535616384982234f,-0.18305052344579703f,1.340759783291624f,0.6086147189795414f,-0.29413116656422145f,-0.7369362120950659f,0.25135151443345544f,0f,0f,0f,1f],start_interpolation:0}
execute if entity @s[tag=aj.lover_microphone.bone.right_bend] run data modify entity @s {} merge value {transformation:[-0.7565549658753489f,-0.6507054058244759f,-0.06486184117147696f,-0.29762643257049315f,0.2391917796472181f,-0.1830505234457968f,-0.9535616384982234f,1.1470100166527155f,0.6086147189795414f,-0.736936212095066f,0.2941311665642213f,-0.018577705759025114f,0f,0f,0f,1f],start_interpolation:0}