execute if entity @s[tag=aj.lover_microphone.bone.left_straight] run data modify entity @s {} merge value {transformation:[-0.983195056746981f,-0.1459544662772466f,0.10965753125994007f,0.09593293212860876f,-0.11025746111101113f,-0.003997708980149395f,-0.9938950199051532f,1.3625232152687494f,0.14550179606332875f,-0.9892832314846111f,-0.012162041181946193f,0.6964402879133513f,0f,0f,0f,1f],start_interpolation:0}
execute if entity @s[tag=aj.lover_microphone.bone.left_bend] run data modify entity @s {} merge value {transformation:[-0.983195056746981f,-0.10830695701491116f,0.14695946192903275f,0.4488152602416066f,-0.11025746111101113f,-0.28930762835982793f,-0.9508650737313714f,1.3473818493401064f,0.14550179606332875f,-0.9510892172845734f,0.27250417998145177f,0.6318033679203789f,0f,0f,0f,1f],start_interpolation:0}
execute if entity @s[tag=aj.lover_microphone.bone.right_straight] run data modify entity @s {} merge value {transformation:[-0.6868572365992143f,0.30014400766808425f,-0.6619219827081074f,-0.049299076138723946f,0.3509213245021633f,0.9345060334225215f,0.059604509112588744f,0.8924405640286814f,0.6364600227358655f,-0.19134275047110166f,-0.7471991644141575f,0.20297517243431396f,0f,0f,0f,1f],start_interpolation:0}
execute if entity @s[tag=aj.lover_microphone.bone.microphone] run data modify entity @s {} merge value {transformation:[-0.6868572365992143f,0.2948556481495809f,-0.6642945756858034f,0.013715967070568047f,0.3509213245021633f,0.9349516602964034f,0.05214994648746933f,1.2095036217285982f,0.6364600227358655f,-0.19729556422608455f,-0.7456494483306296f,0.6152448216044841f,0f,0f,0f,1f],start_interpolation:0}
execute if entity @s[tag=aj.lover_microphone.bone.right_bend] run data modify entity @s {} merge value {transformation:[-0.6868572365992143f,-0.6642945756858033f,-0.29485564814958104f,-0.3018459944348831f,0.3509213245021633f,0.05214994648746954f,-0.9349516602964034f,1.1165561140424602f,0.6364600227358655f,-0.7456494483306296f,0.19729556422608438f,0.3297732320959155f,0f,0f,0f,1f],start_interpolation:0}
execute if entity @s[tag=aj.lover_microphone.bone.head] run data modify entity @s {} merge value {transformation:[-0.9986442381186379f,0.023297412026782812f,-0.04655014785475763f,0.05509185684514453f,0.016829244161139095f,0.9907297502149905f,0.13480110748768825f,1.3499174477679732f,0.04925913329942223f,0.1338349454806062f,-0.9897786344202388f,0.3473730159380816f,0f,0f,0f,1f],start_interpolation:0}
execute if entity @s[tag=aj.lover_microphone.bone.outfit] run data modify entity @s {} merge value {transformation:[-0.9966580475456135f,0.07345580912685938f,-0.03573486208290233f,-0.050500868774715824f,0.048370956136050934f,0.8832232636906309f,0.4664514091287051f,0.08028400621269127f,0.06582542719230833f,0.4631640212507755f,-0.8838247012579821f,-0.3184252646099082f,0f,0f,0f,1f],start_interpolation:0}
execute if entity @s[tag=aj.lover_microphone.bone.chest] run data modify entity @s {} merge value {transformation:[-0.9966580475456135f,0.07345580912685938f,-0.03573486208290233f,-0.011185709577253275f,0.048370956136050934f,0.8832232636906309f,0.4664514091287051f,0.6917460919992324f,0.06582542719230833f,0.4631640212507755f,-0.8838247012579821f,-0.0063230124782336725f,0f,0f,0f,1f],start_interpolation:0}