execute if entity @s[tag=aj.lover_microphone.bone.left_straight] run data modify entity @s {} merge value {transformation:[-0.9963882187104811f,-0.06823941938729335f,-0.05053611833767495f,0.019542126391803805f,-0.0749429430338932f,0.9865157437224592f,0.1454999748355371f,1.0019595286974627f,0.03992584256309476f,0.1487617861865351f,-0.9880667275372744f,-0.05210348112716763f,0f,0f,0f,1f],start_interpolation:0}
execute if entity @s[tag=aj.lover_microphone.bone.left_bend] run data modify entity @s {} merge value {transformation:[-0.9963882187104811f,-0.06823941938729335f,-0.05053611833767495f,0.369339782270235f,-0.0749429430338932f,0.9865157437224592f,0.1454999748355371f,1.0488065961040778f,0.03992584256309476f,0.1487617861865351f,-0.9880667275372744f,-0.11828566981995062f,0f,0f,0f,1f],start_interpolation:0}
execute if entity @s[tag=aj.lover_microphone.bone.right_straight] run data modify entity @s {} merge value {transformation:[-0.7684871861863963f,0.11651078473345843f,-0.6291682459470668f,-0.004453789246199269f,0.24634394962840384f,0.9613629643351189f,-0.12286541126888113f,0.9709355100426944f,0.5905439045056627f,-0.24941228487303221f,-0.7674968462512534f,-0.12054057043285228f,0f,0f,0f,1f],start_interpolation:0}
execute if entity @s[tag=aj.lover_microphone.bone.microphone] run data modify entity @s {} merge value {transformation:[-0.7684871861863963f,0.09832719875444819f,-0.632265139520137f,-0.023354968373533125f,0.24634394962840384f,0.9574220402601107f,-0.1505247332023738f,1.328156863055902f,0.5905439045056627f,-0.2714310203518946f,-0.7599888802093988f,0.26529080519481607f,0f,0f,0f,1f],start_interpolation:0}
execute if entity @s[tag=aj.lover_microphone.bone.right_bend] run data modify entity @s {} merge value {transformation:[-0.7684871861863963f,-0.632265139520137f,-0.09832719875444833f,-0.3014434024162841f,0.24634394962840384f,-0.15052473320237358f,-0.9574220402601107f,1.1475313814421426f,0.5905439045056627f,-0.7599888802093989f,0.2714310203518944f,-0.017116484715039626f,0f,0f,0f,1f],start_interpolation:0}