execute if entity @s[tag=aj.lover_microphone.bone.left_straight] run data modify entity @s {} merge value {transformation:[-0.9964087802757273f,-0.0669704277828261f,-0.05181220311878882f,0.019112685713119526f,-0.07533181779272498f,0.9805352380214712f,0.1813167510910681f,1.002185912060388f,0.038660830532737375f,0.1845687102429931f,-0.9820589245975808f,-0.06675496115761764f,0f,0f,0f,1f],start_interpolation:0}
execute if entity @s[tag=aj.lover_microphone.bone.left_bend] run data modify entity @s {} merge value {transformation:[-0.9964087802757273f,-0.0669704277828261f,-0.05181220311878882f,0.3688639104185598f,-0.07533181779272498f,0.9805352380214712f,0.1813167510910681f,1.0510492857419482f,0.038660830532737375f,0.1845687102429931f,-0.9820589245975808f,-0.13171326634112235f,0f,0f,0f,1f],start_interpolation:0}
execute if entity @s[tag=aj.lover_microphone.bone.right_straight] run data modify entity @s {} merge value {transformation:[-0.7598331619349227f,0.1107773020521751f,-0.6406106113498423f,-0.0028571564820486506f,0.23963651422241716f,0.9637158332973215f,-0.11758458106137308f,0.9719681213936427f,0.6043408864832057f,-0.24285835790042415f,-0.7588095353397997f,-0.12814575512227913f,0f,0f,0f,1f],start_interpolation:0}
execute if entity @s[tag=aj.lover_microphone.bone.microphone] run data modify entity @s {} merge value {transformation:[-0.7598331619349227f,0.07418723971525414f,-0.6458713645048904f,-0.017809677464997065f,0.23963651422241716f,0.9554746434408036f,-0.17217011004526503f,1.3364830896919377f,0.6043408864832057f,-0.2855949215324054f,-0.7437792909994149f,0.2551850561783188f,0f,0f,0f,1f],start_interpolation:0}
execute if entity @s[tag=aj.lover_microphone.bone.right_bend] run data modify entity @s {} merge value {transformation:[-0.7598331619349227f,-0.6458713645048904f,-0.07418723971525427f,-0.29857524228141213f,0.23963651422241716f,-0.1721701100452648f,-0.9554746434408036f,1.1470420157060146f,0.6043408864832057f,-0.743779290999415f,0.28559492153240523f,-0.018667817188313306f,0f,0f,0f,1f],start_interpolation:0}