execute if entity @s[tag=aj.lover_microphone.bone.left_straight] run data modify entity @s {} merge value {transformation:[-0.9965084314723687f,-0.07750693490664921f,-0.031042246147081776f,0.02202762547367887f,-0.08108972157547562f,0.9870020989778212f,0.13874910330588489f,0.9999590139851438f,0.01988474438587073f,0.1407818584006892f,-0.9898409292840729f,-0.056022836680881406f,0f,0f,0f,1f],start_interpolation:0}
execute if entity @s[tag=aj.lover_microphone.bone.left_bend] run data modify entity @s {} merge value {transformation:[-0.9965084314723687f,-0.07750693490664921f,-0.031042246147081776f,0.37281510058999345f,-0.08108972157547562f,0.9870020989778212f,0.13874910330588489f,1.048624212883317f,0.01988474438587073f,0.1407818584006892f,-0.9898409292840729f,-0.11529319690025841f,0f,0f,0f,1f],start_interpolation:0}
execute if entity @s[tag=aj.lover_microphone.bone.right_straight] run data modify entity @s {} merge value {transformation:[-0.7517827931754953f,0.107960835961206f,-0.6505129435943671f,-0.002127877828643987f,0.23997510138803463f,0.9636536940646971f,-0.11740318832666152f,0.9718696227326629f,0.6141942547753545f,-0.2443686064412134f,-0.7503661783335697f,-0.13130028475920005f,0f,0f,0f,1f],start_interpolation:0}
execute if entity @s[tag=aj.lover_microphone.bone.microphone] run data modify entity @s {} merge value {transformation:[-0.7517827931754953f,0.05101284694894806f,-0.6574346517574303f,-0.013613864955780708f,0.23997510138803463f,0.9498028395369315f,-0.20071501369201172f,1.3477255535696082f,0.6141942547753545f,-0.30866204083713494f,-0.7262872447917571f,0.24568788405716563f,0f,0f,0f,1f],start_interpolation:0}
execute if entity @s[tag=aj.lover_microphone.bone.right_bend] run data modify entity @s {} merge value {transformation:[-0.7517827931754953f,-0.6574346517574303f,-0.051012846948948205f,-0.2963241856918109f,0.23997510138803463f,-0.2007150136920115f,-0.9498028395369315f,1.147064966703048f,0.6141942547753545f,-0.7262872447917572f,0.3086620408371348f,-0.017983924406461627f,0f,0f,0f,1f],start_interpolation:0}