execute if entity @s[tag=aj.lover_microphone.bone.left_straight] run data modify entity @s {} merge value {transformation:[-0.9963211684190101f,-0.06509253954637687f,-0.05574128322510962f,0.01863033650147261f,-0.0738510298545845f,0.982127225802587f,0.17312463061832511f,1.002540960336544f,0.04347590999157798f,0.17660428543134965f,-0.9833212962291047f,-0.061892059344516755f,0f,0f,0f,1f],start_interpolation:0}
execute if entity @s[tag=aj.lover_microphone.bone.left_bend] run data modify entity @s {} merge value {transformation:[-0.9963211684190101f,-0.06509253954637687f,-0.05574128322510962f,0.3681597023298913f,-0.0738510298545845f,0.982127225802587f,0.17312463061832511f,1.0504522903240299f,0.04347590999157798f,0.17660428543134965f,-0.9833212962291047f,-0.1287266070367561f,0f,0f,0f,1f],start_interpolation:0}
execute if entity @s[tag=aj.lover_microphone.bone.right_straight] run data modify entity @s {} merge value {transformation:[-0.76513449290852f,0.11379007050570324f,-0.6337357711348864f,-0.003681248468787479f,0.24249241585222464f,0.9627142583087323f,-0.11991115504080174f,0.9715326229278665f,0.5964617640853215f,-0.24542427896068988f,-0.7641991149437768f,-0.12423528977560093f,0f,0f,0f,1f],start_interpolation:0}
execute if entity @s[tag=aj.lover_microphone.bone.microphone] run data modify entity @s {} merge value {transformation:[-0.76513449290852f,0.08902032633437475f,-0.6376869053547701f,-0.021050374307477804f,0.24249241585222464f,0.9573133246307614f,-0.1573169626535877f,1.330706014091615f,0.5964617640853215f,-0.2750028726826685f,-0.7540601991887028f,0.26135264431218574f,0f,0f,0f,1f],start_interpolation:0}
execute if entity @s[tag=aj.lover_microphone.bone.right_bend] run data modify entity @s {} merge value {transformation:[-0.76513449290852f,-0.6376869053547701f,-0.08902032633437489f,-0.3002444295460075f,0.24249241585222464f,-0.15731696265358747f,-0.9573133246307614f,1.1472478733128588f,0.5964617640853215f,-0.7540601991887029f,0.2750028726826683f,-0.018122594756051186f,0f,0f,0f,1f],start_interpolation:0}