execute if entity @s[tag=aj.lover_microphone.bone.left_straight] run data modify entity @s {} merge value {transformation:[-0.9964905959353377f,-0.0790074741027828f,-0.02764617963360355f,0.022430218702158167f,-0.08193559831180151f,0.988236757471202f,0.12913043371758576f,0.99970507999003f,0.01711870151975549f,0.13094246911794055f,-0.9912421600393996f,-0.053114743298265134f,0f,0f,0f,1f],start_interpolation:0}
execute if entity @s[tag=aj.lover_microphone.bone.left_bend] run data modify entity @s {} merge value {transformation:[-0.9964905959353377f,-0.0790074741027828f,-0.02764617963360355f,0.37337780278854354f,-0.08193559831180151f,0.988236757471202f,0.12913043371758576f,1.0481612159482991f,0.01711870151975549f,0.13094246911794055f,-0.9912421600393996f,-0.11160342591922767f,0f,0f,0f,1f],start_interpolation:0}
execute if entity @s[tag=aj.lover_microphone.bone.right_straight] run data modify entity @s {} merge value {transformation:[-0.7507766176715918f,0.10772617710675711f,-0.6517127750194623f,-0.0020701557756412914f,0.2403497900521696f,0.9635344935133621f,-0.1176148724941998f,0.9718026552775338f,0.6152775380098664f,-0.24494152480931544f,-0.7492911321006042f,-0.1314974327079379f,0f,0f,0f,1f],start_interpolation:0}
execute if entity @s[tag=aj.lover_microphone.bone.microphone] run data modify entity @s {} merge value {transformation:[-0.7507766176715918f,0.04804579316467246f,-0.6588065513614616f,-0.0131461556839228f,0.2403497900521696f,0.9488562479485614f,-0.20470417472747426f,1.3493001917036778f,0.6152775380098664f,-0.31203112422986884f,-0.723926880791397f,0.2444758969451026f,0f,0f,0f,1f],start_interpolation:0}
execute if entity @s[tag=aj.lover_microphone.bone.right_bend] run data modify entity @s {} merge value {transformation:[-0.7507766176715918f,-0.6588065513614616f,-0.048045793164672605f,-0.2960601847055546f,0.2403497900521696f,-0.20470417472747404f,-0.9488562479485614f,1.1470915042261525f,0.6152775380098664f,-0.7239268807913971f,0.3120311242298687f,-0.017790986290553062f,0f,0f,0f,1f],start_interpolation:0}