execute if entity @s[tag=aj.lover_microphone.bone.left_straight] run data modify entity @s {} merge value {transformation:[-0.8312307630121772f,-0.009975862157677984f,-0.5558380166886794f,0.09281202405997485f,0.49815927942824556f,0.43044147030737767f,-0.7527001215352328f,1.4673339252263022f,0.2467645658147148f,-0.9025633622155476f,-0.3528266234915405f,0.432525866643157f,0f,0f,0f,1f],start_interpolation:0}
execute if entity @s[tag=aj.lover_microphone.bone.left_bend] run data modify entity @s {} merge value {transformation:[-0.8312307630121772f,-0.26975830582945853f,-0.4860924552574479f,0.3572039451913309f,0.49815927942824556f,0.026685957708280805f,-0.8666747902072167f,1.2549778956804705f,0.2467645658147148f,-0.9625582143939201f,0.11220041426422245f,0.314479440865783f,0f,0f,0f,1f],start_interpolation:0}
execute if entity @s[tag=aj.lover_microphone.bone.right_straight] run data modify entity @s {} merge value {transformation:[-0.6779963963537003f,0.12598725825603913f,-0.7241878881122787f,-0.016988742604165524f,0.24330586471921087f,0.968131483157694f,-0.059360656264235104f,0.9710075107185703f,0.6936304078719684f,-0.21644547136867923f,-0.6870430955910678f,-0.04301725154571297f,0f,0f,0f,1f],start_interpolation:0}
execute if entity @s[tag=aj.lover_microphone.bone.microphone] run data modify entity @s {} merge value {transformation:[-0.6779963963537003f,0.1251445077352901f,-0.7243339966583703f,0.02865852667171115f,0.24330586471921087f,0.968061755672843f,-0.060487134143134044f,1.2971249494648411f,0.6936304078719684f,-0.21724476837729453f,-0.6867907744634187f,0.36350673505884146f,0f,0f,0f,1f],start_interpolation:0}
execute if entity @s[tag=aj.lover_microphone.bone.right_bend] run data modify entity @s {} merge value {transformation:[-0.6779963963537003f,-0.7243339966583703f,-0.12514450773529026f,-0.29097630417100856f,0.24330586471921087f,-0.06048713414313383f,-0.968061755672843f,1.1527800934956391f,0.6936304078719684f,-0.6867907744634187f,0.2172447683772944f,0.10522247959955594f,0f,0f,0f,1f],start_interpolation:0}
execute if entity @s[tag=aj.lover_microphone.bone.head] run data modify entity @s {} merge value {transformation:[-0.9883949049351625f,0.018537589343978134f,-0.15077091788380464f,0.02369768095415956f,0.007375659147821324f,0.9972118404035915f,0.0742572892786776f,1.4314597144865966f,0.15172709563669273f,0.07228349147762629f,-0.9857758291363496f,0.09199110358299065f,0f,0f,0f,1f],start_interpolation:0}
execute if entity @s[tag=aj.lover_microphone.bone.outfit] run data modify entity @s {} merge value {transformation:[-0.9882412182690369f,0.03159690793887941f,-0.1496025732493652f,-0.021722874207979595f,0.012637028566556649f,0.9919462859821289f,0.12602726385694782f,0.005536928387286366f,0.15237978876195407f,0.12265480477732085f,-0.9806814971446639f,-0.08432517828440808f,0f,0f,0f,1f],start_interpolation:0}
execute if entity @s[tag=aj.lover_microphone.bone.chest] run data modify entity @s {} merge value {transformation:[-0.9882412182690369f,0.03159690793887941f,-0.1496025732493652f,-0.01200103383039847f,0.012637028566556649f,0.9919462859821289f,0.12602726385694782f,0.6886424972588068f,0.15237978876195407f,0.12265480477732085f,-0.9806814971446639f,-0.006148151740787668f,0f,0f,0f,1f],start_interpolation:0}