execute if entity @s[tag=aj.lover_microphone.bone.left_straight] run data modify entity @s {} merge value {transformation:[-0.9600245952786333f,0.2767558127633385f,0.04194039296192028f,-0.10424031984193649f,-0.04466667911875625f,-0.0035512934317593614f,-0.9989956336698694f,1.3877537034561849f,-0.2763289059012799f,-0.960933716973583f,0.015771092122491115f,0.5917656309357235f,0f,0f,0f,1f],start_interpolation:0}
execute if entity @s[tag=aj.lover_microphone.bone.left_bend] run data modify entity @s {} merge value {transformation:[-0.9600245952786333f,0.2781385305838563f,-0.03149181266217599f,0.24201491350920012f,-0.04466667911875625f,-0.26328342333401733f,-0.9636839351021802f,1.3490755443896616f,-0.2763289059012799f,-0.9237536450819419f,0.26518208642596464f,0.6786243856527185f,0f,0f,0f,1f],start_interpolation:0}
execute if entity @s[tag=aj.lover_microphone.bone.right_straight] run data modify entity @s {} merge value {transformation:[-0.770112454639931f,0.34234956647837245f,-0.538259771430608f,-0.0912912285877013f,0.386123985986927f,0.9218250968531974f,0.03386381929376453f,0.8887259001315255f,0.5077746297857223f,-0.18175605944139456f,-0.8420983672958336f,0.20625933650482076f,0f,0f,0f,1f],start_interpolation:0}
execute if entity @s[tag=aj.lover_microphone.bone.microphone] run data modify entity @s {} merge value {transformation:[-0.770112454639931f,0.33743583072321404f,-0.5413537358812576f,-0.086638636698532f,0.386123985986927f,0.9220951543634957f,0.025471429974160662f,1.2233766459337314f,0.5077746297857223f,-0.18941379686679533f,-0.8404090307121153f,0.609472350837498f,0f,0f,0f,1f],start_interpolation:0}
execute if entity @s[tag=aj.lover_microphone.bone.right_bend] run data modify entity @s {} merge value {transformation:[-0.770112454639931f,-0.5413537358812575f,-0.33743583072321415f,-0.3563223920820132f,0.386123985986927f,0.025471429974160867f,-0.9220951543634957f,1.1209622899349112f,0.5077746297857223f,-0.8404090307121153f,0.18941379686679513f,0.28313726090938324f,0f,0f,0f,1f],start_interpolation:0}
execute if entity @s[tag=aj.lover_microphone.bone.head] run data modify entity @s {} merge value {transformation:[-0.9929240359330755f,0.0019512486819542874f,0.11873521590056527f,-0.0028304782541246267f,0.013506867433348675f,0.9952320208360482f,0.09659601044936433f,1.3520698894086067f,-0.11798060602705268f,0.09751624137125536f,-0.9882161500756363f,0.3476188293005503f,0f,0f,0f,1f],start_interpolation:0}
execute if entity @s[tag=aj.lover_microphone.bone.outfit] run data modify entity @s {} merge value {transformation:[-0.9938259273153035f,-0.0037739710054995024f,0.11088635325740817f,0.0025946050662809077f,0.04807215375414679f,0.8860931858781423f,0.46100752051757415f,0.07831093470877715f,-0.09999547104401647f,0.46349177240073375f,-0.8804409592286764f,-0.31865059352550446f,0f,0f,0f,1f],start_interpolation:0}
execute if entity @s[tag=aj.lover_microphone.bone.chest] run data modify entity @s {} merge value {transformation:[-0.9938259273153035f,-0.0037739710054995024f,0.11088635325740817f,-0.009986345452491161f,0.04807215375414679f,0.8860931858781423f,0.46100752051757415f,0.6916994428608104f,-0.09999547104401647f,0.46349177240073375f,-0.8804409592286764f,-0.008109714358397446f,0f,0f,0f,1f],start_interpolation:0}