execute if entity @s[tag=aj.lover_microphone.bone.left_straight] run data modify entity @s {} merge value {transformation:[-0.9964972761609723f,-0.07400824650066433f,-0.03893530600444533f,0.02110625878621747f,-0.07774255305467567f,0.9914010930820832f,0.10526142731405212f,1.001267727435893f,0.03081029127262237f,0.10791965569601972f,-0.9936820788693679f,-0.03920411553310413f,0f,0f,0f,1f],start_interpolation:0}
execute if entity @s[tag=aj.lover_microphone.bone.left_bend] run data modify entity @s {} merge value {transformation:[-0.9964972761609723f,-0.07400824650066433f,-0.03893530600444533f,0.37150309243774915f,-0.07774255305467567f,0.9914010930820832f,0.10526142731405212f,1.0469745900942187f,0.03081029127262237f,0.10791965569601972f,-0.9936820788693679f,-0.10296987088600736f,0f,0f,0f,1f],start_interpolation:0}
execute if entity @s[tag=aj.lover_microphone.bone.right_straight] run data modify entity @s {} merge value {transformation:[-0.7709621869026302f,0.11928034176005134f,-0.6256113061925267f,-0.005263882111379792f,0.2510459088995302f,0.95968738813439f,-0.12639647416206462f,0.970212478273949f,0.5853146657919336f,-0.25450406111769225f,-0.7698275293099612f,-0.11670005606808836f,0f,0f,0f,1f],start_interpolation:0}
execute if entity @s[tag=aj.lover_microphone.bone.microphone] run data modify entity @s {} merge value {transformation:[-0.7709621869026302f,0.1052612780018549f,-0.6281220977801453f,-0.02524778189076682f,0.2510459088995302f,0.9566210908783557f,-0.14782435561000737f,1.3272742716934562f,0.5853146657919336f,-0.2716544714156595f,-0.7639441014686584f,0.2682711049672717f,0f,0f,0f,1f],start_interpolation:0}
execute if entity @s[tag=aj.lover_microphone.bone.right_bend] run data modify entity @s {} merge value {transformation:[-0.7709621869026302f,-0.6281220977801453f,-0.10526127800185504f,-0.3024691674192335f,0.2510459088995302f,-0.14782435561000715f,-0.9566210908783557f,1.1478870553575582f,0.5853146657919336f,-0.7639441014686585f,0.27165447141565935f,-0.015773168292578167f,0f,0f,0f,1f],start_interpolation:0}