execute if entity @s[tag=aj.lover_microphone.bone.left_straight] run data modify entity @s {} merge value {transformation:[-0.4659379816251089f,-0.7472020154970593f,0.47391027137660985f,0.44218548366144883f,0.07494197391568763f,-0.567003832412738f,-0.8202989422002738f,1.709776893125015f,0.8816379630124488f,-0.3466926622621251f,0.32018541520322247f,0.36708926070975073f,0f,0f,0f,1f],start_interpolation:0}
execute if entity @s[tag=aj.lover_microphone.bone.left_bend] run data modify entity @s {} merge value {transformation:[-0.4659379816251089f,-0.7472020154970593f,0.47391027137660985f,0.6239507558113973f,0.07494197391568763f,-0.567003832412738f,-0.8202989422002738f,1.6313764371547768f,0.8816379630124488f,-0.3466926622621251f,0.32018541520322247f,0.06750974834829694f,0f,0f,0f,1f],start_interpolation:0}
execute if entity @s[tag=aj.lover_microphone.bone.right_straight] run data modify entity @s {} merge value {transformation:[-0.742114447635747f,0.11008064673428572f,-0.6611719880824137f,-0.0027544387866755005f,0.2563730310866772f,0.9580313069669778f,-0.12825320191938294f,0.9691825265589277f,0.6193052684595214f,-0.26468522075421164f,-0.739190583254802f,-0.12573802512381407f,0f,0f,0f,1f],start_interpolation:0}
execute if entity @s[tag=aj.lover_microphone.bone.microphone] run data modify entity @s {} merge value {transformation:[-0.742114447635747f,0.020602452501449587f,-0.6699564803486983f,-0.01025857980087802f,0.2563730310866772f,0.9322477671024638f,-0.2553173900538316f,1.3695441828351933f,0.6193052684595214f,-0.3612334974547574f,-0.6971164499385193f,0.23299319920187844f,0f,0f,0f,1f],start_interpolation:0}
execute if entity @s[tag=aj.lover_microphone.bone.right_bend] run data modify entity @s {} merge value {transformation:[-0.742114447635747f,-0.6699564803486983f,-0.020602452501449736f,-0.2944154922565796f,0.2563730310866772f,-0.25531739005383136f,-0.9322477671024639f,1.1482896301898284f,0.6193052684595214f,-0.6971164499385194f,0.36123349745475725f,-0.011984128704447497f,0f,0f,0f,1f],start_interpolation:0}