execute if entity @s[tag=aj.lover_microphone.bone.left_straight] run data modify entity @s {} merge value {transformation:[-0.9979612166439756f,0.060829623974161945f,-0.01931752886985937f,-0.032028704477309156f,0.06358397828056613f,0.9737706244220494f,-0.21846704263734715f,1.076372026840226f,0.005521574095516887f,-0.2192499210030736f,-0.9756531065699806f,0.08814512176430446f,0f,0f,0f,1f],start_interpolation:0}
execute if entity @s[tag=aj.lover_microphone.bone.left_bend] run data modify entity @s {} merge value {transformation:[-0.9979612166439756f,0.04289449214534839f,-0.04725962989770902f,0.32164262585459347f,0.06358397828056613f,0.7322585666217638f,-0.678051966529894f,1.0540784364302953f,0.005521574095516887f,-0.6796745207469768f,-0.7334930525007549f,0.030242480972118166f,0f,0f,0f,1f],start_interpolation:0}
execute if entity @s[tag=aj.lover_microphone.bone.right_straight] run data modify entity @s {} merge value {transformation:[-0.7542203492608104f,0.12427125100126808f,-0.6447544656188748f,-0.010919575373007279f,0.2579266796294416f,0.9590707043443806f,-0.11686407490629924f,0.9699957998247402f,0.6038422746845675f,-0.2544406418852019f,-0.7554035127405843f,-0.09260589440740685f,0f,0f,0f,1f],start_interpolation:0}
execute if entity @s[tag=aj.lover_microphone.bone.microphone] run data modify entity @s {} merge value {transformation:[-0.7542203492608104f,0.12405761591375282f,-0.6447956053624255f,-0.01718141433350845f,0.2579266796294416f,0.959031930805731f,-0.11718184001953112f,1.3175815584247361f,0.6038422746845675f,-0.2546909178373414f,-0.7553191667599467f,0.29822555765232067f,0f,0f,0f,1f],start_interpolation:0}
execute if entity @s[tag=aj.lover_microphone.bone.right_bend] run data modify entity @s {} merge value {transformation:[-0.7542203492608104f,-0.6447956053624255f,-0.12405761591375296f,-0.30364921128697614f,0.2579266796294416f,-0.11718184001953091f,-0.959031930805731f,1.1507106347510243f,0.6038422746845675f,-0.7553191667599468f,0.2546909178373412f,0.015731459852578587f,0f,0f,0f,1f],start_interpolation:0}
execute if entity @s[tag=aj.lover_microphone.bone.head] run data modify entity @s {} merge value {transformation:[-0.9994008835601125f,0.002367705553017229f,-0.0345292326830566f,0.003145877633915729f,0.0017709303437773102f,0.9998487141890617f,0.017303541261758214f,1.437142906360942f,0.03456497859082139f,0.01723202555981425f,-0.9992538814285998f,0.022926325406233513f,0f,0f,0f,1f],start_interpolation:0}
execute if entity @s[tag=aj.lover_microphone.bone.outfit] run data modify entity @s {} merge value {transformation:[-0.9993960882468427f,0.004194503511887639f,-0.03449441892825266f,-0.002883721164422752f,0.0031355893036848627f,0.9995238751479225f,0.030695131356597228f,0.0003273358358032441f,0.03460674611441605f,0.030568433874978016f,-0.9989334031725056f,-0.021015798289047385f,0f,0f,0f,1f],start_interpolation:0}
execute if entity @s[tag=aj.lover_microphone.bone.chest] run data modify entity @s {} merge value {transformation:[-0.9993960882468427f,0.004194503511887639f,-0.03449441892825266f,-0.011205772116034353f,0.0031355893036848627f,0.9995238751479225f,0.030695131356597228f,0.687778897336007f,0.03460674611441605f,0.030568433874978016f,-0.9989334031725056f,-0.007581739270904478f,0f,0f,0f,1f],start_interpolation:0}