execute if entity @s[tag=aj.lover_microphone.bone.left_straight] run data modify entity @s {} merge value {transformation:[-0.9963573751731571f,-0.0669301641335166f,-0.05284254031665261f,0.019171501871650953f,-0.07441272604465717f,0.9850422937444235f,0.15541694160331276f,1.002177767308266f,0.04165005571015877f,0.1587829734694034f,-0.9864346101975312f,-0.055464135747362704f,0f,0f,0f,1f],start_interpolation:0}
execute if entity @s[tag=aj.lover_microphone.bone.left_bend] run data modify entity @s {} merge value {transformation:[-0.9963573751731571f,-0.0669301641335166f,-0.05284254031665261f,0.3688488115500687f,-0.07441272604465717f,0.9850422937444235f,0.15541694160331276f,1.049359139845841f,0.04165005571015877f,0.1587829734694034f,-0.9864346101975312f,-0.12204361505102623f,0f,0f,0f,1f],start_interpolation:0}
execute if entity @s[tag=aj.lover_microphone.bone.right_straight] run data modify entity @s {} merge value {transformation:[-0.7675728478954945f,0.11567893194357629f,-0.6304366009980651f,-0.00421501419301798f,0.24507229567143207f,0.9618108998891454f,-0.12189898583977882f,0.9711324569613831f,0.5922596500420523f,-0.24806889679850205f,-0.7666096329770712f,-0.1216805357219201f,0f,0f,0f,1f],start_interpolation:0}
execute if entity @s[tag=aj.lover_microphone.bone.microphone] run data modify entity @s {} merge value {transformation:[-0.7675728478954945f,0.09578713713704182f,-0.6337639525349242f,-0.02270195211376641f,0.24507229567143207f,0.957499632745445f,-0.15209872841898617f,1.3287325380996349f,0.5922596500420523f,-0.272064840895379f,-0.7584254935592802f,0.264209429225438f,0f,0f,0f,1f],start_interpolation:0}
execute if entity @s[tag=aj.lover_microphone.bone.right_bend] run data modify entity @s {} merge value {transformation:[-0.7675728478954945f,-0.6337639525349242f,-0.09578713713704196f,-0.3011001091312739f,0.24507229567143207f,-0.15209872841898595f,-0.957499632745445f,1.1474370001608383f,0.5922596500420523f,-0.7584254935592804f,0.27206484089537886f,-0.017462389108450133f,0f,0f,0f,1f],start_interpolation:0}