execute if entity @s[tag=aj.lover_microphone.bone.left_straight] run data modify entity @s {} merge value {transformation:[-0.996196267842449f,-0.08713491680565648f,-0.0007086677973060254f,0.024215061052645148f,-0.08713777853725622f,0.9961686060482082f,0.007424006705399404f,1.0014231439657324f,0.00005906240515398458f,0.0074575195099343405f,-0.9999721905705135f,-0.010839106596223141f,0f,0f,0f,1f],start_interpolation:0}
execute if entity @s[tag=aj.lover_microphone.bone.left_bend] run data modify entity @s {} merge value {transformation:[-0.996196267842449f,-0.08713491680565648f,-0.0007086677973060254f,0.37642559380212115f,-0.08713777853725622f,0.9961686060482082f,0.007424006705399404f,1.0451867727319217f,0.00005906240515398458f,0.0074575195099343405f,-0.9999721905705135f,-0.06529656981622534f,0f,0f,0f,1f],start_interpolation:0}
execute if entity @s[tag=aj.lover_microphone.bone.right_straight] run data modify entity @s {} merge value {transformation:[-0.7431729452564529f,0.10704924382208272f,-0.6604804560590491f,-0.0019311141928662068f,0.24645903870448943f,0.961509974820737f,-0.12147637861364179f,0.9707644947094016f,0.6220545922020899f,-0.25305933635680417f,-0.7409514536074179f,-0.13106204217446699f,0f,0f,0f,1f],start_interpolation:0}
execute if entity @s[tag=aj.lover_microphone.bone.microphone] run data modify entity @s {} merge value {transformation:[-0.7431729452564529f,0.02490632226722578f,-0.6686356620387297f,-0.01007675974526362f,0.24645903870448943f,0.9392348190920382f,-0.23894747717020418f,1.3628396487104926f,0.6220545922020899f,-0.3423706028797849f,-0.7041522950356863f,0.2349683897250136f,0f,0f,0f,1f],start_interpolation:0}
execute if entity @s[tag=aj.lover_microphone.bone.right_bend] run data modify entity @s {} merge value {transformation:[-0.7431729452564529f,-0.6686356620387297f,-0.02490632226722593f,-0.29421668811430446f,0.24645903870448943f,-0.23894747717020395f,-0.9392348190920382f,1.1475339014213062f,0.6220545922020899f,-0.7041522950356864f,0.3423706028797847f,-0.015272605000995684f,0f,0f,0f,1f],start_interpolation:0}