execute if entity @s[tag=aj.lover_microphone.bone.left_straight] run data modify entity @s {} merge value {transformation:[-0.4896032964858158f,0.8480648427302575f,0.2026687805142315f,-0.2619202614209407f,0.043745712860107144f,0.2560309825588141f,-0.9656782324233724f,1.342032030911022f,-0.870847245317216f,-0.46393335566099514f,-0.1624528141601275f,0.23130020500396195f,0f,0f,0f,1f],start_interpolation:0}
execute if entity @s[tag=aj.lover_microphone.bone.left_bend] run data modify entity @s {} merge value {transformation:[-0.4896032964858158f,0.8700803500612019f,0.05699821495098256f,-0.06661149972708297f,0.043745712860107144f,0.08979768693074278f,-0.9949988382044719f,1.277056719551101f,-0.870847245317216f,-0.4846612836396818f,-0.08202752869709172f,0.5255209153594801f,0f,0f,0f,1f],start_interpolation:0}
execute if entity @s[tag=aj.lover_microphone.bone.right_straight] run data modify entity @s {} merge value {transformation:[-0.8622708763407343f,0.4242867322716809f,-0.27653156172994264f,-0.15642130372156593f,0.45559568788708527f,0.8883172489313456f,-0.05766311151628706f,0.9024070321589319f,0.22118206300076826f,-0.17570780878852554f,-0.9592732983553014f,0.16486194064325863f,0f,0f,0f,1f],start_interpolation:0}
execute if entity @s[tag=aj.lover_microphone.bone.microphone] run data modify entity @s {} merge value {transformation:[-0.8622708763407343f,0.42072791221869976f,-0.2819165828657054f,-0.24885686312107846f,0.45559568788708527f,0.8875101914418102f,-0.0689799192926118f,1.2836644521906773f,0.22118206300076826f,-0.18791935495583106f,-0.9569560131164381f,0.5128615551049914f,0f,0f,0f,1f],start_interpolation:0}
execute if entity @s[tag=aj.lover_microphone.bone.right_bend] run data modify entity @s {} merge value {transformation:[-0.8622708763407343f,-0.2819165828657053f,-0.4207279122186998f,-0.4207106914411481f,0.45559568788708527f,-0.0689799192926116f,-0.8875101914418102f,1.146248257350962f,0.22118206300076826f,-0.9569560131164381f,0.18791935495583084f,0.13696839177491615f,0f,0f,0f,1f],start_interpolation:0}
execute if entity @s[tag=aj.lover_microphone.bone.head] run data modify entity @s {} merge value {transformation:[-0.9128184832149614f,0.005733893992757033f,0.40832528596796114f,-0.0901575471855365f,-0.0017489524190631232f,0.9998373561668078f,-0.01794999662406016f,1.3790399132910836f,-0.40836179775607473f,-0.01709923018874665f,-0.9126599906100732f,0.27594232189145695f,0f,0f,0f,1f],start_interpolation:0}
execute if entity @s[tag=aj.lover_microphone.bone.outfit] run data modify entity @s {} merge value {transformation:[-0.9186983562455406f,-0.12021006291404866f,0.37622183749211346f,0.08264441825340846f,0.037128633994475746f,0.9220532177214447f,0.3852782477992164f,0.053588412816506725f,-0.3932108782440359f,0.36792309585527594f,-0.8426255400632142f,-0.2529471284005022f,0f,0f,0f,1f],start_interpolation:0}
execute if entity @s[tag=aj.lover_microphone.bone.chest] run data modify entity @s {} merge value {transformation:[-0.9186983562455406f,-0.12021006291404866f,0.37622183749211346f,-0.0070502455039203205f,0.037128633994475746f,0.9220532177214447f,0.3852782477992164f,0.6909762804714645f,-0.3932108782440359f,0.36792309585527594f,-0.8426255400632142f,-0.01101541625317288f,0f,0f,0f,1f],start_interpolation:0}