execute if entity @s[tag=aj.lover_microphone.bone.left_straight] run data modify entity @s {} merge value {transformation:[-0.8378384102395066f,-0.2799703973126768f,0.4686612582195355f,0.1295110335895532f,0.11437347094068867f,-0.9294510004555141f,-0.3507699344260026f,1.838607026137455f,0.5338028732334772f,-0.24028610942129933f,0.810750934718461f,0.1757328120918864f,0f,0f,0f,1f],start_interpolation:0}
execute if entity @s[tag=aj.lover_microphone.bone.left_bend] run data modify entity @s {} merge value {transformation:[-0.8378384102395066f,-0.2799703973126768f,0.4686612582195355f,0.44873889899225383f,0.11437347094068867f,-0.9294510004555141f,-0.3507699344260026f,1.7672941251708179f,0.5338028732334772f,-0.24028610942129933f,0.810750934718461f,0.027607291032987286f,0f,0f,0f,1f],start_interpolation:0}
execute if entity @s[tag=aj.lover_microphone.bone.right_straight] run data modify entity @s {} merge value {transformation:[-0.7413212091131581f,0.1090421383977671f,-0.6622330986689259f,-0.002476329590550802f,0.25426432973836605f,0.9587920878173112f,-0.1267571811047441f,0.9695079462618601f,0.6211219812095726f,-0.26235004172396015f,-0.7384984360618049f,-0.12728527536178108f,0f,0f,0f,1f],start_interpolation:0}
execute if entity @s[tag=aj.lover_microphone.bone.microphone] run data modify entity @s {} merge value {transformation:[-0.7413212091131581f,0.018426644418431715f,-0.6708974017645931f,-0.009799030575831869f,0.25426432973836605f,0.932820614303558f,-0.2553338053471027f,1.3694621548417354f,0.6211219812095726f,-0.35986964349026346f,-0.6962049440735724f,0.23214885261136686f,0f,0f,0f,1f],start_interpolation:0}
execute if entity @s[tag=aj.lover_microphone.bone.right_bend] run data modify entity @s {} merge value {transformation:[-0.7413212091131581f,-0.6708974017645931f,-0.018426644418431865f,-0.2940779936064618f,0.25426432973836605f,-0.2553338053471025f,-0.9328206143035581f,1.148124788666287f,0.6211219812095726f,-0.6962049440735725f,0.3598696434902633f,-0.012611970772455017f,0f,0f,0f,1f],start_interpolation:0}