execute if entity @s[tag=aj.lover_microphone.bone.left_straight] run data modify entity @s {} merge value {transformation:[-0.6270869111076142f,-0.5588101058890992f,0.5426723426467625f,0.30827642606358774f,0.09611851351502945f,-0.7468592030107319f,-0.6579989074746523f,1.7781314793522476f,0.7729962724859495f,-0.3604616434995391f,0.5220576273635308f,0.3228825472612641f,0f,0f,0f,1f],start_interpolation:0}
execute if entity @s[tag=aj.lover_microphone.bone.left_bend] run data modify entity @s {} merge value {transformation:[-0.6270869111076142f,-0.5588101058890992f,0.5426723426467625f,0.5533037897084122f,0.09611851351502945f,-0.7468592030107319f,-0.6579989074746523f,1.6988222011290244f,0.7729962724859495f,-0.3604616434995391f,0.5220576273635308f,0.07267311631232719f,0f,0f,0f,1f],start_interpolation:0}
execute if entity @s[tag=aj.lover_microphone.bone.right_straight] run data modify entity @s {} merge value {transformation:[-0.7417191521647936f,0.10963898548056493f,-0.6616887426688867f,-0.0026361516101857663f,0.25554343906571664f,0.9583321905556182f,-0.12765956014077645f,0.9693096607345659f,0.620121157567137f,-0.2637777576060245f,-0.7388308632765224f,-0.1263808211674305f,0f,0f,0f,1f],start_interpolation:0}
execute if entity @s[tag=aj.lover_microphone.bone.microphone] run data modify entity @s {} merge value {transformation:[-0.7417191521647936f,0.019492073470645677f,-0.6704272953749382f,-0.01004296986904668f,0.25554343906571664f,0.9323956647051478f,-0.2556088323777408f,1.3696210749262399f,0.620121157567137f,-0.36091326314068944f,-0.6965567933964418f,0.23255591699232195f,0f,0f,0f,1f],start_interpolation:0}
execute if entity @s[tag=aj.lover_microphone.bone.right_bend] run data modify entity @s {} merge value {transformation:[-0.7417191521647936f,-0.6704272953749382f,-0.019492073470645827f,-0.2942582803601598f,0.25554343906571664f,-0.25560883237774057f,-0.9323956647051479f,1.1482244982473193f,0.620121157567137f,-0.6965567933964419f,0.3609132631406893f,-0.012225275643215794f,0f,0f,0f,1f],start_interpolation:0}