execute if entity @s[tag=aj.lover_microphone.bone.left_straight] run data modify entity @s {} merge value {transformation:[-0.9962975005464652f,-0.08541705963128889f,-0.009757885468227293f,0.024006950573989383f,-0.08586852066463074f,0.9942444904546787f,0.06406629659488838f,0.9995301537893858f,0.004229369188671335f,0.0646669863567274f,-0.9978979373221516f,-0.03164173093452638f,0f,0f,0f,1f],start_interpolation:0}
execute if entity @s[tag=aj.lover_microphone.bone.left_bend] run data modify entity @s {} merge value {transformation:[-0.9962975005464652f,-0.08541705963128889f,-0.009757885468227293f,0.3757813973617333f,-0.08586852066463074f,0.9942444904546787f,0.06406629659488838f,1.0459083160794955f,0.004229369188671335f,0.0646669863567274f,-0.9978979373221516f,-0.08675011988377274f,0f,0f,0f,1f],start_interpolation:0}
execute if entity @s[tag=aj.lover_microphone.bone.right_straight] run data modify entity @s {} merge value {transformation:[-0.7458509556827677f,0.10699428938758841f,-0.6574637434456344f,-0.0019014719635320476f,0.24342539432650456f,0.9625285718993646f,-0.119510776394246f,0.9712722363649551f,0.6200406674598754f,-0.24918059779167134f,-0.7439479823079685f,-0.13173138958448577f,0f,0f,0f,1f],start_interpolation:0}
execute if entity @s[tag=aj.lover_microphone.bone.microphone] run data modify entity @s {} merge value {transformation:[-0.7458509556827677f,0.03323367159937584f,-0.6652833042990985f,-0.011049715897936019f,0.24342539432650456f,0.9432738037760796f,-0.2257844292833146f,1.3576270643863404f,0.6200406674598754f,-0.3303483830470965f,-0.7116315876309041f,0.23841077882820627f,0f,0f,0f,1f],start_interpolation:0}
execute if entity @s[tag=aj.lover_microphone.bone.right_bend] run data modify entity @s {} merge value {transformation:[-0.7458509556827677f,-0.6652833042990985f,-0.033233671599375986f,-0.2948255544923815f,0.24342539432650456f,-0.22578442928331438f,-0.9432738037760796f,1.147312029178169f,0.6200406674598754f,-0.7116315876309042f,0.33034838304709635f,-0.016445020686315467f,0f,0f,0f,1f],start_interpolation:0}