execute if entity @s[tag=aj.lover_microphone.bone.left_straight] run data modify entity @s {} merge value {transformation:[-0.9962183062527574f,-0.08681643952973657f,-0.0034629632205251887f,0.024234029531867318f,-0.08688077595730072f,0.9957874972262153f,0.029308550578414687f,1.0004685877037574f,0.000903911469358047f,0.029498579547662374f,-0.9995644135065662f,-0.01910259655140125f,0f,0f,0f,1f],start_interpolation:0}
execute if entity @s[tag=aj.lover_microphone.bone.left_bend] run data modify entity @s {} merge value {transformation:[-0.9962183062527574f,-0.08681643952973657f,-0.0034629632205251887f,0.3763061648236512f,-0.08688077595730072f,0.9957874972262153f,0.029308550578414687f,1.0453296885401693f,0.000903911469358047f,0.029498579547662374f,-0.9995644135065662f,-0.07356196733037335f,0f,0f,0f,1f],start_interpolation:0}
execute if entity @s[tag=aj.lover_microphone.bone.right_straight] run data modify entity @s {} merge value {transformation:[-0.7440686237380466f,0.10697047348394328f,-0.659484041483333f,-0.001905119439534253f,0.24526352599779863f,0.961913973525517f,-0.1206951132046285f,0.9709632234046597f,0.6214561014132025f,-0.2515528281275564f,-0.7419659619398532f,-0.13139130649012076f,0f,0f,0f,1f],start_interpolation:0}
execute if entity @s[tag=aj.lover_microphone.bone.microphone] run data modify entity @s {} merge value {transformation:[-0.7440686237380466f,0.027722869228492434f,-0.6675277714749471f,-0.010384322837944104f,0.24526352599779863f,0.9407130154290019f,-0.23431778724117686f,1.361003809679749f,0.6214561014132025f,-0.33806872840328517f,-0.7067544473804811f,0.23613772863477445f,0f,0f,0f,1f],start_interpolation:0}
execute if entity @s[tag=aj.lover_microphone.bone.right_bend] run data modify entity @s {} merge value {transformation:[-0.7440686237380466f,-0.6675277714749471f,-0.027722869228492583f,-0.2944119281735388f,0.24526352599779863f,-0.23431778724117663f,-0.9407130154290019f,1.1474459538255708f,0.6214561014132025f,-0.7067544473804812f,0.338068728403285f,-0.01572330598764382f,0f,0f,0f,1f],start_interpolation:0}