execute if entity @s[tag=aj.lover_microphone.bone.left_straight] run data modify entity @s {} merge value {transformation:[-0.4396740701613321f,-0.8947690741239602f,0.07794238910322802f,0.5302758235569016f,0.04711029905943326f,-0.10963571934884131f,-0.9928547873507954f,1.5320848880680418f,0.8969210287145123f,-0.43286061617362825f,0.09035682163228255f,0.4184328957098241f,0f,0f,0f,1f],start_interpolation:0}
execute if entity @s[tag=aj.lover_microphone.bone.left_bend] run data modify entity @s {} merge value {transformation:[-0.4396740701613321f,-0.8947690741239602f,0.07794238910322802f,0.6792884027964851f,0.04711029905943326f,-0.10963571934884131f,-0.9928547873507954f,1.4598633947558155f,0.8969210287145123f,-0.43286061617362825f,0.09035682163228255f,0.09982273106511062f,0f,0f,0f,1f],start_interpolation:0}
execute if entity @s[tag=aj.lover_microphone.bone.right_straight] run data modify entity @s {} merge value {transformation:[-0.7448134233185254f,0.11220264983821757f,-0.6577716395633225f,-0.00332542586174453f,0.2594127621172479f,0.9569074402014622f,-0.1305111862553746f,0.9687294951552752f,0.6147828749202756f,-0.26784084127773955f,-0.7418243056468247f,-0.12286649289697678f,0f,0f,0f,1f],start_interpolation:0}
execute if entity @s[tag=aj.lover_microphone.bone.microphone] run data modify entity @s {} merge value {transformation:[-0.7448134233185254f,0.02848746526393062f,-0.6666644049050283f,-0.011597585402461807f,0.2594127621172479f,0.9328585608540474f,-0.24995984535924168f,1.367616767605545f,0.6147828749202756f,-0.3591147027958508f,-0.7021955902315313f,0.2361827656613827f,0f,0f,0f,1f],start_interpolation:0}
execute if entity @s[tag=aj.lover_microphone.bone.right_bend] run data modify entity @s {} merge value {transformation:[-0.7448134233185254f,-0.6666644049050283f,-0.02848746526393077f,-0.2953609519401775f,0.2594127621172479f,-0.24995984535924148f,-0.9328585608540474f,1.1485316436234878f,0.6147828749202756f,-0.7021955902315314f,0.3591147027958506f,-0.011188775571091991f,0f,0f,0f,1f],start_interpolation:0}