execute if entity @s[tag=aj.lover_microphone.bone.left_straight] run data modify entity @s {} merge value {transformation:[-0.9964977509611888f,-0.08041356461925676f,-0.022932312454640315f,0.022715487909457488f,-0.08164123183285618f,0.9949213457865739f,0.058874654674542067f,1.0010503455792654f,0.018081526321261233f,0.0605406832093706f,-0.9980019459311872f,-0.025123929762498665f,0f,0f,0f,1f],start_interpolation:0}
execute if entity @s[tag=aj.lover_microphone.bone.left_bend] run data modify entity @s {} merge value {transformation:[-0.9964977509611888f,-0.08041356461925676f,-0.022932312454640315f,0.3739050867322213f,-0.08164123183285618f,0.9949213457865739f,0.058874654674542067f,1.0456544953300346f,0.018081526321261233f,0.0605406832093706f,-0.9980019459311872f,-0.08520275620351393f,0f,0f,0f,1f],start_interpolation:0}
execute if entity @s[tag=aj.lover_microphone.bone.right_straight] run data modify entity @s {} merge value {transformation:[-0.7726468487679093f,0.12191468856923358f,-0.6230197876472996f,-0.006054689942966041f,0.2560550136706481f,0.9578657325597147f,-0.13011175335827724f,0.9694538759461665f,0.5809067714041072f,-0.26005777646305395f,-0.7713088070532765f,-0.11300021309387209f,0f,0f,0f,1f],start_interpolation:0}
execute if entity @s[tag=aj.lover_microphone.bone.microphone] run data modify entity @s {} merge value {transformation:[-0.7726468487679093f,0.1101228123160439f,-0.625211814744911f,-0.026699172788262004f,0.2560550136706481f,0.9552367045330354f,-0.1481845750643127f,1.327631905863736f,0.5809067714041072f,-0.27458296473101185f,-0.766258127797927f,0.2703845846074122f,0f,0f,0f,1f],start_interpolation:0}
execute if entity @s[tag=aj.lover_microphone.bone.right_bend] run data modify entity @s {} merge value {transformation:[-0.7726468487679093f,-0.625211814744911f,-0.11012281231604404f,-0.3033102163953959f,0.2560550136706481f,-0.14818457506431248f,-0.9552367045330354f,1.1482776008393831f,0.5809067714041072f,-0.7662581277979271f,0.2745829647310117f,-0.014274831141628058f,0f,0f,0f,1f],start_interpolation:0}