execute if entity @s[tag=aj.lover_microphone.bone.left_straight] run data modify entity @s {} merge value {transformation:[-0.9961946980917455f,-0.03717791535904409f,0.07882845998401672f,0.0005200207637101606f,-0.08715574274765818f,0.4249455170615094f,-0.9010134205634401f,1.2723039477229552f,-1.150597709306548e-16f,-0.9044551454543681f,-0.42656873990145805f,0.31123769546131896f,0f,0f,0f,1f],start_interpolation:0}
execute if entity @s[tag=aj.lover_microphone.bone.left_bend] run data modify entity @s {} merge value {transformation:[-0.9961946980917455f,-0.03717791535904409f,0.07882845998401672f,0.3576917182596415f,-0.08715574274765818f,0.4249455170615094f,-0.9010134205634401f,1.259395431101934f,-1.150597709306548e-16f,-0.9044551454543681f,-0.42656873990145805f,0.2766706795453881f,0f,0f,0f,1f],start_interpolation:0}
execute if entity @s[tag=aj.lover_microphone.bone.right_straight] run data modify entity @s {} merge value {transformation:[-0.7534584900254812f,0.11685814361404954f,-0.6470274167912827f,-0.0046074625593605645f,0.26279545265195936f,0.9555798207854668f,-0.13343821106814585f,0.9682777603072112f,0.6026930013480943f,-0.2705760158969997f,-0.7506995176149595f,-0.11729897528113456f,0f,0f,0f,1f],start_interpolation:0}
execute if entity @s[tag=aj.lover_microphone.bone.microphone] run data modify entity @s {} merge value {transformation:[-0.7534584900254812f,0.05427070628727699f,-0.6552518555850126f,-0.015883795695861902f,0.26279545265195936f,0.9383791784060163f,-0.2244617285853026f,1.3579197303907267f,0.6026930013480943f,-0.34131980307789117f,-0.721291853657655f,0.24687086354346383f,0f,0f,0f,1f],start_interpolation:0}
execute if entity @s[tag=aj.lover_microphone.bone.right_bend] run data modify entity @s {} merge value {transformation:[-0.7534584900254812f,-0.6552518555850126f,-0.054270706287277135f,-0.2980893274098066f,0.26279545265195936f,-0.2244617285853024f,-0.9383791784060163f,1.1488094182481625f,0.6026930013480943f,-0.7212918536576551f,0.341319803077891f,-0.010705405504114474f,0f,0f,0f,1f],start_interpolation:0}