execute if entity @s[tag=aj.lover_microphone.bone.right_straight] run data modify entity @s {} merge value {transformation:[-0.750195705242525f,0.11527069832218692f,-0.6510906772055531f,-0.004164767425820198f,0.26202273770569134f,0.9558987080397894f,-0.13267156776444577f,0.9683695546715612f,0.6070835928938327f,-0.27013020208073146f,-0.7473146493699546f,-0.11911755298023996f,0f,0f,0f,1f],start_interpolation:0}
execute if entity @s[tag=aj.lover_microphone.bone.microphone] run data modify entity @s {} merge value {transformation:[-0.750195705242525f,0.044531034093929715f,-0.6597146283342485f,-0.01422556211324505f,0.26202273770569134f,0.9360689010494538f,-0.23477456721988074f,1.361878334747628f,0.6070835928938327f,-0.34898710504915953f,-0.7139030128445474f,0.24280820113223178f,0f,0f,0f,1f],start_interpolation:0}
execute if entity @s[tag=aj.lover_microphone.bone.right_bend] run data modify entity @s {} merge value {transformation:[-0.750195705242525f,-0.6597146283342485f,-0.04453103409392986f,-0.2970829151018977f,0.26202273770569134f,-0.23477456721988055f,-0.9360689010494538f,1.1487446853337946f,0.6070835928938327f,-0.7139030128445475f,0.34898710504915936f,-0.010723620339107676f,0f,0f,0f,1f],start_interpolation:0}