execute if entity @s[tag=aj.lover_microphone.bone.left_straight] run data modify entity @s {} merge value {transformation:[-0.6703598048910103f,-0.7392472667562393f,0.06427449400746714f,0.3889351040694178f,0.03908536756511649f,-0.12167607169021943f,-0.9918000139243474f,1.5338466635975243f,0.7410061174030792f,-0.662350671601883f,0.11046049882083532f,0.4509629434358107f,0f,0f,0f,1f],start_interpolation:0}
execute if entity @s[tag=aj.lover_microphone.bone.left_bend] run data modify entity @s {} merge value {transformation:[-0.6703598048910103f,-0.7392472667562393f,0.06427449400746714f,0.6209677250335898f,0.03908536756511649f,-0.12167607169021943f,-0.9918000139243474f,1.4643785268838323f,0.7410061174030792f,-0.662350671601883f,0.11046049882083532f,0.18588150185070618f,0f,0f,0f,1f],start_interpolation:0}
execute if entity @s[tag=aj.lover_microphone.bone.right_straight] run data modify entity @s {} merge value {transformation:[-0.7457850876449771f,0.11282253808395928f,-0.6565635368695611f,-0.0034934962820806215f,0.2600806644432776f,0.9566546755949045f,-0.13103388739235106f,0.9686336587438104f,0.6133210016207803f,-0.26848260011163044f,-0.742801751753576f,-0.122077980283347f,0f,0f,0f,1f],start_interpolation:0}
execute if entity @s[tag=aj.lover_microphone.bone.microphone] run data modify entity @s {} merge value {transformation:[-0.7457850876449771f,0.031370948395082705f,-0.6654475686657566f,-0.012066968036152592f,0.2600806644432776f,0.9333337463167865f,-0.24747962738176124f,1.3666920100588829f,0.6133210016207803f,-0.35763666140800665f,-0.7042253669016881f,0.2373647121023212f,0f,0f,0f,1f],start_interpolation:0}
execute if entity @s[tag=aj.lover_microphone.bone.right_bend] run data modify entity @s {} merge value {transformation:[-0.7457850876449771f,-0.6654475686657566f,-0.03137094839508285f,-0.2956809715580836f,0.2600806644432776f,-0.24747962738176105f,-0.9333337463167865f,1.1485856093691562f,0.6133210016207803f,-0.7042253669016882f,0.3576366614080065f,-0.011040831586252076f,0f,0f,0f,1f],start_interpolation:0}