execute if entity @s[tag=aj.lover_microphone.bone.left_straight] run data modify entity @s {} merge value {transformation:[-0.9961946980917455f,-0.04357787137382901f,0.07547908730517339f,0.003182649198332499f,-0.08715574274765818f,0.4980973490458728f,-0.8627299156628209f,1.2418699654524024f,-1.2199866483456202e-16f,-0.8660254037844387f,-0.5f,0.30035046896647f,0f,0f,0f,1f],start_interpolation:0}
execute if entity @s[tag=aj.lover_microphone.bone.left_bend] run data modify entity @s {} merge value {transformation:[-0.9961946980917455f,-0.04357787137382901f,0.07547908730517339f,0.3600917017651859f,-0.08715574274765818f,0.4980973490458728f,-0.8627299156628209f,1.2319634941077977f,-1.2199866483456202e-16f,-0.8660254037844387f,-0.5f,0.26225952641916456f,0f,0f,0f,1f],start_interpolation:0}
execute if entity @s[tag=aj.lover_microphone.bone.right_straight] run data modify entity @s {} merge value {transformation:[-0.7418331562093307f,0.10741951909860849f,-0.661924931744625f,-0.002037324452462297f,0.24899464092694745f,0.9606424978086213f,-0.1231570549894463f,0.9703484113205527f,0.6226437481723905f,-0.2561777475126142f,-0.739383340724688f,-0.13013524747859265f,0f,0f,0f,1f],start_interpolation:0}
execute if entity @s[tag=aj.lover_microphone.bone.microphone] run data modify entity @s {} merge value {transformation:[-0.7418331562093307f,0.02058388106229939f,-0.6702685075318069f,-0.009676163750126088f,0.24899464092694745f,0.9365265381712784f,-0.24681918906475145f,1.3659749512266313f,0.6226437481723905f,-0.34999192439445537f,-0.6998717137593878f,0.23315333953910916f,0f,0f,0f,1f],start_interpolation:0}
execute if entity @s[tag=aj.lover_microphone.bone.right_bend] run data modify entity @s {} merge value {transformation:[-0.7418331562093307f,-0.6702685075318069f,-0.02058388106229954f,-0.2939604099031885f,0.24899464092694745f,-0.24681918906475125f,-0.9365265381712784f,1.1477226473285569f,0.6226437481723905f,-0.699871713759388f,0.3499919243944552f,-0.014356293370700726f,0f,0f,0f,1f],start_interpolation:0}