execute if entity @s[tag=aj.lover_microphone.bone.left_straight] run data modify entity @s {} merge value {transformation:[-0.9961946980917455f,0.0038016801040237818f,0.08707278979269378f,-0.015809146088108017f,-0.08715574274765817f,-0.043453402427357624f,-0.9952465414778341f,1.4589471788997541f,-1.150597709306548e-16f,-0.9990482215818578f,0.043619387365335674f,0.3222525661457039f,0f,0f,0f,1f],start_interpolation:0}
execute if entity @s[tag=aj.lover_microphone.bone.left_bend] run data modify entity @s {} merge value {transformation:[-0.9961946980917455f,0.0038016801040237818f,0.08707278979269378f,0.3423243699609911f,-0.08715574274765817f,-0.043453402427357624f,-0.9952465414778341f,1.435045025910259f,-1.150597709306548e-16f,-0.9990482215818578f,0.043619387365335674f,0.3121430830931967f,0f,0f,0f,1f],start_interpolation:0}
execute if entity @s[tag=aj.lover_microphone.bone.right_straight] run data modify entity @s {} merge value {transformation:[-0.750959282928712f,0.11565507088298158f,-0.6501415691695519f,-0.004271380322505569f,0.2622415459074166f,0.955810260950941f,-0.1328763209190502f,0.9683421712593152f,0.6060441625684411f,-0.27027883683327225f,-0.7481041527600086f,-0.11867096900172214f,0f,0f,0f,1f],start_interpolation:0}
execute if entity @s[tag=aj.lover_microphone.bone.microphone] run data modify entity @s {} merge value {transformation:[-0.750959282928712f,0.04681203458862045f,-0.6586871706666744f,-0.0146081063673702f,0.2622415459074166f,0.9365963185415318f,-0.2324149472270192f,1.3609757307023818f,0.6060441625684411f,-0.34726930401652784f,-0.7156217600832113f,0.2437575825532672f,0f,0f,0f,1f],start_interpolation:0}
execute if entity @s[tag=aj.lover_microphone.bone.right_bend] run data modify entity @s {} merge value {transformation:[-0.750959282928712f,-0.6586871706666744f,-0.0468120345886206f,-0.2973201997747171f,0.2622415459074166f,-0.232414947227019f,-0.9365963185415318f,1.1487628861442991f,0.6060441625684411f,-0.7156217600832114f,0.34726930401652767f,-0.010706953279496473f,0f,0f,0f,1f],start_interpolation:0}