execute if entity @s[tag=aj.lover_microphone.bone.left_straight] run data modify entity @s {} merge value {transformation:[-0.986534089770657f,-0.08109090912773312f,0.14203786177360908f,0.021836519124382336f,-0.10152569537570072f,0.9844871544501996f,-0.14309988085609676f,1.0095923776467803f,-0.12823035092700003f,-0.15559340339290223f,-0.9794629497442728f,0.05679427697123658f,0f,0f,0f,1f],start_interpolation:0}
execute if entity @s[tag=aj.lover_microphone.bone.left_bend] run data modify entity @s {} merge value {transformation:[-0.986534089770657f,-0.07705462837086054f,0.1442673697237519f,0.37847969487565764f,-0.10152569537570072f,0.9800619091315426f,-0.17079574774541742f,1.0501049467780428f,-0.12823035092700003f,-0.18314267256995137f,-0.9746875081712466f,0.04691972304500324f,0f,0f,0f,1f],start_interpolation:0}
execute if entity @s[tag=aj.lover_microphone.bone.right_straight] run data modify entity @s {} merge value {transformation:[-0.8042640418059945f,0.16134362478674927f,-0.5719506847609835f,-0.008606693356807943f,0.28000680368887015f,0.9517930508047396f,-0.1252444742403771f,0.9668044782643501f,0.5241712897000633f,-0.2608797101740161f,-0.8106702386751925f,-0.06999260623170228f,0f,0f,0f,1f],start_interpolation:0}
execute if entity @s[tag=aj.lover_microphone.bone.microphone] run data modify entity @s {} merge value {transformation:[-0.8042640418059945f,0.15163537635354346f,-0.5746007863691143f,-0.04700865171028085f,0.28000680368887015f,0.9495357565332995f,-0.14134368380892348f,1.329087092296239f,0.5241712897000633f,-0.27456977201224037f,-0.806136402447699f,0.3078382533859197f,0f,0f,0f,1f],start_interpolation:0}
execute if entity @s[tag=aj.lover_microphone.bone.right_bend] run data modify entity @s {} merge value {transformation:[-0.8042640418059945f,-0.5746007863691143f,-0.1516353763535436f,-0.3076915054864679f,0.28000680368887015f,-0.14134368380892326f,-0.9495357565332995f,1.1533529799928883f,0.5241712897000633f,-0.8061364024476991f,0.2745697720122402f,0.00638412640996068f,0f,0f,0f,1f],start_interpolation:0}
execute if entity @s[tag=aj.lover_microphone.bone.head] run data modify entity @s {} merge value {transformation:[-0.9987608697300554f,-0.0002901788004827737f,0.04976586071120465f,0.0016824152400988f,-0.00041303830587371276f,0.9999968926217521f,-0.0024584845327758897f,1.4366917299298039f,-0.04976499266975886f,-0.0024759933569716494f,-0.9987578860572142f,0.03476954534858699f,0f,0f,0f,1f],start_interpolation:0}
execute if entity @s[tag=aj.lover_microphone.bone.outfit] run data modify entity @s {} merge value {transformation:[-0.9987620292995879f,0.0022432203201317334f,0.04969282435084953f,-0.0015422139700905675f,0.004541780835538238f,0.998922306573072f,0.046190882840398115f,0.0007409142310129679f,-0.04953565439368872f,0.04635939379811599f,-0.9976958582406065f,-0.031872083236204746f,0f,0f,0f,1f],start_interpolation:0}
execute if entity @s[tag=aj.lover_microphone.bone.chest] run data modify entity @s {} merge value {transformation:[-0.9987620292995879f,0.0022432203201317334f,0.04969282435084953f,-0.01052797000141841f,0.004541780835538238f,0.998922306573072f,0.046190882840398115f,0.6879177593255231f,-0.04953565439368872f,0.04635939379811599f,-0.9976958582406065f,-0.008492185090285802f,0f,0f,0f,1f],start_interpolation:0}