execute if entity @s[tag=aj.lover_microphone.bone.left_straight] run data modify entity @s {} merge value {transformation:[-0.5944407950864244f,0.6769682195168084f,0.4339978927382735f,-0.21262472311993313f,-0.020736909395989822f,0.5266203217282699f,-0.8498476435994373f,1.2262497846160176f,-0.8038719560512868f,-0.5141838839433379f,-0.29900637412473685f,0.21441827714710424f,0f,0f,0f,1f],start_interpolation:0}
execute if entity @s[tag=aj.lover_microphone.bone.left_bend] run data modify entity @s {} merge value {transformation:[-0.5944407950864244f,0.7280541170881732f,0.3414342451014254f,0.030344546719627108f,-0.020736909395989822f,0.41057579453382925f,-0.911590641423889f,1.1938444068739793f,-0.8038719560512868f,-0.5489669566867168f,-0.22896540948449515f,0.4768091216707637f,0f,0f,0f,1f],start_interpolation:0}
execute if entity @s[tag=aj.lover_microphone.bone.right_straight] run data modify entity @s {} merge value {transformation:[-0.8705333228762437f,0.38609649043842054f,-0.3051249479036092f,-0.1156995739185013f,0.4280636406501595f,0.8999773211811213f,-0.0824763051608404f,0.9224489555090195f,0.2427617212728908f,-0.20241126804303067f,-0.9487341172603818f,0.1275676739923573f,0f,0f,0f,1f],start_interpolation:0}
execute if entity @s[tag=aj.lover_microphone.bone.microphone] run data modify entity @s {} merge value {transformation:[-0.8705333228762437f,0.3817662483103474f,-0.31052578864417657f,-0.21036291796796136f,0.4280636406501595f,0.8987281254503199f,-0.09512768302594848f,1.306064467538399f,0.2427617212728908f,-0.21573661760488513f,-0.9457930315396847f,0.47257903501630083f,0f,0f,0f,1f],start_interpolation:0}
execute if entity @s[tag=aj.lover_microphone.bone.right_bend] run data modify entity @s {} merge value {transformation:[-0.8705333228762437f,-0.31052578864417646f,-0.38176624831034744f,-0.38936864123390547f,0.4280636406501595f,-0.09512768302594829f,-0.8987281254503199f,1.1562739848650074f,0.2427617212728908f,-0.9457930315396847f,0.2157366176048849f,0.10483947841504268f,0f,0f,0f,1f],start_interpolation:0}
execute if entity @s[tag=aj.lover_microphone.bone.head] run data modify entity @s {} merge value {transformation:[-0.9340995321450132f,0.007330499751243724f,0.3569374284379049f,-0.06073334193462676f,-0.0034170170634676596f,0.9995598113735961f,-0.029470450983466845f,1.4000518114556701f,-0.3569963417751719f,-0.028747995759321576f,-0.9336633037123001f,0.2260118960778274f,0f,0f,0f,1f],start_interpolation:0}
execute if entity @s[tag=aj.lover_microphone.bone.outfit] run data modify entity @s {} merge value {transformation:[-0.9375293124162732f,-0.08097778924616901f,0.33835098050555884f,0.05567223010674119f,0.030030373612972738f,0.9500690819408937f,0.3105912365161849f,0.034327506165635735f,-0.34660779711503215f,0.30134919477043653f,-0.888285819874591f,-0.2071775714046751f,0f,0f,0f,1f],start_interpolation:0}
execute if entity @s[tag=aj.lover_microphone.bone.chest] run data modify entity @s {} merge value {transformation:[-0.9375293124162732f,-0.08097778924616901f,0.33835098050555884f,-0.007557992478649316f,0.030030373612972738f,0.9500690819408937f,0.3105912365161849f,0.6903034811273803f,-0.34660779711503215f,0.30134919477043653f,-0.888285819874591f,-0.010869550408071312f,0f,0f,0f,1f],start_interpolation:0}