execute if entity @s[tag=aj.lover_microphone.bone.left_straight] run data modify entity @s {} merge value {transformation:[-0.955009688249592f,0.16551477216097998f,-0.2460921688024953f,-0.042292255748633045f,0.2793238387574678f,0.7808512734492667f,-0.5587928792087911f,1.2457379169160945f,0.09967290730789938f,-0.6023920226473432f,-0.7919527527571538f,0.27298584006508353f,0f,0f,0f,1f],start_interpolation:0}
execute if entity @s[tag=aj.lover_microphone.bone.left_bend] run data modify entity @s {} merge value {transformation:[-0.955009688249592f,0.025057907629245812f,-0.2955141225299751f,0.28508696412439527f,0.2793238387574678f,0.4108749804968153f,-0.8678478803935248f,1.1259542095805664f,0.09967290730789938f,-0.9113472728148067f,-0.39938885798405194f,0.1869170319224326f,0f,0f,0f,1f],start_interpolation:0}
execute if entity @s[tag=aj.lover_microphone.bone.right_straight] run data modify entity @s {} merge value {transformation:[-0.7215070239408542f,0.12375688063351915f,-0.6812575496094502f,-0.014967635581671662f,0.25124896313563155f,0.9636314800117403f,-0.09104026171784285f,0.9711585965135789f,0.6452143619970665f,-0.2368514412585327f,-0.7263606692590632f,-0.07022815032491428f,0f,0f,0f,1f],start_interpolation:0}
execute if entity @s[tag=aj.lover_microphone.bone.microphone] run data modify entity @s {} merge value {transformation:[-0.7215070239408542f,0.12326591334145891f,-0.6813465557351173f,0.0015579389001779131f,0.25124896313563155f,0.9635656233859556f,-0.09173466058205454f,1.3091849373275397f,0.6452143619970665f,-0.2373748176132646f,-0.726189798217923f,0.32866183970051394f,0f,0f,0f,1f],start_interpolation:0}
execute if entity @s[tag=aj.lover_microphone.bone.right_bend] run data modify entity @s {} merge value {transformation:[-0.7215070239408542f,-0.6813465557351173f,-0.12326591334145906f,-0.2999974073451317f,0.25124896313563155f,-0.09173466058205433f,-0.9635656233859556f,1.1523650377329566f,0.6452143619970665f,-0.726189798217923f,0.23737481761326443f,0.0562935019797034f,0f,0f,0f,1f],start_interpolation:0}
execute if entity @s[tag=aj.lover_microphone.bone.head] run data modify entity @s {} merge value {transformation:[-0.996153827230129f,0.00808091055890942f,-0.0872482170551645f,0.010436195340893973f,0.004345525499764141f,0.9990691193575661f,0.04291865741408951f,1.435434177293256f,0.08751382121069272f,0.04237444549060186f,-0.9952616427183694f,0.05464020738858224f,0f,0f,0f,1f],start_interpolation:0}
execute if entity @s[tag=aj.lover_microphone.bone.outfit] run data modify entity @s {} merge value {transformation:[-0.9961149139846764f,0.013914927121191965f,-0.08695661527746229f,-0.009566512395819475f,0.007489034384611039f,0.9972455697243411f,0.07379151732523506f,0.0018936708145155245f,0.08774390292941606f,0.07285360985144299f,-0.9934753942752316f,-0.050086856772867054f,0f,0f,0f,1f],start_interpolation:0}
execute if entity @s[tag=aj.lover_microphone.bone.chest] run data modify entity @s {} merge value {transformation:[-0.9961149139846764f,0.013914927121191965f,-0.08695661527746229f,-0.011587942399699675f,0.007489034384611039f,0.9972455697243411f,0.07379151732523506f,0.6881699374672672f,0.08774390292941606f,0.07285360985144299f,-0.9934753942752316f,-0.006957058109840263f,0f,0f,0f,1f],start_interpolation:0}