execute if entity @s[tag=aj.lover_microphone.bone.left_straight] run data modify entity @s {} merge value {transformation:[-0.4920803146595204f,0.8577175596189275f,0.1489212941319646f,-0.2666739567941548f,0.05341225837020544f,0.20048988258649197f,-0.9782386915452945f,1.363788331524216f,-0.8689097160121885f,-0.4734177805087243f,-0.14446975641223933f,0.2442742335049066f,0f,0f,0f,1f],start_interpolation:0}
execute if entity @s[tag=aj.lover_microphone.bone.left_bend] run data modify entity @s {} merge value {transformation:[-0.4920803146595204f,0.8705305607148708f,-0.005788504646298154f,-0.07329688637248594f,0.05341225837020544f,0.02355401203731075f,-0.9982947155889094f,1.2940052160175357f,-0.8689097160121885f,-0.4915503548756723f,-0.0580874688828763f,0.5386698097422657f,0f,0f,0f,1f],start_interpolation:0}
execute if entity @s[tag=aj.lover_microphone.bone.right_straight] run data modify entity @s {} merge value {transformation:[-0.86074018355959f,0.4256064355367305f,-0.27925883770352256f,-0.16044713128799878f,0.4556578209503033f,0.8887535128227109f,-0.04993138944704978f,0.8987540961538134f,0.22694115231183778f,-0.17022442678714045f,-0.9589167627653429f,0.17067990036924402f,0f,0f,0f,1f],start_interpolation:0}
execute if entity @s[tag=aj.lover_microphone.bone.microphone] run data modify entity @s {} merge value {transformation:[-0.86074018355959f,0.4221113703201989f,-0.28451419551967433f,-0.25121069694198667f,0.4556578209503033f,0.888066133475027f,-0.060946638804261814f,1.2774567002456272f,0.22694115231183778f,-0.18210033943164364f,-0.9567325539387984f,0.5218385494637805f,0f,0f,0f,1f],start_interpolation:0}
execute if entity @s[tag=aj.lover_microphone.bone.right_bend] run data modify entity @s {} merge value {transformation:[-0.86074018355959f,-0.2845141955196742f,-0.42211137032019896f,-0.42431669191385024f,0.4556578209503033f,-0.06094663880426162f,-0.888066133475027f,1.1433269531528156f,0.22694115231183778f,-0.9567325539387984f,0.18210033943164342f,0.14533337738721946f,0f,0f,0f,1f],start_interpolation:0}
execute if entity @s[tag=aj.lover_microphone.bone.head] run data modify entity @s {} merge value {transformation:[-0.9126704716286164f,0.0036657914345156195f,0.4086797917567707f,-0.0932448566157725f,-0.0007852776679690907f,0.9999421984802358f,-0.010723014384798613f,1.3746968629976943f,-0.4086954777779943f,-0.010107505709671394f,-0.9126148392241636f,0.28559738829483744f,0f,0f,0f,1f],start_interpolation:0}
execute if entity @s[tag=aj.lover_microphone.bone.outfit] run data modify entity @s {} merge value {transformation:[-0.9188467567773876f,-0.12432647548769667f,0.37451777668420966f,0.08547445189779146f,0.03853971846632722f,0.9162624839969258f,0.39872014060029565f,0.057569542252113526f,-0.3927280581524735f,0.3807965177264499f,-0.8371133044141617f,-0.2617976059369343f,0f,0f,0f,1f],start_interpolation:0}
execute if entity @s[tag=aj.lover_microphone.bone.chest] run data modify entity @s {} merge value {transformation:[-0.9188467567773876f,-0.12432647548769667f,0.37451777668420966f,-0.007065447869300381f,0.03853971846632722f,0.9162624839969258f,0.39872014060029565f,0.6910988292911341f,-0.3927280581524735f,0.3807965177264499f,-0.8371133044141617f,-0.010966209780593029f,0f,0f,0f,1f],start_interpolation:0}