execute if entity @s[tag=aj.lover_microphone.bone.left_straight] run data modify entity @s {} merge value {transformation:[-0.9925157020615406f,-0.0890409583884936f,0.08357205807293289f,0.02475628455528095f,-0.09632714647497381f,0.9914847411022072f,-0.08763041146473105f,1.0056777287269103f,-0.07505772454102282f,-0.09502481723606562f,-0.9926412353393225f,0.03245569187601862f,0f,0f,0f,1f],start_interpolation:0}
execute if entity @s[tag=aj.lover_microphone.bone.left_bend] run data modify entity @s {} merge value {transformation:[-0.9925157020615406f,-0.08745451480356342f,0.08523079843437126f,0.38023347444216704f,-0.09632714647497381f,0.9896626169624422f,-0.10624963735956672f,1.0474587268808437f,-0.07505772454102282f,-0.11366447302268108f,-0.9906799309359204f,0.003759950969114405f,0f,0f,0f,1f],start_interpolation:0}
execute if entity @s[tag=aj.lover_microphone.bone.right_straight] run data modify entity @s {} merge value {transformation:[-0.7924592479692464f,0.1464150868451004f,-0.5920903331858732f,-0.007362410928874963f,0.2722128469267809f,0.9536160044524066f,-0.12851724405792594f,0.9677908395977899f,0.5458099543577724f,-0.26301927381157686f,-0.7955578893629282f,-0.08546213229597241f,0f,0f,0f,1f],start_interpolation:0}
execute if entity @s[tag=aj.lover_microphone.bone.microphone] run data modify entity @s {} merge value {transformation:[-0.7924592479692464f,0.13625637419624076f,-0.594510336999207f,-0.038810955933546776f,0.2722128469267809f,0.9512758665463565f,-0.14482538346054968f,1.3290863876650685f,0.5458099543577724f,-0.2766015658259589f,-0.7909380933464982f,0.2939813320472061f,0f,0f,0f,1f],start_interpolation:0}
execute if entity @s[tag=aj.lover_microphone.bone.right_bend] run data modify entity @s {} merge value {transformation:[-0.7924592479692464f,-0.594510336999207f,-0.1362563741962409f,-0.3058788531635576f,0.2722128469267809f,-0.14482538346054946f,-0.9512758665463565f,1.1516640583607471f,0.5458099543577724f,-0.7909380933464983f,0.27660156582595874f,-0.0008214401313312025f,0f,0f,0f,1f],start_interpolation:0}
execute if entity @s[tag=aj.lover_microphone.bone.head] run data modify entity @s {} merge value {transformation:[-0.9995760269991002f,-0.00016781348728218753f,0.029115942150779933f,0.001457078711484059f,-0.00019424268954589766f,0.9999995717157623f,-0.0009048967175148311f,1.4372010825815336f,-0.029115777827007052f,-0.000910168624650036f,-0.9995756314929868f,0.021122587381882166f,0f,0f,0f,1f],start_interpolation:0}
execute if entity @s[tag=aj.lover_microphone.bone.outfit] run data modify entity @s {} merge value {transformation:[-0.9995746514007369f,0.0019427716153120787f,0.029098830140507372f,-0.0013356554855270542f,0.0027607051481454486f,0.9996014434420446f,0.028095066749623802f,0.0002740076335943087f,-0.02903265031271458f,0.028163449842509555f,-0.9991816277878552f,-0.01936237176672532f,0f,0f,0f,1f],start_interpolation:0}
execute if entity @s[tag=aj.lover_microphone.bone.chest] run data modify entity @s {} merge value {transformation:[-0.9995746514007369f,0.0019427716153120787f,0.029098830140507372f,-0.01070096644701339f,0.0027607051481454486f,0.9996014434420446f,0.028095066749623802f,0.687754077775719f,-0.02903265031271458f,0.028163449842509555f,-0.9991816277878552f,-0.008279773209229787f,0f,0f,0f,1f],start_interpolation:0}