execute if entity @s[tag=aj.lover_microphone.bone.left_straight] run data modify entity @s {} merge value {transformation:[-0.3217665288959937f,-0.6532489324598989f,-0.6853700701972812f,0.5735425696947942f,0.7484564592768644f,0.26785445227498406f,-0.6066851909872267f,1.5882427376342039f,0.5798958781099958f,-0.708180644070756f,0.4027417856574683f,0.4835423022956279f,0f,0f,0f,1f],start_interpolation:0}
execute if entity @s[tag=aj.lover_microphone.bone.left_bend] run data modify entity @s {} merge value {transformation:[-0.3217665288959937f,-0.8802974762591884f,-0.3486296805694081f,0.6421294371163978f,0.7484564592768644f,-0.01096703180464853f,-0.6630932459165417f,1.293039466066856f,0.5798958781099958f,-0.47429534839074655f,0.6623931559473855f,0.29097023797673816f,0f,0f,0f,1f],start_interpolation:0}
execute if entity @s[tag=aj.lover_microphone.bone.right_straight] run data modify entity @s {} merge value {transformation:[-0.5220982559834526f,0.15874222078427866f,-0.837982290051235f,-0.001972201446290428f,0.22439916117075895f,0.9734762068055783f,0.04459922924538803f,0.9560707158099877f,0.8228356017850083f,-0.16475734315622542f,-0.543871851000955f,0.04979064093689814f,0f,0f,0f,1f],start_interpolation:0}
execute if entity @s[tag=aj.lover_microphone.bone.microphone] run data modify entity @s {} merge value {transformation:[-0.5220982559834526f,0.15641906063008942f,-0.8384190411546228f,0.14051391028119872f,0.22439916117075895f,0.9735960789500969f,0.041900972767424f,1.2433669847428046f,0.8228356017850083f,-0.16626410473880715f,-0.5434131208486839f,0.46335771064140774f,0f,0f,0f,1f],start_interpolation:0}
execute if entity @s[tag=aj.lover_microphone.bone.right_bend] run data modify entity @s {} merge value {transformation:[-0.5220982559834526f,-0.8384190411546228f,-0.15641906063008962f,-0.23025376518596027f,0.22439916117075895f,0.041900972767424216f,-0.9735960789500969f,1.141053299390197f,0.8228356017850083f,-0.5434131208486839f,0.16626410473880704f,0.25896627302958336f,0f,0f,0f,1f],start_interpolation:0}
execute if entity @s[tag=aj.lover_microphone.bone.head] run data modify entity @s {} merge value {transformation:[-0.9398851132646046f,0.07391751561418199f,-0.33339492310023083f,0.09712346439090266f,0.01574453572581994f,0.9846341208465328f,0.17391882491425065f,1.4023193585574734f,0.3411276644576925f,0.1582145661758188f,-0.926606749161389f,0.20518361848888286f,0f,0f,0f,1f],start_interpolation:0}
execute if entity @s[tag=aj.lover_microphone.bone.outfit] run data modify entity @s {} merge value {transformation:[-0.9382361699539662f,0.12949795252120355f,-0.32084758014192405f,-0.08902984235832744f,0.02850148686165046f,0.9530924780766311f,0.3013343549620946f,0.03224892132231616f,0.3448195972342457f,0.27357815798517715f,-0.8979167204349465f,-0.1880849836148093f,0f,0f,0f,1f],start_interpolation:0}
execute if entity @s[tag=aj.lover_microphone.bone.chest] run data modify entity @s {} merge value {transformation:[-0.9382361699539662f,0.12949795252120355f,-0.32084758014192405f,-0.012818712263127464f,0.02850148686165046f,0.9530924780766311f,0.3013343549620946f,0.6902129931536535f,0.3448195972342457f,0.27357815798517715f,-0.8979167204349465f,-0.0033838095212164183f,0f,0f,0f,1f],start_interpolation:0}