execute if entity @s[tag=aj.lover_microphone.bone.left_straight] run data modify entity @s {} merge value {transformation:[-0.9961802992119286f,-0.08723736752433797f,-0.0038017324282527817f,0.024429093260428192f,0.08699102646023485f,-0.9952609494135665f,0.04345346807565362f,1.8328986756643708f,-0.007574481990682087f,0.04295677222313973f,0.9990482185273857f,-0.13631167148410817f,0f,0f,0f,1f],start_interpolation:0}
execute if entity @s[tag=aj.lover_microphone.bone.left_bend] run data modify entity @s {} merge value {transformation:[-0.9961802992119286f,-0.08723736752433797f,-0.0038017324282527817f,0.3764640128216267f,0.08699102646023485f,-0.9952609494135665f,0.04345346807565362f,1.7919728560300874f,-0.007574481990682087f,0.04295677222313973f,0.9990482185273857f,-0.07860878958367735f,0f,0f,0f,1f],start_interpolation:0}
execute if entity @s[tag=aj.lover_microphone.bone.right_straight] run data modify entity @s {} merge value {transformation:[-0.7412381217713496f,0.10794970702482705f,-0.6625050245742562f,-0.002182479914185631f,0.2511904423435279f,0.9598795565951266f,-0.12463786946994108f,0.9699940115464658f,0.6224704077369018f,-0.25880127044509904f,-0.738615254315708f,-0.12910282719055832f,0f,0f,0f,1f],start_interpolation:0}
execute if entity @s[tag=aj.lover_microphone.bone.microphone] run data modify entity @s {} merge value {transformation:[-0.7412381217713496f,0.018529118950491464f,-0.6709863773459191f,-0.009570713577024548f,0.2511904423435279f,0.9346446304652778f,-0.25167990864923456f,1.3679329008344174f,0.6224704077369018f,-0.3551001077067463f,-0.6974485679951693f,0.23226393199149692f,0f,0f,0f,1f],start_interpolation:0}
execute if entity @s[tag=aj.lover_microphone.bone.right_bend] run data modify entity @s {} merge value {transformation:[-0.7412381217713496f,-0.6709863773459191f,-0.018529118950491613f,-0.2938993022496329f,0.2511904423435279f,-0.25167990864923434f,-0.9346446304652779f,1.1478885649010446f,0.6224704077369018f,-0.6974485679951694f,0.35510010770674616f,-0.013602623354822735f,0f,0f,0f,1f],start_interpolation:0}