execute if entity @s[tag=aj.lover_microphone.bone.left_straight] run data modify entity @s {} merge value {transformation:[-0.9148815569264726f,0.40316312579040137f,0.02124219382988582f,-0.15334268543513796f,-0.022614993449811105f,0.0013560296463001609f,-0.99974332868735f,1.3950799095453288f,-0.4030884504262786f,-0.9151271251506597f,0.007876924934909935f,0.5445770601593048f,0f,0f,0f,1f],start_interpolation:0}
execute if entity @s[tag=aj.lover_microphone.bone.left_bend] run data modify entity @s {} merge value {transformation:[-0.9148815569264726f,0.3955860039070123f,-0.08064397255018312f,0.17735226924188624f,-0.022614993449811105f,-0.24965280535531664f,-0.9680712984328607f,1.3486008620126553f,-0.4030884504262786f,-0.8838468138150986f,0.23734892214172798f,0.6765379444183492f,0f,0f,0f,1f],start_interpolation:0}
execute if entity @s[tag=aj.lover_microphone.bone.right_straight] run data modify entity @s {} merge value {transformation:[-0.7921003244199974f,0.35592548337808927f,-0.49587712826446056f,-0.10484654814747058f,0.3969055812251731f,0.9175305435373263f,0.02456951909187266f,0.8883242208974267f,0.4637273289833611f,-0.17735487576655984f,-0.8680450520542039f,0.20453191572928686f,0f,0f,0f,1f],start_interpolation:0}
execute if entity @s[tag=aj.lover_microphone.bone.microphone] run data modify entity @s {} merge value {transformation:[-0.7921003244199974f,0.3512095299190557f,-0.49922834669895366f,-0.11822820562882974f,0.3969055812251731f,0.9177222018518739f,0.015871982247210828f,1.2287384585955357f,0.4637273289833611f,-0.18557431482342635f,-0.8663250764186463f,0.6027466905662295f,0f,0f,0f,1f],start_interpolation:0}
execute if entity @s[tag=aj.lover_microphone.bone.right_bend] run data modify entity @s {} merge value {transformation:[-0.7921003244199974f,-0.4992283466989536f,-0.3512095299190558f,-0.37207504753295817f,0.3969055812251731f,0.015871982247211033f,-0.9177222018518739f,1.1228818669079244f,0.4637273289833611f,-0.8663250764186463f,0.18557431482342615f,0.2650059882480696f,0f,0f,0f,1f],start_interpolation:0}
execute if entity @s[tag=aj.lover_microphone.bone.head] run data modify entity @s {} merge value {transformation:[-0.9852481852888761f,-0.002456802795428946f,0.17111393135861508f,-0.02115324933032638f,0.012024685262454399f,0.9964316379225714f,0.08354279077981924f,1.353493826479653f,-0.17070858305696104f,0.0843679741783937f,-0.981702920747269f,0.34424520785881524f,0f,0f,0f,1f],start_interpolation:0}
execute if entity @s[tag=aj.lover_microphone.bone.outfit] run data modify entity @s {} merge value {transformation:[-0.9871588271552834f,-0.028204332440435173f,0.15723220281162123f,0.019390478552799184f,0.047482743120175724f,0.8879917686395373f,0.45740136415866733f,0.07700565906031809f,-0.15252160199522155f,0.4589936104784203f,-0.8752496937816062f,-0.315558107203914f,0f,0f,0f,1f],start_interpolation:0}
execute if entity @s[tag=aj.lover_microphone.bone.chest] run data modify entity @s {} merge value {transformation:[-0.9871588271552834f,-0.028204332440435173f,0.15723220281162123f,-0.009544105555855805f,0.047482743120175724f,0.8879917686395373f,0.45740136415866733f,0.6916642596235163f,-0.15252160199522155f,0.4589936104784203f,-0.8752496937816062f,-0.00864285101914491f,0f,0f,0f,1f],start_interpolation:0}