execute if entity @s[tag=aj.lover_microphone.bone.left_straight] run data modify entity @s {} merge value {transformation:[-0.704510879164714f,-0.45866125899784077f,0.541566496963279f,0.2420677373704f,0.104479867241836f,-0.8218150427073738f,-0.5600928431260347f,1.8048035948131627f,0.7019603824146274f,-0.3380087056192373f,0.6268985056976265f,0.28326938742631896f,0f,0f,0f,1f],start_interpolation:0}
execute if entity @s[tag=aj.lover_microphone.bone.left_bend] run data modify entity @s {} merge value {transformation:[-0.704510879164714f,-0.45866125899784077f,0.541566496963279f,0.5157479721241903f,0.104479867241836f,-0.8218150427073738f,-0.5600928431260347f,1.7269306410152652f,0.7019603824146274f,-0.3380087056192373f,0.6268985056976265f,0.06425326460721402f,0f,0f,0f,1f],start_interpolation:0}
execute if entity @s[tag=aj.lover_microphone.bone.right_straight] run data modify entity @s {} merge value {transformation:[-0.7415609607928225f,0.1094313233473006f,-0.6619003904655779f,-0.002580552551121884f,0.25512117197646167f,0.9584845350468031f,-0.12736005529784622f,0.9693748306364083f,0.6204841086098681f,-0.2633100483205537f,-0.7386929601776674f,-0.12669037318781878f,0f,0f,0f,1f],start_interpolation:0}
execute if entity @s[tag=aj.lover_microphone.bone.microphone] run data modify entity @s {} merge value {transformation:[-0.7415609607928225f,0.019058383904346946f,-0.670614732488767f,-0.00995131004206351f,0.25512117197646167f,0.9325110073800499f,-0.25560987603064445f,1.3696037879549474f,0.6204841086098681f,-0.36063832175463456f,-0.6963759558202868f,0.23238772446465672f,0f,0f,0f,1f],start_interpolation:0}
execute if entity @s[tag=aj.lover_microphone.bone.right_bend] run data modify entity @s {} merge value {transformation:[-0.7415609607928225f,-0.670614732488767f,-0.019058383904347095f,-0.2941909016934975f,0.25512117197646167f,-0.2556098760306442f,-0.93251100738005f,1.1481914869620502f,0.6204841086098681f,-0.6963759558202869f,0.3606383217546344f,-0.012351047816398147f,0f,0f,0f,1f],start_interpolation:0}