execute if entity @s[tag=aj.lover_microphone.bone.left_straight] run data modify entity @s {} merge value {transformation:[-0.9964511128029818f,-0.06864121747411829f,-0.04871922677311328f,0.019576438033884536f,-0.07626772423493498f,0.98115452113766f,0.17753602420678768f,1.0018201532995519f,0.035614800767702584f,0.1806216734359418f,-0.9829076238647643f,-0.06625959244525745f,0f,0f,0f,1f],start_interpolation:0}
execute if entity @s[tag=aj.lover_microphone.bone.left_bend] run data modify entity @s {} merge value {transformation:[-0.9964511128029818f,-0.06864121747411829f,-0.04871922677311328f,0.36949045655279433f,-0.07626772423493498f,0.98115452113766f,0.17753602420678768f,1.0508170545733775f,0.035614800767702584f,0.1806216734359418f,-0.9829076238647643f,-0.13023312753847813f,0f,0f,0f,1f],start_interpolation:0}
execute if entity @s[tag=aj.lover_microphone.bone.right_straight] run data modify entity @s {} merge value {transformation:[-0.7581933124922267f,0.11005840572680817f,-0.642674138441044f,-0.0026663700758863262f,0.23930693379044532f,0.9638367766412957f,-0.11726405857521906f,0.9720134658435453f,0.6065270746898942f,-0.24270520250417021f,-0.7571123379958417f,-0.12902524389352876f,0f,0f,0f,1f],start_interpolation:0}
execute if entity @s[tag=aj.lover_microphone.bone.microphone] run data modify entity @s {} merge value {transformation:[-0.7581933124922267f,0.06953971461576375f,-0.6483109816926003f,-0.016888431156768635f,0.23930693379044532f,0.954586121372316f,-0.17747543019576983f,1.3385661462424816f,0.6065270746898942f,-0.2897059974776433f,-0.7404021493037439f,0.2532715076541794f,0f,0f,0f,1f],start_interpolation:0}
execute if entity @s[tag=aj.lover_microphone.bone.right_bend] run data modify entity @s {} merge value {transformation:[-0.7581933124922267f,-0.6483109816926003f,-0.06953971461576389f,-0.2980943347014817f,0.23930693379044532f,-0.1774754301957696f,-0.954586121372316f,1.147018394666164f,0.6065270746898942f,-0.740402149303744f,0.28970599747764314f,-0.018657376115897753f,0f,0f,0f,1f],start_interpolation:0}