execute if entity @s[tag=aj.lover_microphone.bone.left_straight] run data modify entity @s {} merge value {transformation:[-0.7396896418556765f,-0.1999792964797631f,-0.6425476750490036f,0.2084543810754542f,0.5893672478651112f,0.26835947917141545f,-0.7619904442201039f,1.5608610690530988f,0.324816072378393f,-0.9423329936483734f,-0.08064147944060109f,0.4687842239246699f,0f,0f,0f,1f],start_interpolation:0}
execute if entity @s[tag=aj.lover_microphone.bone.left_bend] run data modify entity @s {} merge value {transformation:[-0.7396896418556765f,-0.47375858551116856f,-0.47792471832484007f,0.43327438181012645f,0.5893672478651112f,-0.11327334433843592f,-0.7998846145578065f,1.3136220754042074f,0.324816072378393f,-0.8733395399939492f,0.3630049132006777f,0.3373993801566087f,0f,0f,0f,1f],start_interpolation:0}
execute if entity @s[tag=aj.lover_microphone.bone.right_straight] run data modify entity @s {} merge value {transformation:[-0.6531589385224407f,0.12870387136324288f,-0.7462028641893252f,-0.016750065638057504f,0.23923538768344477f,0.9700487788175168f,-0.042092707142643265f,0.970162025093413f,0.7184356827915708f,-0.20601135942165494f,-0.6643865512493846f,-0.028123234085444537f,0f,0f,0f,1f],start_interpolation:0}
execute if entity @s[tag=aj.lover_microphone.bone.microphone] run data modify entity @s {} merge value {transformation:[-0.6531589385224407f,0.12765617272247112f,-0.7463828123651356f,0.045030520347345726f,0.23923538768344477f,0.9699887302176126f,-0.043454488039505655f,1.2897503465219873f,0.7184356827915708f,-0.20694386875835263f,-0.664096683379111f,0.3814760008022616f,0f,0f,0f,1f],start_interpolation:0}
execute if entity @s[tag=aj.lover_microphone.bone.right_bend] run data modify entity @s {} merge value {transformation:[-0.6531589385224407f,-0.7463828123651356f,-0.1276561727224713f,-0.2840627533784432f,0.23923538768344477f,-0.04345448803950544f,-0.9699887302176126f,1.1522708727053956f,0.7184356827915708f,-0.664096683379111f,0.2069438687583525f,0.13145674030752036f,0f,0f,0f,1f],start_interpolation:0}
execute if entity @s[tag=aj.lover_microphone.bone.head] run data modify entity @s {} merge value {transformation:[-0.9825463564554391f,0.02570419934562896f,-0.18423341594873988f,0.03283212400020555f,0.008946632692274593f,0.9957906998069571f,0.0912186381253321f,1.4284066162291786f,0.18580262425383218f,0.08797827182873583f,-0.9786404899177319f,0.11171140345311027f,0f,0f,0f,1f],start_interpolation:0}
execute if entity @s[tag=aj.lover_microphone.bone.outfit] run data modify entity @s {} merge value {transformation:[-0.9822826025765728f,0.0437761653336074f,-0.18222111849091266f,-0.030096113666855086f,0.015367084326293424f,0.9878754883055717f,0.1544858321152362f,0.008335601789919433f,0.18677457373717427f,0.14894853793748036f,-0.971045617698563f,-0.10240211983201775f,0f,0f,0f,1f],start_interpolation:0}
execute if entity @s[tag=aj.lover_microphone.bone.chest] run data modify entity @s {} merge value {transformation:[-0.9822826025765728f,0.0437761653336074f,-0.18222111849091266f,-0.012195790503655726f,0.015367084326293424f,0.9878754883055717f,0.1544858321152362f,0.6888991364594871f,0.18677457373717427f,0.14894853793748036f,-0.971045617698563f,-0.005695172865785081f,0f,0f,0f,1f],start_interpolation:0}