execute if entity @s[tag=aj.lover_microphone.bone.left_straight] run data modify entity @s {} merge value {transformation:[-0.9961946980917455f,-0.06960567106282657f,0.05245163533951596f,0.014524137317821373f,-0.0871557427476582f,0.7955964608169102f,-0.5995249352960316f,1.112236163055499f,-1.2199866483456202e-16f,-0.6018150231520482f,-0.7986355100472928f,0.2142539141286851f,0f,0f,0f,1f],start_interpolation:0}
execute if entity @s[tag=aj.lover_microphone.bone.left_bend] run data modify entity @s {} merge value {transformation:[-0.9961946980917455f,-0.06960567106282657f,0.05245163533951596f,0.36985212664856f,-0.0871557427476582f,0.7955964608169102f,-0.5995249352960316f,1.1204013271936586f,-1.2199866483456202e-16f,-0.6018150231520482f,-0.7986355100472928f,0.16318063368201813f,0f,0f,0f,1f],start_interpolation:0}
execute if entity @s[tag=aj.lover_microphone.bone.right_straight] run data modify entity @s {} merge value {transformation:[-0.7562777449177026f,0.11813328196396873f,-0.643497086422787f,-0.0049679147258576695f,0.2631808449191708f,0.9554073695921463f,-0.13391266182347075f,0.9682421941734429f,0.5989823164416673f,-0.27063127280755517f,-0.7536437479132544f,-0.11588204834942017f,0f,0f,0f,1f],start_interpolation:0}
execute if entity @s[tag=aj.lover_microphone.bone.microphone] run data modify entity @s {} merge value {transformation:[-0.7562777449177026f,0.06266077532641606f,-0.6512431187948835f,-0.017370349085751302f,0.2631808449191708f,0.9404523870182683f,-0.21513983968403583f,1.3543150270111424f,0.5989823164416673f,-0.33410018705043204f,-0.7277343262503428f,0.2503864282686399f,0f,0f,0f,1f],start_interpolation:0}
execute if entity @s[tag=aj.lover_microphone.bone.right_bend] run data modify entity @s {} merge value {transformation:[-0.7562777449177026f,-0.6512431187948835f,-0.0626607753264162f,-0.2989457584361762f,0.2631808449191708f,-0.2151398396840356f,-0.9404523870182683f,1.1488425546502008f,0.5989823164416673f,-0.727734326250343f,0.3341001870504319f,-0.010782044372687954f,0f,0f,0f,1f],start_interpolation:0}