execute if entity @s[tag=aj.lover_microphone.bone.left_straight] run data modify entity @s {} merge value {transformation:[-0.9963680173740999f,-0.0657367373503768f,-0.05412444287503513f,0.01877517808642426f,-0.07458948380553565f,0.9803974302212557f,0.18236580743434852f,1.0024454028153331f,0.041075331521840425f,0.1857405722454998f,-0.9817399130942396f,-0.06637006046005808f,0f,0f,0f,1f],start_interpolation:0}
execute if entity @s[tag=aj.lover_microphone.bone.left_bend] run data modify entity @s {} merge value {transformation:[-0.9963680173740999f,-0.0657367373503768f,-0.05412444287503513f,0.3684012765063913f,-0.07458948380553565f,0.9803974302212557f,0.18236580743434852f,1.0511009636670292f,0.041075331521840425f,0.1857405722454998f,-0.9817399130942396f,-0.1321527145920624f,0f,0f,0f,1f],start_interpolation:0}
execute if entity @s[tag=aj.lover_microphone.bone.right_straight] run data modify entity @s {} merge value {transformation:[-0.7614609385170451f,0.11157915627149873f,-0.6385353012938919f,-0.0030728441715899557f,0.2401966530947742f,0.963516999812221f,-0.11807014404549979f,0.9718852265071409f,0.6020654507234322f,-0.24327984494938507f,-0.7604814988456942f,-0.12713396116707634f,0f,0f,0f,1f],start_interpolation:0}
execute if entity @s[tag=aj.lover_microphone.bone.microphone] run data modify entity @s {} merge value {transformation:[-0.7614609385170451f,0.07876952707858051f,-0.6434070256972312f,-0.018760141935362407f,0.2401966530947742f,0.956215803915823f,-0.16720318233719395f,1.3345390857813964f,0.6020654507234322f,-0.28186290629565464f,-0.7470411602447066f,0.257079236940322f,0f,0f,0f,1f],start_interpolation:0}
execute if entity @s[tag=aj.lover_microphone.bone.right_bend] run data modify entity @s {} merge value {transformation:[-0.7614609385170451f,-0.6434070256972312f,-0.07876952707858065f,-0.2990669488687155f,0.2401966530947742f,-0.16720318233719372f,-0.956215803915823f,1.1470821424258042f,0.6020654507234322f,-0.7470411602447067f,0.28186290629565447f,-0.018602839962380255f,0f,0f,0f,1f],start_interpolation:0}