execute if entity @s[tag=aj.lover_microphone.bone.left_straight] run data modify entity @s {} merge value {transformation:[-0.9140968780098454f,-0.40151488931709045f,0.05668060752442898f,0.17202741881218897f,-0.01326783147814209f,-0.11009050092883599f,-0.9938330072266196f,1.510899091307847f,0.40527874637158234f,-0.9092116779177019f,0.09530615131016497f,0.42836966698314766f,0f,0f,0f,1f],start_interpolation:0}
execute if entity @s[tag=aj.lover_microphone.bone.left_bend] run data modify entity @s {} merge value {transformation:[-0.9140968780098454f,-0.40151488931709045f,0.05668060752442898f,0.49431808349390893f,-0.01326783147814209f,-0.11009050092883599f,-0.9938330072266196f,1.4600339378483134f,0.40527874637158234f,-0.9092116779177019f,0.09530615131016497f,0.27845437921913824f,0f,0f,0f,1f],start_interpolation:0}
execute if entity @s[tag=aj.lover_microphone.bone.right_straight] run data modify entity @s {} merge value {transformation:[-0.7474789930971407f,0.11381911985432171f,-0.6544618879920147f,-0.003765220811234843f,0.2609945122408975f,0.9563038200117899f,-0.13177582635291674f,0.9685059341710651f,0.6108657949653268f,-0.2693106232335546f,-0.7445231821474289f,-0.12084612610741846f,0f,0f,0f,1f],start_interpolation:0}
execute if entity @s[tag=aj.lover_microphone.bone.microphone] run data modify entity @s {} merge value {transformation:[-0.7474789930971407f,0.036417320157685944f,-0.6632864642603657f,-0.012887743819543163f,0.2609945122408975f,0.9343004875516138f,-0.24282599436829846f,1.3649401452520913f,0.6108657949653268f,-0.35462145698385134f,-0.7078747083969236f,0.2394440619248632f,0f,0f,0f,1f],start_interpolation:0}
execute if entity @s[tag=aj.lover_microphone.bone.right_bend] run data modify entity @s {} merge value {transformation:[-0.7474789930971407f,-0.6632864642603657f,-0.03641732015768609f,-0.29622716579662556f,0.2609945122408975f,-0.24282599436829827f,-0.9343004875516138f,1.1486600054856924f,0.6108657949653268f,-0.7078747083969237f,0.35462145698385117f,-0.010864332355274814f,0f,0f,0f,1f],start_interpolation:0}