execute if entity @s[tag=aj.lover_microphone.bone.left_straight] run data modify entity @s {} merge value {transformation:[-0.9961946980917455f,-0.024023378475231012f,0.08377947708437775f,-0.004847347430021409f,-0.08715574274765818f,0.2745884724609228f,-0.9576038049724329f,1.3336532469054854f,-1.2893755873846925e-16f,-0.9612616959383189f,-0.27563735581699944f,0.32501975673549427f,0f,0f,0f,1f],start_interpolation:0}
execute if entity @s[tag=aj.lover_microphone.bone.left_bend] run data modify entity @s {} merge value {transformation:[-0.9961946980917455f,-0.024023378475231012f,0.08377947708437775f,0.3527587669282116f,-0.08715574274765818f,0.2745884724609228f,-0.9576038049724329f,1.315779322827154f,-1.2893755873846925e-16f,-0.9612616959383189f,-0.27563735581699944f,0.29797313597686964f,0f,0f,0f,1f],start_interpolation:0}
execute if entity @s[tag=aj.lover_microphone.bone.right_straight] run data modify entity @s {} merge value {transformation:[-0.7525903180838766f,0.11644891559652899f,-0.6481106874468294f,-0.004492725251921348f,0.26262859310268305f,0.9556505532068389f,-0.13326005493158186f,0.9682961693608511f,0.6038493481087106f,-0.27050262514780765f,-0.7497961686864169f,-0.11776152159897366f,0f,0f,0f,1f],start_interpolation:0}
execute if entity @s[tag=aj.lover_microphone.bone.microphone] run data modify entity @s {} merge value {transformation:[-0.7525903180838766f,0.051681409927007364f,-0.6564578013812967f,-0.015436367896704384f,0.26262859310268305f,0.9377518659222013f,-0.22726121544235245f,1.3589976603623677f,0.6038493481087106f,-0.343439179225939f,-0.719315991036831f,0.2457886557485653f,0f,0f,0f,1f],start_interpolation:0}
execute if entity @s[tag=aj.lover_microphone.bone.right_bend] run data modify entity @s {} merge value {transformation:[-0.7525903180838766f,-0.6564578013812967f,-0.05168140992700751f,-0.2978233352533895f,0.26262859310268305f,-0.22726121544235223f,-0.9377518659222013f,1.148795313172736f,0.6038493481087106f,-0.7193159910368311f,0.3434391792259388f,-0.010697587652216553f,0f,0f,0f,1f],start_interpolation:0}