execute if entity @s[tag=aj.lover_microphone.bone.left_straight] run data modify entity @s {} merge value {transformation:[-0.8491330944224196f,-0.525199042104958f,0.05602636993988484f,0.24303254640193495f,0.008268492492385648f,-0.11927954553870745f,-0.9928262798939109f,1.522043612902607f,0.528114211121524f,-0.8425783976509923f,0.10562681394123552f,0.44555467614919203f,0f,0f,0f,1f],start_interpolation:0}
execute if entity @s[tag=aj.lover_microphone.bone.left_bend] run data modify entity @s {} merge value {transformation:[-0.8491330944224196f,-0.525199042104958f,0.05602636993988484f,0.5406996407893593f,0.008268492492385648f,-0.11927954553870745f,-0.9928262798939109f,1.4634798295770153f,0.528114211121524f,-0.8425783976509923f,0.10562681394123552f,0.2534668991191222f,0f,0f,0f,1f],start_interpolation:0}
execute if entity @s[tag=aj.lover_microphone.bone.right_straight] run data modify entity @s {} merge value {transformation:[-0.7468822920748421f,0.113478067612053f,-0.6552019306718079f,-0.003672008086565093f,0.2607024397079331f,0.9564166923657476f,-0.13153459048666427f,0.9685462466304522f,0.6117197722122131f,-0.2690535982572939f,-0.7439147004525727f,-0.12126311885562147f,0f,0f,0f,1f],start_interpolation:0}
execute if entity @s[tag=aj.lover_microphone.bone.microphone] run data modify entity @s {} merge value {transformation:[-0.7468822920748421f,0.034637710100516354f,-0.6640535150302442f,-0.012597831987878172f,0.2607024397079331f,0.9339441003889464f,-0.24450491872151256f,1.3655741320522274f,0.6117197722122131f,-0.35573676558330963f,-0.7065764458973735f,0.2387094238464993f,0f,0f,0f,1f],start_interpolation:0}
execute if entity @s[tag=aj.lover_microphone.bone.right_bend] run data modify entity @s {} merge value {transformation:[-0.7468822920748421f,-0.6640535150302442f,-0.0346377101005165f,-0.29603614788809623f,0.2607024397079331f,-0.24450491872151237f,-0.9339441003889464f,1.148636151483068f,0.6117197722122131f,-0.7065764458973736f,0.35573676558330947f,-0.010916802373833065f,0f,0f,0f,1f],start_interpolation:0}