execute if entity @s[tag=aj.lover_microphone.bone.left_straight] run data modify entity @s {} merge value {transformation:[-0.37364668723585814f,-0.8679333926215307f,-0.32723046785125137f,0.6592580137013198f,0.0020989537008346826f,0.3519900367550596f,-0.936001393384932f,1.281226150198234f,0.9275687292654009f,-0.3504206614879493f,-0.1296981591670348f,0.5436039864693317f,0f,0f,0f,1f],start_interpolation:0}
execute if entity @s[tag=aj.lover_microphone.bone.left_bend] run data modify entity @s {} merge value {transformation:[-0.37364668723585814f,-0.9272865087037296f,0.022975724008548748f,0.7630923692225056f,0.0020989537008346826f,-0.02561495453064f,-0.9996696796931253f,1.2338402270338853f,0.9275687292654009f,-0.37347503916653046f,0.01151727435324866f,0.20315409179733313f,0f,0f,0f,1f],start_interpolation:0}
execute if entity @s[tag=aj.lover_microphone.bone.right_straight] run data modify entity @s {} merge value {transformation:[-0.45324309769452065f,0.19840844037505317f,-0.8690251924888106f,0.017679387226266288f,0.2364296436158592f,0.9667534694400622f,0.09741023018800563f,0.9298403507546127f,0.8594601317175528f,-0.16131280207578508f,-0.485083974044191f,0.11763730488045543f,0f,0f,0f,1f],start_interpolation:0}
execute if entity @s[tag=aj.lover_microphone.bone.microphone] run data modify entity @s {} merge value {transformation:[-0.45324309769452065f,0.1946111465634105f,-0.8698834381832717f,0.20245139886022517f,0.2364296436158592f,0.9671696810621903f,0.09318707879174369f,1.2026924638042782f,0.8594601317175528f,-0.1634298310203361f,-0.4843748262665094f,0.5244174429810915f,0f,0f,0f,1f],start_interpolation:0}
execute if entity @s[tag=aj.lover_microphone.bone.right_bend] run data modify entity @s {} merge value {transformation:[-0.45324309769452065f,-0.8698834381832717f,-0.1946111465634107f,-0.1860107253523507f,0.2364296436158592f,0.0931870787917439f,-0.9671696810621903f,1.1226217235488374f,0.8594601317175528f,-0.48437482626650946f,0.16342983102033598f,0.3444216825921862f,0f,0f,0f,1f],start_interpolation:0}
execute if entity @s[tag=aj.lover_microphone.bone.head] run data modify entity @s {} merge value {transformation:[-0.9156783380697151f,0.10353060780322619f,-0.38834854761899024f,0.1504202392159608f,0.018852694931616412f,0.9762535738848626f,0.2158090252302917f,1.3702415268025403f,0.4014694970775488f,0.19029023286792154f,-0.8958860810345098f,0.2715469742301488f,0f,0f,0f,1f],start_interpolation:0}
execute if entity @s[tag=aj.lover_microphone.bone.outfit] run data modify entity @s {} merge value {transformation:[-0.911644105426855f,0.20056031895461437f,-0.3587207597857874f,-0.13788521928129738f,0.038095952381384635f,0.9103220357367205f,0.41214377305050737f,0.06165360043100465f,0.4092110988873891f,0.36206263230686503f,-0.8375302542800465f,-0.2489180597109697f,0f,0f,0f,1f],start_interpolation:0}
execute if entity @s[tag=aj.lover_microphone.bone.chest] run data modify entity @s {} merge value {transformation:[-0.911644105426855f,0.20056031895461437f,-0.3587207597857874f,-0.01282966345764922f,0.038095952381384635f,0.9103220357367205f,0.41214377305050737f,0.6912009451706677f,0.4092110988873891f,0.36206263230686503f,-0.8375302542800465f,-0.0021983228197133015f,0f,0f,0f,1f],start_interpolation:0}