execute if entity @s[tag=aj.lover_microphone.bone.left_straight] run data modify entity @s {} merge value {transformation:[-0.9883762842381939f,-0.13406741891180515f,0.07168157323766937f,0.04122752572197341f,-0.06236562917216304f,-0.0724456785436387f,-0.9954205904833956f,1.478983920413456f,0.13864648951005235f,-0.9883205708911852f,0.06324239163615354f,0.36620171129952195f,0f,0f,0f,1f],start_interpolation:0}
execute if entity @s[tag=aj.lover_microphone.bone.left_bend] run data modify entity @s {} merge value {transformation:[-0.9883762842381939f,-0.13406741891180515f,0.07168157323766937f,0.39402528209192694f,-0.06236562917216304f,-0.0724456785436387f,-0.9954205904833956f,1.4459171294538644f,0.13864648951005235f,-0.9883205708911852f,0.06324239163615354f,0.3081202140841945f,0f,0f,0f,1f],start_interpolation:0}
execute if entity @s[tag=aj.lover_microphone.bone.right_straight] run data modify entity @s {} merge value {transformation:[-0.7487705891645194f,0.11452756438684132f,-0.6528598944626911f,-0.003959631514312084f,0.26153791559082123f,0.9560915000680177f,-0.13223827814251132f,0.9684325747960317f,0.6090488679167105f,-0.26976374940548564f,-0.7458464962685468f,-0.11999368170926039f,0f,0f,0f,1f],start_interpolation:0}
execute if entity @s[tag=aj.lover_microphone.bone.microphone] run data modify entity @s {} merge value {transformation:[-0.7487705891645194f,0.04027352279040907f,-0.6616046010754979f,-0.013519652196547938f,0.26153791559082123f,0.9351161696048241f,-0.2390725163041757f,1.3635166538317656f,0.6090488679167105f,-0.35204515719670443f,-0.7107205384563758f,0.24104019053049963f,0f,0f,0f,1f],start_interpolation:0}
execute if entity @s[tag=aj.lover_microphone.bone.right_bend] run data modify entity @s {} merge value {transformation:[-0.7487705891645194f,-0.6616046010754979f,-0.040273522790409216f,-0.29663652868769563f,0.26153791559082123f,-0.2390725163041755f,-0.9351161696048241f,1.1487046053516292f,0.6090488679167105f,-0.710720538456376f,0.35204515719670426f,-0.010779660204991437f,0f,0f,0f,1f],start_interpolation:0}