execute if entity @s[tag=aj.lover_microphone.bone.left_straight] run data modify entity @s {} merge value {transformation:[-0.6887126435534205f,0.5163224814261771f,0.5090049015319735f,-0.16675680387527325f,-0.05646265396651755f,0.6617156468841874f,-0.7476258231065179f,1.1645783034681787f,-0.7228325278490975f,-0.5436391246429533f,-0.42657899484237055f,0.21321810246986012f,0f,0f,0f,1f],start_interpolation:0}
execute if entity @s[tag=aj.lover_microphone.bone.left_bend] run data modify entity @s {} merge value {transformation:[-0.6887126435534205f,0.5703240953938706f,0.44766652859335165f,0.11173166643957325f,-0.05646265396651755f,0.5733771932855056f,-0.8173436015086268f,1.1521073759667029f,-0.7228325278490975f,-0.5881913127828386f,-0.36269011049390987f,0.4395403898208019f,0f,0f,0f,1f],start_interpolation:0}
execute if entity @s[tag=aj.lover_microphone.bone.right_straight] run data modify entity @s {} merge value {transformation:[-0.8723357216522728f,0.3509068949857907f,-0.3404331649249819f,-0.08771038498229089f,0.4023147929776224f,0.9108656787351583f,-0.09201370905311931f,0.9336569207220206f,0.2778006408933956f,-0.21722814355826608f,-0.9357557039983504f,0.09959749956476316f,0f,0f,0f,1f],start_interpolation:0}
execute if entity @s[tag=aj.lover_microphone.bone.microphone] run data modify entity @s {} merge value {transformation:[-0.8723357216522728f,0.34587112151543603f,-0.3455481963938795f,-0.17965757387535342f,0.4023147929776224f,0.9094166427574657f,-0.10537635990635055f,1.3147400659709505f,0.2778006408933956f,-0.23094271405999048f,-0.9324656919918418f,0.44823166982268525f,0f,0f,0f,1f],start_interpolation:0}
execute if entity @s[tag=aj.lover_microphone.bone.right_bend] run data modify entity @s {} merge value {transformation:[-0.8723357216522728f,-0.34554819639387946f,-0.3458711215154361f,-0.3688569581343382f,0.4023147929776224f,-0.10537635990635034f,-0.9094166427574657f,1.1592851953918304f,0.2778006408933956f,-0.9324656919918418f,0.23094271405999028f,0.08802340317680254f,0f,0f,0f,1f],start_interpolation:0}
execute if entity @s[tag=aj.lover_microphone.bone.head] run data modify entity @s {} merge value {transformation:[-0.9511121553705855f,0.005412802750961426f,0.3087982666283904f,-0.041931603702199824f,-0.003293625700809953f,0.9996117882788881f,-0.02766631098694544f,1.4106642543397387f,-0.30882813980604534f,-0.027330830581279414f,-0.9507250947375246f,0.19435843654498597f,0f,0f,0f,1f],start_interpolation:0}
execute if entity @s[tag=aj.lover_microphone.bone.outfit] run data modify entity @s {} merge value {transformation:[-0.9532211175358302f,-0.05590880493626643f,0.297058422897486f,0.038437303393683175f,0.02567477414683466f,0.9642190057863183f,0.26386078688003817f,0.02459943352190619f,-0.3011815184506715f,0.2591445820599813f,-0.9176784723053634f,-0.17816190016623715f,0f,0f,0f,1f],start_interpolation:0}
execute if entity @s[tag=aj.lover_microphone.bone.chest] run data modify entity @s {} merge value {transformation:[-0.9532211175358302f,-0.05590880493626643f,0.297058422897486f,-0.0080586716655838f,0.02567477414683466f,0.9642190057863183f,0.26386078688003817f,0.6898834584876813f,-0.3011815184506715f,0.2591445820599813f,-0.9176784723053634f,-0.010606923184237584f,0f,0f,0f,1f],start_interpolation:0}