execute if entity @s[tag=aj.lover_microphone.bone.left_straight] run data modify entity @s {} merge value {transformation:[-0.9963169984416982f,-0.08500976035210449f,-0.011215135353752532f,0.023921672101409996f,-0.08559241658310174f,0.9938188004970155f,0.07069745400039508f,0.9994314340121285f,0.005135838742600495f,0.0713970057043779f,-0.9974347551278023f,-0.0339533579158673f,0f,0f,0f,1f],start_interpolation:0}
execute if entity @s[tag=aj.lover_microphone.bone.left_bend] run data modify entity @s {} merge value {transformation:[-0.9963169984416982f,-0.08500976035210449f,-0.011215135353752532f,0.37562866013203916f,-0.08559241658310174f,0.9938188004970155f,0.07069745400039508f,1.0460679498136192f,0.005135838742600495f,0.0713970057043779f,-0.9974347551278023f,-0.08927387713914167f,0f,0f,0f,1f],start_interpolation:0}
execute if entity @s[tag=aj.lover_microphone.bone.right_straight] run data modify entity @s {} merge value {transformation:[-0.7462465063530366f,0.10702218524664914f,-0.6570102005455618f,-0.001906693911714663f,0.24308554165979665f,0.9626412726625357f,-0.11929459167379168f,0.9713298832118278f,0.6196979677164116f,-0.24873285273900858f,-0.7443832324659551f,-0.13176710129884334f,0f,0f,0f,1f],start_interpolation:0}
execute if entity @s[tag=aj.lover_microphone.bone.microphone] run data modify entity @s {} merge value {transformation:[-0.7462465063530366f,0.0344435548591854f,-0.6647780030089366f,-0.011205124597146676f,0.24308554165979665f,0.9437924942312984f,-0.2239757738431277f,1.3569120584448684f,0.6196979677164116f,-0.32873905968309713f,-0.712674581731959f,0.23890803180190529f,0f,0f,0f,1f],start_interpolation:0}
execute if entity @s[tag=aj.lover_microphone.bone.right_bend] run data modify entity @s {} merge value {transformation:[-0.7462465063530366f,-0.6647780030089366f,-0.03444355485918554f,-0.2949204640615314f,0.24308554165979665f,-0.22397577384312747f,-0.9437924942312984f,1.1472874400509263f,0.6196979677164116f,-0.7126745817319591f,0.32873905968309697f,-0.01658315134652437f,0f,0f,0f,1f],start_interpolation:0}