execute if entity @s[tag=aj.lover_microphone.bone.left_straight] run data modify entity @s {} merge value {transformation:[-0.9962612100533049f,-0.08610622536368773f,-0.007022769876793583f,0.024137724807491323f,-0.0863517172856611f,0.9949858737994454f,0.05046277698830467f,0.9998133008703135f,0.002642397574521409f,0.05088053550398162f,-0.9987012510465211f,-0.02681855452194916f,0f,0f,0f,1f],start_interpolation:0}
execute if entity @s[tag=aj.lover_microphone.bone.left_bend] run data modify entity @s {} merge value {transformation:[-0.9962612100533049f,-0.08610622536368773f,-0.007022769876793583f,0.3760398345113829f,-0.0863517172856611f,0.9949858737994454f,0.05046277698830467f,1.045630297325208f,0.002642397574521409f,0.05088053550398162f,-0.9987012510465211f,-0.08158020081399306f,0f,0f,0f,1f],start_interpolation:0}
execute if entity @s[tag=aj.lover_microphone.bone.right_straight] run data modify entity @s {} merge value {transformation:[-0.7450974889242379f,0.10696160199794447f,-0.6583228293905874f,-0.001896986062915773f,0.24413442061033572f,0.9622924814468502f,-0.11996484828531703f,0.9711525097130269f,0.6206674767313418f,-0.2501047697443949f,-0.7431147202680434f,-0.13162732173408f,0f,0f,0f,1f],start_interpolation:0}
execute if entity @s[tag=aj.lover_microphone.bone.microphone] run data modify entity @s {} merge value {transformation:[-0.7450974889242379f,0.03091673112997587f,-0.6662386117113237f,-0.010761027199161166f,0.24413442061033572f,0.9422403297304868f,-0.2293066630140509f,1.3590200743590186f,0.6206674767313418f,-0.3335075962637442f,-0.7096087418869138f,0.23745694742350748f,0f,0f,0f,1f],start_interpolation:0}
execute if entity @s[tag=aj.lover_microphone.bone.right_bend] run data modify entity @s {} merge value {transformation:[-0.7450974889242379f,-0.6662386117113237f,-0.03091673112997602f,-0.29464757408564984f,0.24413442061033572f,-0.22930666301405067f,-0.9422403297304868f,1.1473635020886785f,0.6206674767313418f,-0.7096087418869139f,0.33350759626374404f,-0.01616194592321657f,0f,0f,0f,1f],start_interpolation:0}