execute if entity @s[tag=aj.lover_microphone.bone.left_straight] run data modify entity @s {} merge value {transformation:[-0.9943108766847611f,0.04682513074660691f,-0.09567281555878344f,-0.021847219014996422f,0.016541337164654904f,-0.8194174003080317f,-0.5729585571725343f,1.7733853944657656f,-0.1052248291573193f,-0.5712814815859081f,0.8139810833955681f,0.07716223656888814f,0f,0f,0f,1f],start_interpolation:0}
execute if entity @s[tag=aj.lover_microphone.bone.left_bend] run data modify entity @s {} merge value {transformation:[-0.9943108766847611f,0.04682513074660691f,-0.09567281555878344f,0.32619057597002243f,0.016541337164654904f,-0.8194174003080317f,-0.5729585571725343f,1.7260315251155118f,-0.1052248291573193f,-0.5712814815859081f,0.8139810833955681f,0.1517305555947156f,0f,0f,0f,1f],start_interpolation:0}
execute if entity @s[tag=aj.lover_microphone.bone.right_straight] run data modify entity @s {} merge value {transformation:[-0.7414149528998386f,0.10771305632242015f,-0.6623456538048794f,-0.002118108878912922f,0.25030760115055856f,0.960187635895623f,-0.12403954482110777f,0.9701358240110518f,0.6226154289951246f,-0.25775492501765673f,-0.7388588675832206f,-0.12954326639520047f,0f,0f,0f,1f],start_interpolation:0}
execute if entity @s[tag=aj.lover_microphone.bone.microphone] run data modify entity @s {} merge value {transformation:[-0.7414149528998386f,0.019167410040045452f,-0.6707730450822295f,-0.009587163655517372f,0.25030760115055856f,0.9353478838099543f,-0.24994087512548482f,1.3672287140570982f,0.6226154289951246f,-0.35320949398989415f,-0.6982786556473137f,0.23254535503052148f,0f,0f,0f,1f],start_interpolation:0}
execute if entity @s[tag=aj.lover_microphone.bone.right_bend] run data modify entity @s {} merge value {transformation:[-0.7414149528998386f,-0.6707730450822295f,-0.0191674100400456f,-0.29390599547107554f,0.25030760115055856f,-0.24994087512548463f,-0.9353478838099543f,1.1478215779908703f,0.6226154289951246f,-0.6982786556473138f,0.353209493989894f,-0.013901251091439908f,0f,0f,0f,1f],start_interpolation:0}