execute if entity @s[tag=aj.lover_microphone.bone.left_straight] run data modify entity @s {} merge value {transformation:[-0.9965097610599707f,-0.07520164861716334f,-0.036235454426029184f,0.021417047587361848f,-0.07840148280557319f,0.9921964962844203f,0.09695009156678366f,1.0011790220764343f,0.028661884203372876f,0.0994526259390923f,-0.994629414197937f,-0.03663349525503315f,0f,0f,0f,1f],start_interpolation:0}
execute if entity @s[tag=aj.lover_microphone.bone.left_bend] run data modify entity @s {} merge value {transformation:[-0.9965097610599707f,-0.07520164861716334f,-0.036235454426029184f,0.37195061823143627f,-0.07840148280557319f,0.9921964962844203f,0.09695009156678366f,1.0466763138933424f,0.028661884203372876f,0.0994526259390923f,-0.994629414197937f,-0.09979473472715958f,0f,0f,0f,1f],start_interpolation:0}
execute if entity @s[tag=aj.lover_microphone.bone.right_straight] run data modify entity @s {} merge value {transformation:[-0.7713294414466897f,0.11978303673037385f,-0.6250623303872883f,-0.005413303518139623f,0.2519654941298138f,0.9593558713670026f,-0.12708147717735244f,0.9700722456325352f,0.5844350113789013f,-0.25551582374739357f,-0.7701606204482506f,-0.11599707418860694f,0f,0f,0f,1f],start_interpolation:0}
execute if entity @s[tag=aj.lover_microphone.bone.microphone] run data modify entity @s {} merge value {transformation:[-0.7713294414466897f,0.10630540889050984f,-0.6274950619711355f,-0.02554925652299217f,0.2519654941298138f,0.9563992504363963f,-0.14769517098611573f,1.3272614493281099f,0.5844350113789013f,-0.27202873709466924f,-0.7644841945189073f,0.26872353294663015f,0f,0f,0f,1f],start_interpolation:0}
execute if entity @s[tag=aj.lover_microphone.bone.right_bend] run data modify entity @s {} merge value {transformation:[-0.7713294414466897f,-0.6274950619711355f,-0.10630540889050998f,-0.302638741635766f,0.2519654941298138f,-0.1476951709861155f,-0.9563992504363963f,1.1479578521142602f,0.5844350113789013f,-0.7644841945189074f,0.27202873709466907f,-0.015502180909264043f,0f,0f,0f,1f],start_interpolation:0}