execute if entity @s[tag=aj.lover_microphone.bone.left_straight] run data modify entity @s {} merge value {transformation:[-0.9961946980917455f,-0.06026933399640639f,0.06295816764745926f,0.010333372364666027f,-0.08715574274765818f,0.6888816398315183f,-0.7196151490964754f,1.1601368256586437f,-1.150597709306548e-16f,-0.7223639620597556f,-0.6915130557822693f,0.2551251066212822f,0f,0f,0f,1f],start_interpolation:0}
execute if entity @s[tag=aj.lover_microphone.bone.left_bend] run data modify entity @s {} merge value {transformation:[-0.9961946980917455f,-0.06026933399640639f,0.06295816764745926f,0.3663510002486524f,-0.08715574274765818f,0.6888816398315183f,-0.7196151490964754f,1.1604193850631805f,-1.150597709306548e-16f,-0.7223639620597556f,-0.6915130557822693f,0.20838648577240843f,0f,0f,0f,1f],start_interpolation:0}
execute if entity @s[tag=aj.lover_microphone.bone.right_straight] run data modify entity @s {} merge value {transformation:[-0.7553018703578288f,0.11770049334518758f,-0.6447213960310803f,-0.004845062151843188f,0.263072305105299f,0.9554579518481751f,-0.1337649600481191f,0.9682506625935988f,0.6002599827745891f,-0.2706412683172873f,-0.7526229181755363f,-0.11635906553745944f,0f,0f,0f,1f],start_interpolation:0}
execute if entity @s[tag=aj.lover_microphone.bone.microphone] run data modify entity @s {} merge value {transformation:[-0.7553018703578288f,0.05976018965610053f,-0.6526467684484712f,-0.01684981298980548f,0.263072305105299f,0.9397301367862727f,-0.2184038284972077f,1.3555797256618625f,0.6002599827745891f,-0.33665410995251516f,-0.7255011807926501f,0.24916961550016642f,0f,0f,0f,1f],start_interpolation:0}
execute if entity @s[tag=aj.lover_microphone.bone.right_bend] run data modify entity @s {} merge value {transformation:[-0.7553018703578288f,-0.6526467684484712f,-0.05976018965610068f,-0.29865048167396935f,0.263072305105299f,-0.2184038284972075f,-0.9397301367862727f,1.1488331021407225f,0.6002599827745891f,-0.7255011807926502f,0.336654109952515f,-0.010747363442240018f,0f,0f,0f,1f],start_interpolation:0}