execute if entity @s[tag=aj.lover_microphone.bone.left_straight] run data modify entity @s {} merge value {transformation:[-0.9963279843344943f,-0.06558283781468854f,-0.055040339898441704f,0.018779686244637772f,-0.0739525960091422f,0.983142369243107f,0.1672187051216424f,1.002433625507639f,0.043145812954124986f,0.17067505143758552f,-0.9843822761718667f,-0.05965370590240103f,0f,0f,0f,1f],start_interpolation:0}
execute if entity @s[tag=aj.lover_microphone.bone.left_bend] run data modify entity @s {} merge value {transformation:[-0.9963279843344943f,-0.06558283781468854f,-0.055040339898441704f,0.3683435641805082f,-0.0739525960091422f,0.983142369243107f,0.1672187051216424f,1.0500716115338349f,0.043145812954124986f,0.17067505143758552f,-0.9843822761718667f,-0.12650314428909454f,0f,0f,0f,1f],start_interpolation:0}
execute if entity @s[tag=aj.lover_microphone.bone.right_straight] run data modify entity @s {} merge value {transformation:[-0.766133222374192f,0.11451353058878859f,-0.6323974516762599f,-0.0038842605118648843f,0.24342476657800616f,0.9623884700586485f,-0.1206350517661309f,0.9713880428921529f,0.594797670297203f,-0.2463637229996828f,-0.7651932091954002f,-0.12326321479447415f,0f,0f,0f,1f],start_interpolation:0}
execute if entity @s[tag=aj.lover_microphone.bone.microphone] run data modify entity @s {} merge value {transformation:[-0.766133222374192f,0.09179289375604902f,-0.6360927214097232f,-0.021712449499653397f,0.24342476657800616f,0.9574510158223956f,-0.15502237037636343f,1.3298304366058373f,0.594797670297203f,-0.2736085103876593f,-0.7558796957535414f,0.2625191908185446f,0f,0f,0f,1f],start_interpolation:0}
execute if entity @s[tag=aj.lover_microphone.bone.right_bend] run data modify entity @s {} merge value {transformation:[-0.766133222374192f,-0.6360927214097232f,-0.09179289375604915f,-0.3005859000767311f,0.24342476657800616f,-0.1550223703763632f,-0.9574510158223956f,1.1473158613972467f,0.594797670297203f,-0.7558796957535415f,0.27360851038765915f,-0.017892377328069517f,0f,0f,0f,1f],start_interpolation:0}