execute if entity @s[tag=aj.lover_microphone.bone.left_straight] run data modify entity @s {} merge value {transformation:[-0.9964642577736207f,-0.0692767563981732f,-0.047536449200749516f,0.019753548670689403f,-0.07661529212754185f,0.9814577646755975f,0.17570074891755824f,1.001679448297308f,0.03448303919144444f,0.17872153530262544f,-0.9832952419427208f,-0.06590357330436286f,0f,0f,0f,1f],start_interpolation:0}
execute if entity @s[tag=aj.lover_microphone.bone.left_bend] run data modify entity @s {} merge value {transformation:[-0.9964642577736207f,-0.0692767563981732f,-0.047536449200749516f,0.36972878364931494f,-0.07661529212754185f,0.9814577646755975f,0.17570074891755824f,1.0507033382466509f,0.03448303919144444f,0.17872153530262544f,-0.9832952419427208f,-0.1295205757384845f,0f,0f,0f,1f],start_interpolation:0}
execute if entity @s[tag=aj.lover_microphone.bone.right_straight] run data modify entity @s {} merge value {transformation:[-0.7576463638818097f,0.1098367188041539f,-0.6433567303596112f,-0.0026080769692465866f,0.2392455140785999f,0.963860802628397f,-0.11719188175726503f,0.972020661129288f,0.6072343627380937f,-0.24271021478067123f,-0.7565435746546141f,-0.12928971131587735f,0f,0f,0f,1f],start_interpolation:0}
execute if entity @s[tag=aj.lover_microphone.bone.microphone] run data modify entity @s {} merge value {transformation:[-0.7576463638818097f,0.06798203857039645f,-0.6491151128486267f,-0.016588969387118346f,0.2392455140785999f,0.9542591434287209f,-0.17930719778065485f,1.339286467366018f,0.6072343627380937f,-0.2911493252860078f,-0.7392553679856263f,0.25263157856871093f,0f,0f,0f,1f],start_interpolation:0}
execute if entity @s[tag=aj.lover_microphone.bone.right_bend] run data modify entity @s {} merge value {transformation:[-0.7576463638818097f,-0.6491151128486267f,-0.06798203857039659f,-0.2979368108556174f,0.2392455140785999f,-0.17930719778065463f,-0.9542591434287209f,1.1470139679640625f,0.6072343627380937f,-0.7392553679856264f,0.2911493252860076f,-0.018638208222082543f,0f,0f,0f,1f],start_interpolation:0}