execute if entity @s[tag=aj.lover_microphone.bone.right_straight] run data modify entity @s {} merge value {transformation:[-0.7617114596234601f,0.12040516255174878f,-0.636630386573862f,-0.005622242696556895f,0.2633944078477787f,0.9552694574701092f,-0.13447546073273464f,0.9682552488365759f,0.5919620242826528f,-0.2701163831677934f,-0.7593537392754012f,-0.11343375413418874f,0f,0f,0f,1f],start_interpolation:0}
execute if entity @s[tag=aj.lover_microphone.bone.microphone] run data modify entity @s {} merge value {transformation:[-0.7617114596234601f,0.0787210593652423f,-0.6431163557947441f,-0.020390943318643884f,0.2633944078477787f,0.9444936035751048f,-0.1963548286145034f,1.3469894849018982f,0.5919620242826528f,-0.3189589748198457f,-0.7401662882008726f,0.2571458145773957f,0f,0f,0f,1f],start_interpolation:0}
execute if entity @s[tag=aj.lover_microphone.bone.right_bend] run data modify entity @s {} merge value {transformation:[-0.7617114596234601f,-0.6431163557947441f,-0.07872105936524244f,-0.30057097354668133f,0.2633944078477787f,-0.19635482861450318f,-0.9444936035751048f,1.148863323993228f,0.5919620242826528f,-0.7401662882008727f,0.31895897481984553f,-0.011103685283813794f,0f,0f,0f,1f],start_interpolation:0}