execute if entity @s[tag=aj.folklore_microphone.bone.left_straight] run data modify entity @s {} merge value {transformation:[-0.9498135285932688f,-0.23945550770457108f,0.2012841790383681f,0.08867574542441026f,-0.23419078077248573f,0.11773005674019676f,-0.9650359122546289f,0.7176896750480679f,0.20738596650298505f,-0.9637430640839374f,-0.16789987292349748f,0.3936634372719127f,0f,0f,0f,1f],start_interpolation:0}
execute if entity @s[tag=aj.folklore_microphone.bone.left_bend] run data modify entity @s {} merge value {transformation:[-0.9498135285932688f,-0.14518778045656644f,0.2770826037615851f,0.43354581538921416f,-0.23419078077248573f,-0.25719703979665415f,-0.9375523243643589f,0.7496012287224262f,0.20738596650298505f,-0.9553900727587314f,0.21028758824925595f,0.2989036490314766f,0f,0f,0f,1f],start_interpolation:0}
execute if entity @s[tag=aj.folklore_microphone.bone.right_straight] run data modify entity @s {} merge value {transformation:[-0.7739043865708405f,0.1969202792210407f,-0.601908966603687f,-0.12966870620743814f,0.2621381217925294f,0.9647929961040425f,-0.021402798220564595f,0.3338169916910725f,0.5765029102697541f,-0.17434700542335835f,-0.7982778439556063f,-0.14327682154439708f,0f,0f,0f,1f],start_interpolation:0}
execute if entity @s[tag=aj.folklore_microphone.bone.microphone] run data modify entity @s {} merge value {transformation:[-0.7739043865708405f,0.18638552738529762f,-0.6052540257013707f,-0.13962125201271136f,0.2621381217925294f,0.9642725231242156f,-0.03823749796658118f,0.6592862693924045f,0.5765029102697541f,-0.18825232091255542f,-0.7951134875736546f,0.26843797079705306f,0f,0f,0f,1f],start_interpolation:0}
execute if entity @s[tag=aj.folklore_microphone.bone.right_bend] run data modify entity @s {} merge value {transformation:[-0.7739043865708405f,-0.6052540257013707f,-0.18638552738529776f,-0.41732810786471713f,0.2621381217925294f,-0.03823749796658096f,-0.9642725231242156f,0.5247481105141705f,0.5765029102697541f,-0.7951134875736546f,0.18825232091255525f,-0.038955921740241206f,0f,0f,0f,1f],start_interpolation:0}
execute if entity @s[tag=aj.folklore_microphone.bone.head] run data modify entity @s {} merge value {transformation:[-0.9862365450127643f,-0.03519003974538473f,-0.16155227755746435f,0f,-0.013411001354254725f,0.9908946029516755f,-0.1339702611922416f,0.8125f,0.16479569874229708f,-0.12995978971958788f,-0.977728403357537f,0f,0f,0f,0f,1f],start_interpolation:0}