execute if entity @s[tag=aj.folklore_microphone.bone.left_straight] run data modify entity @s {} merge value {transformation:[-0.8425948046532464f,-0.5099098713578615f,0.17327988418499848f,0.23303306169125976f,-0.291459986142094f,0.1611981589792546f,-0.9429030862287753f,0.6793261834816777f,0.45286319308308526f,-0.8449893943911414f,-0.28444305531526737f,0.4410693394833847f,0f,0f,0f,1f],start_interpolation:0}
execute if entity @s[tag=aj.folklore_microphone.bone.left_bend] run data modify entity @s {} merge value {transformation:[-0.8424800597142141f,-0.3828478557731574f,0.3790182954869459f,0.5349662017591981f,-0.29353281326308517f,-0.2637236578990221f,-0.9188516310059085f,0.7333006903827795f,0.4517364680007503f,-0.8853684835108234f,0.10980351489798418f,0.25437102289667807f,0f,0f,0f,1f],start_interpolation:0}
execute if entity @s[tag=aj.folklore_microphone.bone.right_straight] run data modify entity @s {} merge value {transformation:[-0.7739043865708395f,0.38742781330898407f,-0.5009707475701867f,-0.20899466292318705f,0.2621381217925321f,0.9160662248435365f,0.30349015931986123f,0.3349817964636413f,0.5765029102697542f,0.1035488347376741f,-0.8105072691068067f,-0.25029457376652076f,0f,0f,0f,1f],start_interpolation:0}
execute if entity @s[tag=aj.folklore_microphone.bone.microphone] run data modify entity @s {} merge value {transformation:[-0.7739043865708395f,0.3786256610766836f,-0.5076559949618019f,-0.2064471767654525f,0.2621381217925321f,0.9212233371305927f,0.28745637621917175f,0.5416463856860415f,0.5765029102697542f,0.0893877614677687f,-0.8121910012738907f,0.23222136587071962f,0f,0f,0f,1f],start_interpolation:0}
execute if entity @s[tag=aj.folklore_microphone.bone.right_bend] run data modify entity @s {} merge value {transformation:[-0.7739043865708395f,-0.5076559949618018f,-0.3786256610766837f,-0.4671586964381295f,0.2621381217925321f,0.28745637621917197f,-0.9212233371305926f,0.5484531486941371f,0.5765029102697542f,-0.8121910012738907f,-0.08938776146776888f,-0.11662787182100336f,0f,0f,0f,1f],start_interpolation:0}
execute if entity @s[tag=aj.folklore_microphone.bone.head] run data modify entity @s {} merge value {transformation:[-0.8192967078549858f,0.02840563183406842f,-0.5726657180049192f,0f,0.0008295624075246345f,0.9988297430592743f,0.04835758685414418f,0.8125f,0.573369179782271f,0.03914414975767689f,-0.8183614844404363f,0f,0f,0f,0f,1f],start_interpolation:0}