execute if entity @s[tag=aj.folklore_microphone.bone.left_straight] run data modify entity @s {} merge value {transformation:[-0.9874522242028245f,0.1508002642321651f,0.04687627570961594f,-0.06747828507169329f,-0.11308458619428227f,-0.46804586418095684f,-0.8764387858763267f,1.2178013857466548f,-0.11022695351937604f,-0.870742412732153f,0.47922611509310165f,0.20968376326863486f,0f,0f,0f,1f],start_interpolation:0}
execute if entity @s[tag=aj.folklore_microphone.bone.left_bend] run data modify entity @s {} merge value {transformation:[-0.9874522242028245f,0.1323127546696085f,-0.08620579950696317f,0.30706307875085304f,-0.11308458619428227f,-0.9734897393154971f,-0.19882053166791885f,1.1009529597562793f,-0.11022695351937604f,-0.18657722904788254f,0.9762371414357537f,0.1920796582833988f,0f,0f,0f,1f],start_interpolation:0}
execute if entity @s[tag=aj.folklore_microphone.bone.right_straight] run data modify entity @s {} merge value {transformation:[-0.9581790719009333f,0.14682069195534925f,-0.2456349946258034f,0.02539573753501989f,0.17164138137373566f,0.9816757326607534f,-0.08277676065834491f,0.5957401765851621f,0.22898057203872524f,-0.12147608949388165f,-0.9658216488100132f,-0.0389681501660881f,0f,0f,0f,1f],start_interpolation:0}
execute if entity @s[tag=aj.folklore_microphone.bone.microphone] run data modify entity @s {} merge value {transformation:[-0.9581790719009333f,0.28568074643681957f,-0.01671458304498271f,-0.2538772444070731f,0.17164138137373566f,0.6204603776243682f,0.7652242520976071f,0.5098315787009305f,0.22898057203872524f,0.7303529495480442f,-0.6435467867337153f,0.29960617986632254f,0f,0f,0f,1f],start_interpolation:0}
execute if entity @s[tag=aj.folklore_microphone.bone.right_bend] run data modify entity @s {} merge value {transformation:[-0.9581790719009333f,-0.016714583044982648f,-0.28568074643681957f,-0.29851059853213785f,0.17164138137373566f,0.7652242520976072f,-0.620460377624368f,0.7531346630831548f,0.22898057203872524f,-0.6435467867337152f,-0.7303529495480443f,-0.058896389134827115f,0f,0f,0f,1f],start_interpolation:0}
execute if entity @s[tag=aj.folklore_microphone.bone.head] run data modify entity @s {} merge value {transformation:[-1f,-4.6989345638880643e-17f,1.1309111027418727e-16f,0f,0f,0.9234589953031821f,0.3836971253392934f,1.0475f,-1.2246467991473532e-16f,0.3836971253392934f,-0.9234589953031821f,0f,0f,0f,0f,1f],start_interpolation:0}
execute if entity @s[tag=aj.folklore_microphone.bone.hair] run data modify entity @s {} merge value {transformation:[-1f,0f,1.2246467991473532e-16f,-0.010937499999999998f,0f,1f,0f,0.6412500000000001f,-1.2246467991473532e-16f,0f,-1f,-0.007968750000000002f,0f,0f,0f,1f],start_interpolation:0}
execute if entity @s[tag=aj.folklore_microphone.bone.outfit] run data modify entity @s {} merge value {transformation:[-1f,0f,1.2246467991473532e-16f,0f,0f,1f,0f,-0.38999999999999996f,-1.2246467991473532e-16f,0f,-1f,0f,0f,0f,0f,1f],start_interpolation:0}
execute if entity @s[tag=aj.folklore_microphone.bone.chest] run data modify entity @s {} merge value {transformation:[-1f,0f,1.2246467991473532e-16f,-0.010937499999999998f,0f,1f,0f,0.29750000000000004f,-1.2246467991473532e-16f,0f,-1f,-0.007968750000000002f,0f,0f,0f,1f],start_interpolation:0}
execute if entity @s[tag=aj.folklore_microphone.bone.right_leg] run data modify entity @s {} merge value {transformation:[-1f,-8.457778260586134e-17f,8.856746872353435e-17f,0.10625000000000001f,0f,0.7232082653153421f,0.6906300058494228f,0.37549999999999994f,-1.2246467991473532e-16f,0.6906300058494228f,-0.7232082653153421f,-0.062499999999999986f,0f,0f,0f,1f],start_interpolation:0}
execute if entity @s[tag=aj.folklore_microphone.bone.left_leg] run data modify entity @s {} merge value {transformation:[-1f,-8.457778260586134e-17f,8.856746872353435e-17f,-0.10624999999999998f,0f,0.7232082653153421f,0.6906300058494228f,0.37549999999999994f,-1.2246467991473532e-16f,0.6906300058494228f,-0.7232082653153421f,-0.06250000000000001f,0f,0f,0f,1f],start_interpolation:0}
execute if entity @s[tag=aj.folklore_microphone.bone.waist] run data modify entity @s {} merge value {transformation:[-1f,0f,1.2246467991473532e-16f,0f,0f,1f,0f,1.11f,-1.2246467991473532e-16f,0f,-1f,0f,0f,0f,0f,1f],start_interpolation:0}