execute if entity @s[tag=aj.folklore_microphone.bone.left_straight] run data modify entity @s {} merge value {transformation:[-0.8052438681805921f,-0.02295028446873052f,0.5924994491139729f,0.034723565151833f,-0.25508062031263123f,0.9154682480082768f,-0.3112101605500367f,0.3655028254471505f,-0.5352720709120552f,-0.40173520051329925f,-0.7430293660213295f,-0.056163602336865445f,0f,0f,0f,1f],start_interpolation:0}
execute if entity @s[tag=aj.folklore_microphone.bone.left_bend] run data modify entity @s {} merge value {transformation:[-0.8052438681805921f,0.5656352510706943f,-0.1778737628312549f,0.3523563566757739f,-0.25508062031263123f,-0.6012632637605921f,-0.7572426062979314f,0.4504494069968962f,-0.5352720709120552f,-0.5643928156861611f,0.6284461470192705f,0.08815070019248726f,0f,0f,0f,1f],start_interpolation:0}
execute if entity @s[tag=aj.folklore_microphone.bone.right_straight] run data modify entity @s {} merge value {transformation:[-0.7598701107605746f,0.09731143939711878f,-0.6427502614042043f,-0.09351393633668176f,0.264462492235648f,0.9494904965192517f,-0.16890052462954305f,0.34701636613531817f,0.5938493116719273f,-0.29832579637384016f,-0.747224674542197f,-0.10379213241232114f,0f,0f,0f,1f],start_interpolation:0}
execute if entity @s[tag=aj.folklore_microphone.bone.microphone] run data modify entity @s {} merge value {transformation:[-0.7598701107605746f,0.0860790795938636f,-0.6443506862175173f,-0.10930001062979666f,0.264462492235648f,0.9463981639143662f,-0.18544569431514613f,0.7181977241284832f,0.5938493116719273f,-0.31132122863015643f,-0.7419043655559576f,0.2670360939472137f,0f,0f,0f,1f],start_interpolation:0}
execute if entity @s[tag=aj.folklore_microphone.bone.right_bend] run data modify entity @s {} merge value {transformation:[-0.7598701107605746f,-0.6443506862175173f,-0.08607907959386374f,-0.39090068975120507f,0.264462492235648f,-0.1854456943151459f,-0.9463981639143662f,0.52439481426091f,0.5938493116719273f,-0.7419043655559577f,0.31132122863015627f,-0.002878908962969412f,0f,0f,0f,1f],start_interpolation:0}