execute if entity @s[tag=aj.folklore_microphone.bone.left_straight] run data modify entity @s {} merge value {transformation:[-0.993064374604111f,-0.11734869407159734f,-0.007240986938009424f,0.03738995865431166f,-0.10784489628552381f,0.9337053374580091f,-0.3414144419142079f,0.41230570136938394f,0.04682548704829864f,-0.33826561575501f,-0.9398849647486514f,0.13643944302645972f,0f,0f,0f,1f],start_interpolation:0}
execute if entity @s[tag=aj.folklore_microphone.bone.left_bend] run data modify entity @s {} merge value {transformation:[-0.993064374604111f,-0.11751051797651109f,-0.003798164956638104f,0.387755760276849f,-0.10784489628552381f,0.923296639331022f,-0.36863639829133166f,0.4436104984532465f,0.04682548704829864f,-0.36567006161966936f,-0.9295659093349738f,0.06434960590812881f,0f,0f,0f,1f],start_interpolation:0}
execute if entity @s[tag=aj.folklore_microphone.bone.right_straight] run data modify entity @s {} merge value {transformation:[-0.7739043865708405f,0.5573915505020042f,-0.3006437424517313f,-0.2857796930833478f,0.2621381217925295f,0.7140860696646012f,0.6491260973139559f,0.39440114685173916f,0.5765029102697541f,0.4235513481739069f,-0.6987479158541867f,-0.38038992495511786f,0f,0f,0f,1f],start_interpolation:0}
execute if entity @s[tag=aj.folklore_microphone.bone.microphone] run data modify entity @s {} merge value {transformation:[-0.7739043865708405f,0.5520597002829825f,-0.3103257768376239f,-0.3084305631904733f,0.2621381217925295f,0.7253061233768087f,0.6365647119462331f,0.43860127277968564f,0.5765029102697541f,0.41129200662737087f,-0.7060334834375311f,0.14217266563048847f,0f,0f,0f,1f],start_interpolation:0}
execute if entity @s[tag=aj.folklore_microphone.bone.right_bend] run data modify entity @s {} merge value {transformation:[-0.7739043865708405f,-0.3103257768376238f,-0.5520597002829826f,-0.5081696419349865f,0.2621381217925295f,0.6365647119462332f,-0.7253061233768086f,0.6154300024155939f,0.5765029102697541f,-0.706033483437531f,-0.41129200662737103f,-0.2021360910813112f,0f,0f,0f,1f],start_interpolation:0}
execute if entity @s[tag=aj.folklore_microphone.bone.head] run data modify entity @s {} merge value {transformation:[-0.9874759456269815f,0.14273296931445192f,-0.06722020736934989f,0f,0.0006359713449132498f,0.4296632557863135f,0.9029889712325136f,0.8125f,0.15776835027516492f,0.8916371381328756f,-0.4243729038872158f,0f,0f,0f,0f,1f],start_interpolation:0}