execute if entity @s[tag=aj.folklore_microphone.bone.left_straight] run data modify entity @s {} merge value {transformation:[-0.9885756838199802f,0.03687123825377271f,0.14614591732064258f,-0.02914256223212741f,-0.1364910876348297f,0.19233292397289803f,-0.9717912478265568f,0.7238023007980653f,-0.06393981823652463f,-0.9806368125588946f,-0.1851030564259036f,0.30491201163152937f,0f,0f,0f,1f],start_interpolation:0}
execute if entity @s[tag=aj.folklore_microphone.bone.left_bend] run data modify entity @s {} merge value {transformation:[-0.9885756838199802f,0.059900412150777134f,0.13831145283029023f,0.32992328565483525f,-0.1364910876348297f,0.033503678544359844f,-0.9900745863419872f,0.7216251535101632f,-0.06393981823652463f,-0.9976419418549738f,-0.024945049523241253f,0.30523880470958553f,0f,0f,0f,1f],start_interpolation:0}
execute if entity @s[tag=aj.folklore_microphone.bone.right_straight] run data modify entity @s {} merge value {transformation:[-0.77390438657084f,0.2290378853512359f,-0.590435134049665f,-0.14273996101435038f,0.2621381217925304f,0.9645461472410582f,0.030566892964698285f,0.3310786734030322f,0.5765029102697541f,-0.13111970453087873f,-0.8065060554851643f,-0.1595787059802617f,0f,0f,0f,1f],start_interpolation:0}
execute if entity @s[tag=aj.folklore_microphone.bone.microphone] run data modify entity @s {} merge value {transformation:[-0.77390438657084f,0.2186984878376402f,-0.5943424701835981f,-0.14875784327620295f,0.2621381217925304f,0.9649327080304941f,0.01372858608967872f,0.6393574442043257f,0.5765029102697541f,-0.14517520583924365f,-0.8040948663311047f,0.26523461619139793f,0f,0f,0f,1f],start_interpolation:0}
execute if entity @s[tag=aj.folklore_microphone.bone.right_bend] run data modify entity @s {} merge value {transformation:[-0.77390438657084f,-0.5943424701835981f,-0.21869848783764034f,-0.4259022598023645f,0.2621381217925304f,0.013728586089678935f,-0.9649327080304941f,0.5264408182037275f,0.5765029102697541f,-0.8040948663311047f,0.14517520583924348f,-0.051235646411260785f,0f,0f,0f,1f],start_interpolation:0}
execute if entity @s[tag=aj.folklore_microphone.bone.head] run data modify entity @s {} merge value {transformation:[-0.9537060008131556f,-0.032823245813293225f,-0.29894397225442976f,0f,-0.0093814326328518f,0.9967894678838021f,-0.07951569302774068f,0.8125f,0.300594166168827f,-0.07303007086267103f,-0.9509520261375233f,0f,0f,0f,0f,1f],start_interpolation:0}