execute if entity @s[tag=aj.folklore_microphone.bone.left_straight] run data modify entity @s {} merge value {transformation:[-0.913340949140983f,-0.3644253239975899f,0.18166588521651464f,0.15110772734741065f,-0.2367862805833772f,0.11237291518233072f,-0.9650412350054866f,0.7188452663188232f,0.3312711396269503f,-0.9244276668094028f,-0.18892570203015066f,0.42351580791390925f,0f,0f,0f,1f],start_interpolation:0}
execute if entity @s[tag=aj.folklore_microphone.bone.left_bend] run data modify entity @s {} merge value {transformation:[-0.913340949140983f,-0.3211339347938652f,0.25036235049635114f,0.48040949649909626f,-0.2367862805833772f,-0.08134257497652551f,-0.968150630234613f,0.7516101568066259f,0.3312711396269503f,-0.9435339853020652f,-0.0017466053543128135f,0.2841603750535261f,0f,0f,0f,1f],start_interpolation:0}
execute if entity @s[tag=aj.folklore_microphone.bone.right_straight] run data modify entity @s {} merge value {transformation:[-0.7739043865708398f,0.3197054208647018f,-0.5466813004997848f,-0.18025958226158542f,0.26213812179253126f,0.9475155299600073f,0.1830243852269161f,0.3293643399745151f,0.5765029102697541f,-0.0016626347555704103f,-0.8170934035324073f,-0.20916597919499247f,0f,0f,0f,1f],start_interpolation:0}
execute if entity @s[tag=aj.folklore_microphone.bone.microphone] run data modify entity @s {} merge value {transformation:[-0.7739043865708398f,0.3101158239325911f,-0.552177667234942f,-0.17891576791002717f,0.26213812179253126f,0.950565434714314f,0.16646008359204728f,0.5832953580105702f,0.5765029102697541f,-0.01592262770391496f,-0.8169399392718576f,0.2502419075139292f,0f,0f,0f,1f],start_interpolation:0}
execute if entity @s[tag=aj.folklore_microphone.bone.right_bend] run data modify entity @s {} merge value {transformation:[-0.7739043865708398f,-0.5521776672349419f,-0.3101158239325912f,-0.4497518608186134f,0.26213812179253126f,0.1664600835920475f,-0.950565434714314f,0.5359417552682141f,0.5765029102697541f,-0.8169399392718576f,0.01592262770391478f,-0.08757174856899475f,0f,0f,0f,1f],start_interpolation:0}
execute if entity @s[tag=aj.folklore_microphone.bone.head] run data modify entity @s {} merge value {transformation:[-0.8689438676247462f,-0.028243473804106432f,-0.4941040994616664f,0f,-0.0031211506220894854f,0.9986631811072417f,-0.0515956308184972f,0.8125f,0.49490081161394534f,-0.04329153367855176f,-0.8678703991815927f,0f,0f,0f,0f,1f],start_interpolation:0}