execute if entity @s[tag=aj.folklore_microphone.bone.left_straight] run data modify entity @s {} merge value {transformation:[-0.941228551106479f,0.10516964776715557f,0.3209799990194574f,-0.04834868080188187f,-0.18606121548309013f,0.6316806028218243f,-0.7525694918820531f,0.5240187341440777f,-0.2819043076559022f,-0.7680618212144052f,-0.5749878260605674f,0.16649082648874453f,0f,0f,0f,1f],start_interpolation:0}
execute if entity @s[tag=aj.folklore_microphone.bone.left_bend] run data modify entity @s {} merge value {transformation:[-0.941228551106479f,0.3364556854197922f,0.02977224094179433f,0.3043113820873167f,-0.18606121548309013f,-0.4428940622777777f,-0.8770553424340124f,0.5568697739418158f,-0.2819043076559022f,-0.8310489885366479f,0.4794658903167781f,0.22552318295540202f,0f,0f,0f,1f],start_interpolation:0}
execute if entity @s[tag=aj.folklore_microphone.bone.right_straight] run data modify entity @s {} merge value {transformation:[-0.7447833365625104f,0.09905934855896954f,-0.659912893526022f,-0.09827641839179932f,0.2665371569055339f,0.9507699547399675f,-0.1580962907612788f,0.34524093336121553f,0.6117644363376552f,-0.2936387893770723f,-0.7345206163244421f,-0.1122634932260682f,0f,0f,0f,1f],start_interpolation:0}
execute if entity @s[tag=aj.folklore_microphone.bone.microphone] run data modify entity @s {} merge value {transformation:[-0.7447833365625104f,0.08752719330935928f,-0.6615412096084418f,-0.1030007710452811f,0.2665371569055339f,0.9478659871481102f,-0.17466543560891895f,0.7138536348702486f,0.6117644363376552f,-0.306413219099837f,-0.7292840417788847f,0.26142184352989056f,0f,0f,0f,1f],start_interpolation:0}
execute if entity @s[tag=aj.folklore_microphone.bone.right_bend] run data modify entity @s {} merge value {transformation:[-0.7447833365625104f,-0.6615412096084418f,-0.08752719330935943f,-0.3919231592406516f,0.2665371569055339f,-0.17466543560891873f,-0.9478659871481102f,0.5243765972516565f,0.6117644363376552f,-0.7292840417788848f,0.3064132190998368f,-0.003785480964640639f,0f,0f,0f,1f],start_interpolation:0}