execute if entity @s[tag=aj.folklore_microphone.bone.left_straight] run data modify entity @s {} merge value {transformation:[-0.8795726661535396f,-0.03165926691594115f,0.47471003336131357f,0.018158004396859495f,-0.17657962735913513f,0.9482385250195333f,-0.263938126973897f,0.37806986096253287f,-0.44178225423534523f,-0.31597688283658537f,-0.8396350691554109f,-0.05096725133504115f,0f,0f,0f,1f],start_interpolation:0}
execute if entity @s[tag=aj.folklore_microphone.bone.left_bend] run data modify entity @s {} merge value {transformation:[-0.8795726661535396f,0.04150276793933788f,0.47395088902641347f,0.3556222250934779f,-0.17657962735913513f,0.8965556878914561f,-0.406211193483374f,0.438160553117675f,-0.44178225423534523f,-0.44098233384439744f,-0.7812573334567077f,0.05599133106371955f,0f,0f,0f,1f],start_interpolation:0}
execute if entity @s[tag=aj.folklore_microphone.bone.head] run data modify entity @s {} merge value {transformation:[-1f,-8.461808814855051e-17f,8.85289612765377e-17f,0f,0f,0.7228938281484507f,0.6909591255818814f,0.8125f,-1.2246467991473532e-16f,0.6909591255818814f,-0.7228938281484507f,0f,0f,0f,0f,1f],start_interpolation:0}