execute if entity @s[tag=aj.folklore_microphone.bone.left_straight] run data modify entity @s {} merge value {transformation:[-0.9960117240984303f,-0.057006406813691575f,0.06863610595498755f,0.008824261596285576f,-0.07564120734806905f,0.13153066862494622f,-0.9884220206784148f,1.2336027634916849f,0.04731863490633264f,-0.9896716388748675f,-0.1353181214669148f,0.34516015469359373f,0f,0f,0f,1f],start_interpolation:0}
execute if entity @s[tag=aj.folklore_microphone.bone.left_bend] run data modify entity @s {} merge value {transformation:[-0.9960117240984303f,-0.004936478999643924f,0.08908578244343177f,0.3631535157713851f,-0.07564120734806905f,-0.48281331336609434f,-0.8724504067208517f,1.1766228095365043f,0.04731863490633264f,-0.8757093899299809f,0.480514319431858f,0.21663909371215112f,0f,0f,0f,1f],start_interpolation:0}
execute if entity @s[tag=aj.folklore_microphone.bone.right_straight] run data modify entity @s {} merge value {transformation:[-0.8665522273043615f,0.1499654904901412f,-0.47602267699753703f,0.006245897189825045f,0.23502397782456258f,0.9640307061196652f,-0.12413109000544219f,0.8124882072607517f,0.4402850976371669f,-0.21944281560459214f,-0.870628441689197f,-0.07652183579972616f,0f,0f,0f,1f],start_interpolation:0}
execute if entity @s[tag=aj.folklore_microphone.bone.microphone] run data modify entity @s {} merge value {transformation:[-0.8665522273043615f,0.320569185118719f,-0.3825214175783764f,-0.10508599057680917f,0.23502397782456258f,0.9382487002944232f,0.2538761632043178f,0.9948884020470575f,0.4402850976371669f,0.13009524952182663f,-0.8883829460601347f,0.35735995210625f,0f,0f,0f,1f],start_interpolation:0}
execute if entity @s[tag=aj.folklore_microphone.bone.right_bend] run data modify entity @s {} merge value {transformation:[-0.8665522273043615f,-0.3825214175783763f,-0.3205691851187191f,-0.3065848606987436f,0.23502397782456258f,0.253876163204318f,-0.9382487002944231f,0.9854998632977979f,0.4402850976371669f,-0.8883829460601347f,-0.13009524952182683f,-0.028674605712760252f,0f,0f,0f,1f],start_interpolation:0}
execute if entity @s[tag=aj.folklore_microphone.bone.head] run data modify entity @s {} merge value {transformation:[-1f,-1.9468724207774375e-17f,1.209072644812552e-16f,0f,0f,0.9872827378917378f,0.15897419746925612f,1.27625f,-1.2246467991473532e-16f,0.15897419746925612f,-0.9872827378917378f,0f,0f,0f,0f,1f],start_interpolation:0}
execute if entity @s[tag=aj.folklore_microphone.bone.hair] run data modify entity @s {} merge value {transformation:[-1f,0f,1.2246467991473532e-16f,-0.010937499999999998f,0f,1f,0f,0.87f,-1.2246467991473532e-16f,0f,-1f,-0.007968750000000002f,0f,0f,0f,1f],start_interpolation:0}
execute if entity @s[tag=aj.folklore_microphone.bone.outfit] run data modify entity @s {} merge value {transformation:[-1f,0f,1.2246467991473532e-16f,0f,0f,1f,0f,-0.16125f,-1.2246467991473532e-16f,0f,-1f,0f,0f,0f,0f,1f],start_interpolation:0}
execute if entity @s[tag=aj.folklore_microphone.bone.chest] run data modify entity @s {} merge value {transformation:[-1f,0f,1.2246467991473532e-16f,-0.010937499999999998f,0f,1f,0f,0.52625f,-1.2246467991473532e-16f,0f,-1f,-0.007968750000000002f,0f,0f,0f,1f],start_interpolation:0}
execute if entity @s[tag=aj.folklore_microphone.bone.right_leg] run data modify entity @s {} merge value {transformation:[-1f,-3.7965614501836746e-17f,1.1643113819814912e-16f,0.10625000000000001f,0f,0.9507323930394708f,0.3100127688103205f,0.5585f,-1.2246467991473532e-16f,0.3100127688103205f,-0.9507323930394708f,-0.062499999999999986f,0f,0f,0f,1f],start_interpolation:0}
execute if entity @s[tag=aj.folklore_microphone.bone.left_leg] run data modify entity @s {} merge value {transformation:[-1f,-3.7965614501836746e-17f,1.1643113819814912e-16f,-0.10624999999999998f,0f,0.9507323930394708f,0.3100127688103205f,0.5585f,-1.2246467991473532e-16f,0.3100127688103205f,-0.9507323930394708f,-0.06250000000000001f,0f,0f,0f,1f],start_interpolation:0}
execute if entity @s[tag=aj.folklore_microphone.bone.waist] run data modify entity @s {} merge value {transformation:[-1f,0f,1.2246467991473532e-16f,0f,0f,1f,0f,1.33875f,-1.2246467991473532e-16f,0f,-1f,0f,0f,0f,0f,1f],start_interpolation:0}