execute if entity @s[tag=aj.folklore_microphone.bone.left_straight] run data modify entity @s {} merge value {transformation:[-0.8232111464591906f,0.5222457587603192f,0.22267190168991574f,-0.16274551216839606f,-0.03224223035703405f,0.34857271563803616f,-0.9367270149271498f,0.6983230516432466f,-0.566819060130258f,-0.7783035586257995f,-0.270110576807847f,0.052778460969099356f,0f,0f,0f,1f],start_interpolation:0}
execute if entity @s[tag=aj.folklore_microphone.bone.left_bend] run data modify entity @s {} merge value {transformation:[-0.8232111464591906f,0.567281285844063f,-0.02270134525642803f,0.1479078404648803f,-0.03224223035703405f,-0.08663481165501613f,-0.9957182573354291f,0.6630352316357364f,-0.566819060130258f,-0.8189544261682737f,0.08960915652122065f,0.22936383448467484f,0f,0f,0f,1f],start_interpolation:0}
execute if entity @s[tag=aj.folklore_microphone.bone.right_straight] run data modify entity @s {} merge value {transformation:[-0.7737305279067591f,0.12058786251772505f,-0.6219321808674433f,-0.09905586616872242f,0.26216933717358837f,0.9546569750732842f,-0.14105778457741414f,0.3442592469462546f,0.576722037753968f,-0.27219226175138245f,-0.7702616852807738f,-0.10696246923586467f,0f,0f,0f,1f],start_interpolation:0}
execute if entity @s[tag=aj.folklore_microphone.bone.microphone] run data modify entity @s {} merge value {transformation:[-0.7737305279067591f,0.10971528320525836f,-0.6239420059719637f,-0.1206908991009944f,0.26216933717358837f,0.9520497784044079f,-0.15769736233076098f,0.7067463190691419f,0.576722037753968f,-0.285593725546112f,-0.7653939607140906f,0.2720803014668524f,0f,0f,0f,1f],start_interpolation:0}
execute if entity @s[tag=aj.folklore_microphone.bone.right_bend] run data modify entity @s {} merge value {transformation:[-0.7737305279067591f,-0.6239420059719637f,-0.1097152832052585f,-0.39672387991484986f,0.26216933717358837f,-0.15769736233076076f,-0.9520497784044079f,0.5238279730396986f,0.576722037753968f,-0.7653939607140907f,0.28559372554611184f,-0.010867204865420997f,0f,0f,0f,1f],start_interpolation:0}
execute if entity @s[tag=aj.folklore_microphone.bone.head] run data modify entity @s {} merge value {transformation:[-0.9892451785651047f,-0.009735772859109369f,0.14594242499194648f,0f,-0.021041733857508606f,0.9968761275804604f,-0.07612641917531315f,0.8125f,-0.1447453699500052f,-0.07837857479580462f,-0.9863597603770212f,0f,0f,0f,0f,1f],start_interpolation:0}