execute if entity @s[tag=aj.folklore_microphone.bone.left_straight] run data modify entity @s {} merge value {transformation:[-0.8527170083641409f,0.40063787600195755f,0.3352059008417807f,-0.1322244376351931f,-0.18277361636576436f,0.3723089531914343f,-0.909933980316198f,0.6342726009477049f,-0.4893541752218837f,-0.8371829762280997f,-0.24424814330260833f,0.10165975082884714f,0f,0f,0f,1f],start_interpolation:0}
execute if entity @s[tag=aj.folklore_microphone.bone.left_bend] run data modify entity @s {} merge value {transformation:[-0.8527170083641409f,0.5216250652579487f,0.02794628671488042f,0.21718749760021794f,-0.18277361636576436f,-0.24781358304009432f,-0.9514106543556313f,0.6506900576796011f,-0.4893541752218837f,-0.816391890794777f,0.30665415672617113f,0.2114724890905622f,0f,0f,0f,1f],start_interpolation:0}
execute if entity @s[tag=aj.folklore_microphone.bone.right_straight] run data modify entity @s {} merge value {transformation:[-0.9926854434583152f,0.10649594761513026f,-0.05687023375653994f,-0.051537850615356096f,0.1079573709766754f,0.9938832293195887f,-0.02326655387181834f,0.37395944037630713f,0.054044577875792026f,-0.0292359302711778f,-0.9981104367670975f,-0.014729578339249885f,0f,0f,0f,1f],start_interpolation:0}
execute if entity @s[tag=aj.folklore_microphone.bone.microphone] run data modify entity @s {} merge value {transformation:[-0.9926854434583152f,0.08520802614159256f,0.08552895782728644f,-0.39791328789276886f,0.1079573709766754f,0.3093642437203798f,0.9447957296469548f,0.15999588319543373f,0.054044577875792026f,0.9471184492915187f,-0.3163002159560697f,0.1634953045232883f,0f,0f,0f,1f],start_interpolation:0}
execute if entity @s[tag=aj.folklore_microphone.bone.right_bend] run data modify entity @s {} merge value {transformation:[-0.9926854434583152f,0.08552895782728645f,-0.08520802614159255f,-0.37514638023534996f,0.1079573709766754f,0.9447957296469549f,-0.3093642437203796f,0.516599147036995f,0.054044577875792026f,-0.3163002159560695f,-0.9471184492915188f,-0.08555970804230051f,0f,0f,0f,1f],start_interpolation:0}
execute if entity @s[tag=aj.folklore_microphone.bone.head] run data modify entity @s {} merge value {transformation:[-1f,-9.872422714784747e-17f,7.246464517734695e-17f,0f,0f,0.5917187325178138f,0.8061444917553626f,0.8125f,-1.2246467991473532e-16f,0.8061444917553626f,-0.5917187325178138f,0f,0f,0f,0f,1f],start_interpolation:0}