execute if entity @s[tag=aj.folklore_microphone.bone.left_straight] run data modify entity @s {} merge value {transformation:[-0.8505381783710735f,-0.49131611540451514f,0.18759872568072825f,0.2222297415684823f,-0.26685886892988775f,0.09581156612599828f,-0.9589611503444468f,0.7142648632823267f,0.4531789395003666f,-0.8656954536904425f,-0.21260345776356124f,0.445287425715252f,0f,0f,0f,1f],start_interpolation:0}
execute if entity @s[tag=aj.folklore_microphone.bone.left_bend] run data modify entity @s {} merge value {transformation:[-0.8505381783710735f,-0.4202294585214558f,0.3162151313963012f,0.5279935432766931f,-0.26685886892988775f,-0.1732597741984292f,-0.9480334354431655f,0.7578206627027506f,0.4531789395003666f,-0.8907234435196336f,0.03522209473966076f,0.262135795133916f,0f,0f,0f,1f],start_interpolation:0}
execute if entity @s[tag=aj.folklore_microphone.bone.right_straight] run data modify entity @s {} merge value {transformation:[-0.7739043865708396f,0.36018851059131635f,-0.5208994502631212f,-0.19735269605136668f,0.26213812179253176f,0.9309336851645826f,0.25425593194451446f,0.3319054595507979f,0.5765029102697543f,0.0602221775087797f,-0.8148728022130844f,-0.2332674361131225f,0f,0f,0f,1f],start_interpolation:0}
execute if entity @s[tag=aj.folklore_microphone.bone.microphone] run data modify entity @s {} merge value {transformation:[-0.7739043865708396f,0.3510427032175915f,-0.5271062710346925f,-0.19478071812673237f,0.26213812179253176f,0.9352292773186395f,0.23797017449491253f,0.5583717274978014f,0.5765029102697543f,0.04599151404054146f,-0.8157997150568038f,0.24027748101714033f,0f,0f,0f,1f],start_interpolation:0}
execute if entity @s[tag=aj.folklore_microphone.bone.right_bend] run data modify entity @s {} merge value {transformation:[-0.7739043865708396f,-0.5271062710346924f,-0.3510427032175916f,-0.4602055373289324f,0.26213812179253176f,0.23797017449491273f,-0.9352292773186395f,0.5427795666868666f,0.5765029102697543f,-0.8157997150568038f,-0.045991514040541644f,-0.10471406818878828f,0f,0f,0f,1f],start_interpolation:0}
execute if entity @s[tag=aj.folklore_microphone.bone.head] run data modify entity @s {} merge value {transformation:[-0.8310503297641305f,-0.01331343933624793f,-0.5560378599807481f,0f,-0.0008680115449273282f,0.9997433070209663f,-0.022639934247693956f,0.8125f,0.5561965443571975f,-0.018332277540504316f,-0.830848561198303f,0f,0f,0f,0f,1f],start_interpolation:0}