execute if entity @s[tag=aj.folklore_microphone.bone.left_straight] run data modify entity @s {} merge value {transformation:[-0.9481579112963316f,0.28282463338621644f,0.14493723467808392f,-0.11004791317861573f,-0.08133135652155737f,0.22492893148717064f,-0.9709748638489067f,0.7306912965767421f,-0.3072161872241452f,-0.9324254407350713f,-0.19026563477797828f,0.20022453977526272f,0f,0f,0f,1f],start_interpolation:0}
execute if entity @s[tag=aj.folklore_microphone.bone.left_bend] run data modify entity @s {} merge value {transformation:[-0.9481579112963316f,0.3164914630396399f,0.0288050181254237f,0.23769076248016885f,-0.08133135652155737f,-0.15403355530089122f,-0.9847125846091999f,0.709401650692311f,-0.3072161872241452f,-0.93600577864904f,0.17178881408014723f,0.28715954027565177f,0f,0f,0f,1f],start_interpolation:0}
execute if entity @s[tag=aj.folklore_microphone.bone.right_straight] run data modify entity @s {} merge value {transformation:[-0.7739043865708405f,0.10817301794120744f,-0.6239956719688866f,-0.0940747268095567f,0.2621381217925294f,0.9516504855896977f,-0.16014043330769945f,0.34647525117872646f,0.5765029102697541f,-0.28750643726077496f,-0.7648427570318751f,-0.10125079879120785f,0f,0f,0f,1f],start_interpolation:0}
execute if entity @s[tag=aj.folklore_microphone.bone.microphone] run data modify entity @s {} merge value {transformation:[-0.7739043865708405f,0.0972663165843203f,-0.6257885138803124f,-0.11806989977057603f,0.2621381217925294f,0.9487107086821911f,-0.17672463420479884f,0.7145200135814618f,0.5765029102697541f,-0.3008109952941443f,-0.7597085885789696f,0.2722537643277466f,0f,0f,0f,1f],start_interpolation:0}
execute if entity @s[tag=aj.folklore_microphone.bone.right_bend] run data modify entity @s {} merge value {transformation:[-0.7739043865708405f,-0.6257885138803124f,-0.09726631658432044f,-0.39333548536392604f,0.2621381217925294f,-0.17672463420479861f,-0.9487107086821911f,0.5240678201544997f,0.5765029102697541f,-0.7597085885789697f,0.3008109952941441f,-0.006438608294093123f,0f,0f,0f,1f],start_interpolation:0}
execute if entity @s[tag=aj.folklore_microphone.bone.head] run data modify entity @s {} merge value {transformation:[-0.9519068636043956f,-0.0012380206322225808f,0.3063850360702314f,0f,-0.023430990104006195f,0.9973575098817071f,-0.06876762454314128f,0.8125f,-0.3054902809020096f,-0.07263927854456345f,-0.9494204671729679f,0f,0f,0f,0f,1f],start_interpolation:0}