execute if entity @s[tag=aj.folklore_microphone.bone.left_straight] run data modify entity @s {} merge value {transformation:[-0.9931621062350251f,0.016800866862379422f,0.115528185355269f,-0.021322416822061985f,-0.1056768845338269f,0.2911689298691663f,-0.9508170435757178f,0.6952890116000947f,-0.04961276865921722f,-0.9565241163460109f,-0.2874024843915757f,0.30622848292724125f,0f,0f,0f,1f],start_interpolation:0}
execute if entity @s[tag=aj.folklore_microphone.bone.left_bend] run data modify entity @s {} merge value {transformation:[-0.9931621062350251f,0.07587196417093182f,0.08872697330380219f,0.3374496749266077f,-0.1056768845338269f,-0.2612875727566484f,-0.9594588059933388f,0.6845616512990625f,-0.04961276865921722f,-0.9622745187189485f,0.26751882888907635f,0.2961965436297541f,0f,0f,0f,1f],start_interpolation:0}
execute if entity @s[tag=aj.folklore_microphone.bone.right_straight] run data modify entity @s {} merge value {transformation:[-0.7436581379181688f,0.10225250001196545f,-0.6606943318580726f,-0.09984563194461049f,0.26667497779927896f,0.9515824760731958f,-0.15288965774753982f,0.3445962886218596f,0.6130717985063706f,-0.28988828446784254f,-0.7349202354027649f,-0.11413012862230551f,0f,0f,0f,1f],start_interpolation:0}
execute if entity @s[tag=aj.folklore_microphone.bone.microphone] run data modify entity @s {} merge value {transformation:[-0.7436581379181688f,0.09070622045054588f,-0.6623782571006229f,-0.10317343863149131f,0.26667497779927896f,0.9487692530059294f,-0.16947377604315333f,0.7117334414489934f,0.6130717985063706f,-0.30267025972524586f,-0.7297490553293072f,0.26101998912369334f,0f,0f,0f,1f],start_interpolation:0}
execute if entity @s[tag=aj.folklore_microphone.bone.right_bend] run data modify entity @s {} merge value {transformation:[-0.7436581379181688f,-0.6623782571006229f,-0.09070622045054604f,-0.39283567443639267f,0.26667497779927896f,-0.1694737760431531f,-0.9487692530059294f,0.5243133220375318f,0.6130717985063706f,-0.7297490553293073f,0.3026702597252457f,-0.004841078238717746f,0f,0f,0f,1f],start_interpolation:0}