execute if entity @s[tag=aj.folklore_microphone.bone.left_straight] run data modify entity @s {} merge value {transformation:[-0.7917380369158526f,-0.006999452158152377f,0.6108206680934409f,0.03233388818572214f,-0.244540042673242f,0.9199467779391939f,-0.3064279577464571f,0.36724522673375837f,-0.5597776776810601f,-0.39198078196358205f,-0.7300685023620851f,-0.06934204402218049f,0f,0f,0f,1f],start_interpolation:0}
execute if entity @s[tag=aj.folklore_microphone.bone.left_bend] run data modify entity @s {} merge value {transformation:[-0.9891031008587035f,0.11412544126199775f,0.09300773907826973f,0.34637479455930714f,-0.14513848870581625f,-0.6498996685394187f,-0.7460330019030961f,0.44876995827280225f,-0.02469564673963559f,-0.7514025582130444f,0.6593817714670336f,0.0844927932363433f,0f,0f,0f,1f],start_interpolation:0}
execute if entity @s[tag=aj.folklore_microphone.bone.right_straight] run data modify entity @s {} merge value {transformation:[-0.7739043865708405f,0.10609322604009937f,-0.6243526470151428f,-0.09324934115238614f,0.26213812179252927f,0.9511116050351278f,-0.16331050140939515f,0.34685693516979293f,0.5765029102697541f,-0.29005334363855784f,-0.76388052226418f,-0.10031634443449286f,0f,0f,0f,1f],start_interpolation:0}
execute if entity @s[tag=aj.folklore_microphone.bone.microphone] run data modify entity @s {} merge value {transformation:[-0.7739043865708405f,0.09518061137199724f,-0.6261091371839769f,-0.11762655180465148f,0.26213812179252927f,0.9481165848847952f,-0.17988481472730858f,0.7158171966929318f,0.5765029102697541f,-0.3033407204534957f,-0.7587020507190276f,0.2722590857078991f,0f,0f,0f,1f],start_interpolation:0}
execute if entity @s[tag=aj.folklore_microphone.bone.right_bend] run data modify entity @s {} merge value {transformation:[-0.7739043865708405f,-0.6261091371839769f,-0.09518061137199738f,-0.3927681987116258f,0.26213812179252927f,-0.17988481472730836f,-0.9481165848847952f,0.5241186316805615f,0.5765029102697541f,-0.7587020507190277f,0.3033407204534955f,-0.005700180121281782f,0f,0f,0f,1f],start_interpolation:0}
execute if entity @s[tag=aj.folklore_microphone.bone.head] run data modify entity @s {} merge value {transformation:[-0.9999899801243932f,0.0001497042938363095f,-0.004474062967829092f,0f,0.0003205842119629252f,0.9992694052253778f,-0.038217182081921305f,0.8125f,0.004465072964547477f,-0.03821823346446161f,-0.9992594406630728f,0f,0f,0f,0f,1f],start_interpolation:0}