execute if entity @s[tag=aj.folklore_microphone.bone.left_bend] run data modify entity @s {} merge value {transformation:[-0.9576398369627104f,0.2519004154644977f,0.1395425503237164f,0.3459558612300571f,-0.19243017782072427f,-0.19927455728037768f,-0.9608643387516227f,0.45277933702066775f,-0.2142348461990206f,-0.9470141664777368f,0.2393064962857449f,0.09357415277254709f,0f,0f,0f,1f],start_interpolation:0}
execute if entity @s[tag=aj.folklore_microphone.bone.right_straight] run data modify entity @s {} merge value {transformation:[-0.7739043865708405f,0.07674329415052171f,-0.628635400887778f,-0.08164269862305767f,0.2621381217925292f,0.9424219034858189f,-0.20766453942175822f,0.3526428756555118f,0.576502910269754f,-0.3255018012747277f,-0.7494617880969059f,-0.08736633869803617f,0f,0f,0f,1f],start_interpolation:0}
execute if entity @s[tag=aj.folklore_microphone.bone.microphone] run data modify entity @s {} merge value {transformation:[-0.7739043865708405f,0.06576040525794986f,-0.6298790118322098f,-0.11166003984534317f,0.2621381217925292f,0.9386541221205953f,-0.22408044120159154f,0.7341360542662481f,0.576502910269754f,-0.3385321375088708f,-0.7436668517045645f,0.27193894657845125f,0f,0f,0f,1f],start_interpolation:0}
execute if entity @s[tag=aj.folklore_microphone.bone.right_bend] run data modify entity @s {} merge value {transformation:[-0.7739043865708405f,-0.6298790118322098f,-0.06576040525795f,-0.3847390849633569f,0.2621381217925292f,-0.22408044120159132f,-0.9386541221205953f,0.5251493912360767f,0.576502910269754f,-0.7436668517045646f,0.3385321375088706f,0.004609507601505289f,0f,0f,0f,1f],start_interpolation:0}
execute if entity @s[tag=aj.folklore_microphone.bone.head] run data modify entity @s {} merge value {transformation:[-0.9997349960072157f,0.0008777777818262118f,-0.02300363589996245f,0f,0.0016482998401310457f,0.9994374205325128f,-0.033498142440353235f,0.8125f,0.022961290601560987f,-0.03352718218823203f,-0.9991740124665112f,0f,0f,0f,0f,1f],start_interpolation:0}