execute if entity @s[tag=aj.folklore_microphone.bone.left_straight] run data modify entity @s {} merge value {transformation:[-0.9963355846481017f,-0.07528359602777189f,0.04059289264209464f,0.01732103460399881f,-0.07949751510291331f,0.6400370131447828f,-0.764220365403309f,0.9492127743192311f,0.03155230350366586f,-0.7646469786599775f,-0.6436765105002513f,0.2800923965929147f,0f,0f,0f,1f],start_interpolation:0}
execute if entity @s[tag=aj.folklore_microphone.bone.left_bend] run data modify entity @s {} merge value {transformation:[-0.9963355846481017f,-0.05429604140478463f,0.0660858733141606f,0.36906702957595805f,-0.07949751510291331f,0.302843442418561f,-0.9497189028741808f,0.9574062420841921f,0.03155230350366586f,-0.9514924010583823f,-0.30605009863054594f,0.16665889960025615f,0f,0f,0f,1f],start_interpolation:0}
execute if entity @s[tag=aj.folklore_microphone.bone.right_straight] run data modify entity @s {} merge value {transformation:[-0.8478670269020364f,0.14612824385975948f,-0.509674446130826f,-0.0904007649642512f,0.24245022284221748f,0.9617375407707313f,-0.1275883698305809f,0.7373437914539899f,0.4715287839952728f,-0.23174865483693463f,-0.8508543746406965f,-0.08322991705698912f,0f,0f,0f,1f],start_interpolation:0}
execute if entity @s[tag=aj.folklore_microphone.bone.microphone] run data modify entity @s {} merge value {transformation:[-0.8478670269020364f,0.26739376713225915f,-0.45784503709346985f,-0.1739814936015242f,0.24245022284221748f,0.9634768446442377f,0.11371129793535245f,0.9833074027045908f,0.4715287839952728f,-0.01459257116489618f,-0.8817299261853012f,0.3406587839713419f,0f,0f,0f,1f],start_interpolation:0}
execute if entity @s[tag=aj.folklore_microphone.bone.right_bend] run data modify entity @s {} merge value {transformation:[-0.8478670269020364f,-0.4578450370934698f,-0.26739376713225926f,-0.4003192442650839f,0.24245022284221748f,0.11371129793535266f,-0.9634768446442377f,0.9122796099159346f,0.4715287839952728f,-0.8817299261853012f,0.014592571164895984f,-0.02463410458099937f,0f,0f,0f,1f],start_interpolation:0}
execute if entity @s[tag=aj.folklore_microphone.bone.head] run data modify entity @s {} merge value {transformation:[-1f,-3.2415802400275676e-17f,1.180966281540877e-16f,0f,0f,0.9643321505948586f,0.26469511391239353f,1.2025000000000001f,-1.2246467991473532e-16f,0.26469511391239353f,-0.9643321505948586f,0f,0f,0f,0f,1f],start_interpolation:0}
execute if entity @s[tag=aj.folklore_microphone.bone.hair] run data modify entity @s {} merge value {transformation:[-1f,0f,1.2246467991473532e-16f,-0.010937499999999998f,0f,1f,0f,0.79625f,-1.2246467991473532e-16f,0f,-1f,-0.007968750000000002f,0f,0f,0f,1f],start_interpolation:0}
execute if entity @s[tag=aj.folklore_microphone.bone.outfit] run data modify entity @s {} merge value {transformation:[-1f,0f,1.2246467991473532e-16f,0f,0f,1f,0f,-0.235f,-1.2246467991473532e-16f,0f,-1f,0f,0f,0f,0f,1f],start_interpolation:0}
execute if entity @s[tag=aj.folklore_microphone.bone.chest] run data modify entity @s {} merge value {transformation:[-1f,0f,1.2246467991473532e-16f,-0.010937499999999998f,0f,1f,0f,0.4525f,-1.2246467991473532e-16f,0f,-1f,-0.007968750000000002f,0f,0f,0f,1f],start_interpolation:0}
execute if entity @s[tag=aj.folklore_microphone.bone.right_leg] run data modify entity @s {} merge value {transformation:[-1f,-5.429889147216801e-17f,1.0976897654397756e-16f,0.10625000000000001f,0f,0.896331714747493f,0.44338409662257733f,0.49949999999999994f,-1.2246467991473532e-16f,0.44338409662257733f,-0.896331714747493f,-0.062499999999999986f,0f,0f,0f,1f],start_interpolation:0}
execute if entity @s[tag=aj.folklore_microphone.bone.left_leg] run data modify entity @s {} merge value {transformation:[-1f,-5.429889147216801e-17f,1.0976897654397756e-16f,-0.10624999999999998f,0f,0.896331714747493f,0.44338409662257733f,0.49949999999999994f,-1.2246467991473532e-16f,0.44338409662257733f,-0.896331714747493f,-0.06250000000000001f,0f,0f,0f,1f],start_interpolation:0}
execute if entity @s[tag=aj.folklore_microphone.bone.waist] run data modify entity @s {} merge value {transformation:[-1f,0f,1.2246467991473532e-16f,0f,0f,1f,0f,1.265f,-1.2246467991473532e-16f,0f,-1f,0f,0f,0f,0f,1f],start_interpolation:0}