execute if entity @s[tag=aj.folklore_microphone.bone.left_straight] run data modify entity @s {} merge value {transformation:[-0.9274337561567526f,-0.3286107539496188f,0.17855419437705794f,0.13240072335650516f,-0.22852921983495564f,0.12002900399492655f,-0.9661094316285359f,0.7188654582352487f,0.2960422666150961f,-0.9368073497729665f,-0.18641610925225147f,0.4156808429347283f,0f,0f,0f,1f],start_interpolation:0}
execute if entity @s[tag=aj.folklore_microphone.bone.left_bend] run data modify entity @s {} merge value {transformation:[-0.9274337561567526f,-0.2892807293199017f,0.23703014066806544f,0.4669790327311071f,-0.22852921983495564f,-0.06333983932647475f,-0.9714743745646218f,0.7487391235019025f,0.2960422666150961f,-0.9551464413367421f,-0.007365594283846366f,0.2888027561648625f,0f,0f,0f,1f],start_interpolation:0}
execute if entity @s[tag=aj.folklore_microphone.bone.right_straight] run data modify entity @s {} merge value {transformation:[-0.7739043865708398f,0.3104084026382555f,-0.5520132462341631f,-0.17636623003300966f,0.2621381217925312f,0.9504770870123351f,0.16696380496272256f,0.32909254013426986f,0.5765029102697541f,-0.015489694513212447f,-0.816948262630132f,-0.20381590825373336f,0f,0f,0f,1f],start_interpolation:0}
execute if entity @s[tag=aj.folklore_microphone.bone.microphone] run data modify entity @s {} merge value {transformation:[-0.7739043865708398f,0.3007271664029939f,-0.5573465455474164f,-0.17549859137021095f,0.2621381217925312f,0.9532462449327688f,0.15035026313465472f,0.5890293107943488f,0.5765029102697541f,-0.029745048475365854f,-0.8165535050085218f,0.2522219153861009f,0f,0f,0f,1f],start_interpolation:0}
execute if entity @s[tag=aj.folklore_microphone.bone.right_bend] run data modify entity @s {} merge value {transformation:[-0.7739043865708398f,-0.5573465455474162f,-0.300727166402994f,-0.4473327509285824f,0.2621381217925312f,0.15035026313465494f,-0.9532462449327688f,0.5346161790797794f,0.5765029102697541f,-0.8165535050085218f,0.029745048475365674f,-0.08372156192070446f,0f,0f,0f,1f],start_interpolation:0}
execute if entity @s[tag=aj.folklore_microphone.bone.head] run data modify entity @s {} merge value {transformation:[-0.8782401327617982f,-0.03008923436881457f,-0.4772723616360345f,0f,-0.003688737888543646f,0.9984151639385941f,-0.056156510132484405f,0.8125f,0.4782056695809124f,-0.04755836827067083f,-0.876959257427677f,0f,0f,0f,0f,1f],start_interpolation:0}