execute if entity @s[tag=aj.folklore_microphone.bone.left_straight] run data modify entity @s {} merge value {transformation:[-0.9700984439881635f,0.191187496719894f,0.1495204001791211f,-0.08257048115327831f,-0.10888644418815935f,0.2077473728253938f,-0.9721032719604464f,0.7276372389062652f,-0.21691646144035f,-0.9593166162337267f,-0.18071767642947875f,0.24215239216623996f,0f,0f,0f,1f],start_interpolation:0}
execute if entity @s[tag=aj.folklore_microphone.bone.left_bend] run data modify entity @s {} merge value {transformation:[-0.9700984439881635f,0.23353544247963406f,0.06610753419683364f,0.27205468873003974f,-0.10888644418815935f,-0.1753325970065229f,-0.9784693263965953f,0.7158447351904773f,-0.21691646144035f,-0.9564097853602239f,0.1955187234599473f,0.29724373108764757f,0f,0f,0f,1f],start_interpolation:0}
execute if entity @s[tag=aj.folklore_microphone.bone.right_straight] run data modify entity @s {} merge value {transformation:[-0.7739043865708405f,0.11610063965023047f,-0.6225693872326348f,-0.09722445731132687f,0.26213812179252943f,0.9536102785048465f,-0.14802378806460195f,0.3450550956131936f,0.5765029102697541f,-0.2777554287547167f,-0.7684375812307642f,-0.10483328433020975f,0f,0f,0f,1f],start_interpolation:0}
execute if entity @s[tag=aj.folklore_microphone.bone.microphone] run data modify entity @s {} merge value {transformation:[-0.7739043865708405f,0.10521762297907111f,-0.6245008024502812f,-0.11978502348336345f,0.26213812179252943f,0.9508816677288254f,-0.16464403748794823f,0.7095766268328751f,0.5765029102697541f,-0.2911242102469012f,-0.7634730438323424f,0.27219913902281184f,0f,0f,0f,1f],start_interpolation:0}
execute if entity @s[tag=aj.folklore_microphone.bone.right_bend] run data modify entity @s {} merge value {transformation:[-0.7739043865708405f,-0.6245008024502812f,-0.10521762297907125f,-0.39549578375374017f,0.26213812179252943f,-0.164644037487948f,-0.9508816677288254f,0.5239013979138207f,0.5765029102697541f,-0.7634730438323425f,0.29112421024690105f,-0.009262945791055847f,0f,0f,0f,1f],start_interpolation:0}
execute if entity @s[tag=aj.folklore_microphone.bone.head] run data modify entity @s {} merge value {transformation:[-0.968695891840002f,-0.0025294106020212694f,0.24823752982639327f,0f,-0.022785082313113228f,0.9966332684750949f,-0.07875892452690028f,0.8125f,-0.24720256705036006f,-0.08194955918524335f,-0.9654921856716691f,0f,0f,0f,0f,1f],start_interpolation:0}