execute if entity @s[tag=aj.folklore_microphone.bone.left_bend] run data modify entity @s {} merge value {transformation:[-0.9079932496510346f,0.2553471414861073f,0.3321838285091974f,0.3459558612300571f,-0.22162961821314417f,0.38011386062027824f,-0.8979943013711411f,0.45277933702066775f,-0.3555679554161904f,-0.8889945389591669f,-0.28854833006262326f,0.09357415277254709f,0f,0f,0f,1f],start_interpolation:0}
execute if entity @s[tag=aj.folklore_microphone.bone.right_straight] run data modify entity @s {} merge value {transformation:[-0.7739043865708405f,0.06929496159276635f,-0.6294999672313479f,-0.07870932387350471f,0.26213812179252927f,0.9398971272925385f,-0.2188081241871947f,0.35422890003714813f,0.5765029102697541f,-0.3343525062042915f,-0.7455553608186404f,-0.08414971290034812f,0f,0f,0f,1f],start_interpolation:0}
execute if entity @s[tag=aj.folklore_microphone.bone.microphone] run data modify entity @s {} merge value {transformation:[-0.7739043865708405f,0.05829811835409988f,-0.6306134551710599f,-0.11023127723044879f,0.26213812179252927f,0.9359352480924633f,-0.23517826532480474f,0.7387888037216115f,0.5765029102697541f,-0.34731331787662645f,-0.7396065532944075f,0.27174131123900147f,0f,0f,0f,1f],start_interpolation:0}
execute if entity @s[tag=aj.folklore_microphone.bone.right_bend] run data modify entity @s {} merge value {transformation:[-0.7739043865708405f,-0.6306134551710599f,-0.058298118354100016f,-0.3826945351689678f,0.26213812179252927f,-0.23517826532480454f,-0.9359352480924633f,0.5255033575909129f,0.5765029102697541f,-0.7396065532944076f,0.3473133178766263f,0.00719318576248601f,0f,0f,0f,1f],start_interpolation:0}
execute if entity @s[tag=aj.folklore_microphone.bone.head] run data modify entity @s {} merge value {transformation:[-0.9996879932330459f,0.0014992353913546132f,-0.024933280548833606f,0f,0.0017884359915744008f,0.9999313417651621f,-0.01158072762941084f,0.8125f,0.024914206437082753f,-0.011621705940345768f,-0.9996220377065757f,0f,0f,0f,0f,1f],start_interpolation:0}