execute if entity @s[tag=aj.folklore_microphone.bone.left_straight] run data modify entity @s {} merge value {transformation:[-0.7990972394917347f,-0.018005493875789404f,0.6009321126608047f,0.03452774747610926f,-0.2520925005780462f,0.91746905598473f,-0.3077334925918791f,0.36559777402504223f,-0.5457957245975795f,-0.3973994633876312f,-0.7376860399317761f,-0.06186768714046722f,0f,0f,0f,1f],start_interpolation:0}
execute if entity @s[tag=aj.folklore_microphone.bone.left_bend] run data modify entity @s {} merge value {transformation:[-0.7990972394917347f,0.5722705332668062f,-0.18425536244900537f,0.350502060203421f,-0.2520925005780462f,-0.5971820746276966f,-0.7614610567164075f,0.4496991040057262f,-0.5457957245975795f,-0.5620320333378565f,0.6214716570473006f,0.08652479877036175f,0f,0f,0f,1f],start_interpolation:0}
execute if entity @s[tag=aj.folklore_microphone.bone.right_straight] run data modify entity @s {} merge value {transformation:[-0.7490031852179814f,0.09624420678152784f,-0.6555389242404395f,-0.09601965058499615f,0.26599966365383526f,0.9498383872496523f,-0.16447254191209573f,0.34612850518211163f,0.6068265052462398f,-0.29756359113301156f,-0.7370329041248166f,-0.10896222916016586f,0f,0f,0f,1f],start_interpolation:0}
execute if entity @s[tag=aj.folklore_microphone.bone.microphone] run data modify entity @s {} merge value {transformation:[-0.7490031852179814f,0.0847888165813619f,-0.6571187755010888f,-0.10425635557328744f,0.26599966365383526f,0.9468232806134057f,-0.18102445753133684f,0.7164416613162364f,0.6068265052462398f,-0.3103812685572382f,-0.7317274497102283f,0.26297687501297073f,0f,0f,0f,1f],start_interpolation:0}
execute if entity @s[tag=aj.folklore_microphone.bone.right_bend] run data modify entity @s {} merge value {transformation:[-0.7490031852179814f,-0.6571187755010888f,-0.08478881658136206f,-0.39100351139362616f,0.26599966365383526f,-0.1810244575313366f,-0.9468232806134057f,0.5244364316114374f,0.6068265052462398f,-0.7317274497102284f,0.310381268557238f,-0.002772404470031728f,0f,0f,0f,1f],start_interpolation:0}