execute if entity @s[tag=aj.folklore_microphone.bone.left_straight] run data modify entity @s {} merge value {transformation:[-0.894967706492958f,-0.4455804352538071f,-0.02215581309188068f,0.20018674444679582f,-0.23506102787087968f,0.5131754529555008f,-0.8254679083163694f,0.5565351005321678f,0.3791821692946809f,-0.7335591524907479f,-0.5640140532699833f,0.3870017386042507f,0f,0f,0f,1f],start_interpolation:0}
execute if entity @s[tag=aj.folklore_microphone.bone.left_bend] run data modify entity @s {} merge value {transformation:[-0.894967706492958f,-0.4390257568847722f,0.07930440798901038f,0.5108426632201777f,-0.23506102787087968f,0.3129530431487149f,-0.9202210093017025f,0.6013092051416872f,0.3791821692946809f,-0.8422094618179681f,-0.3832807129419227f,0.21258468218403054f,0f,0f,0f,1f],start_interpolation:0}
execute if entity @s[tag=aj.folklore_microphone.bone.right_straight] run data modify entity @s {} merge value {transformation:[-0.7739043865708405f,0.4649168744613f,-0.43002825521998783f,-0.24289025690568095f,0.2621381217925295f,0.8532885698229878f,0.45075738675314575f,0.3512774717881335f,0.5765029102697542f,0.23611631974638225f,-0.7822362034577075f,-0.3032061307560726f,0f,0f,0f,1f],start_interpolation:0}
execute if entity @s[tag=aj.folklore_microphone.bone.microphone] run data modify entity @s {} merge value {transformation:[-0.7739043865708405f,0.45734103747982896f,-0.4380766780864794f,-0.2451098791886508f,0.2621381217925295f,0.8610254109590316f,0.4357967952910116f,0.49431360551274117f,0.5765029102697542f,0.22242845393452823f,-0.7862378630737643f,0.2018424925013652f,0f,0f,0f,1f],start_interpolation:0}
execute if entity @s[tag=aj.folklore_microphone.bone.right_bend] run data modify entity @s {} merge value {transformation:[-0.7739043865708405f,-0.43807667808647927f,-0.45734103747982907f,-0.48649338868517367f,0.2621381217925295f,0.4357967952910118f,-0.8610254109590315f,0.5705152848540173f,0.5765029102697542f,-0.7862378630737643f,-0.2224284539345284f,-0.15261473278751597f,0f,0f,0f,1f],start_interpolation:0}
execute if entity @s[tag=aj.folklore_microphone.bone.head] run data modify entity @s {} merge value {transformation:[-0.854726401541634f,0.16519912802161682f,-0.49208944980418634f,0f,0.0015291005491846338f,0.9488025354739293f,0.3158661275441757f,0.8125f,0.5190765264960455f,0.2692266643167805f,-0.811219182996593f,0f,0f,0f,0f,1f],start_interpolation:0}