execute if entity @s[tag=aj.folklore_microphone.bone.left_straight] run data modify entity @s {} merge value {transformation:[-0.9849717443336888f,0.05798013467395804f,0.16269286046855266f,-0.03694631280193972f,-0.14976803342803985f,0.18244601024740525f,-0.9717422443775411f,0.7229216409363353f,-0.0860244094856093f,-0.9815048432524381f,-0.17102059421209723f,0.2966473107990211f,0f,0f,0f,1f],start_interpolation:0}
execute if entity @s[tag=aj.folklore_microphone.bone.left_bend] run data modify entity @s {} merge value {transformation:[-0.9849717443336888f,0.11571238802844705f,0.12822365663560045f,0.32200744949726573f,-0.14976803342803985f,-0.20244982682604692f,-0.967772495879688f,0.725332746157223f,-0.0860244094856093f,-0.9724323682780502f,0.21673737586718747f,0.30556431621966434f,0f,0f,0f,1f],start_interpolation:0}
execute if entity @s[tag=aj.folklore_microphone.bone.right_straight] run data modify entity @s {} merge value {transformation:[-0.7739043865708405f,0.13010165066766313f,-0.6197947732434992f,-0.10280115224967706f,0.26213812179252943f,0.9567040119411164f,-0.12649521192067759f,0.3426822937387906f,0.5765029102697541f,-0.260367037140498f,-0.7745020338392807f,-0.11124058389941131f,0f,0f,0f,1f],start_interpolation:0}
execute if entity @s[tag=aj.folklore_microphone.bone.microphone] run data modify entity @s {} merge value {transformation:[-0.7739043865708405f,0.11926492526575536f,-0.6219709623831043f,-0.12291232300660487f,0.26213812179252943f,0.9543506554353879f,-0.14317273334378497f,0.7008505127801834f,0.5765029102697541f,-0.2738443062606914f,-0.7698400420730949f,0.27196881291608804f,0f,0f,0f,1f],start_interpolation:0}
execute if entity @s[tag=aj.folklore_microphone.bone.right_bend] run data modify entity @s {} merge value {transformation:[-0.7739043865708405f,-0.6219709623831043f,-0.1192649252657555f,-0.3993031082558032f,0.26213812179252943f,-0.14317273334378475f,-0.9543506554353879f,0.5237137213063559f,0.5765029102697541f,-0.769840042073095f,0.27384430626069123f,-0.014288606352776567f,0f,0f,0f,1f],start_interpolation:0}
execute if entity @s[tag=aj.folklore_microphone.bone.head] run data modify entity @s {} merge value {transformation:[-0.9898219799550605f,-0.006970893189146401f,0.1421402639859283f,0f,-0.020963181025898583f,0.995045841095105f,-0.09718188699860925f,0.8125f,-0.14075863397717128f,-0.09917247988973837f,-0.9850643766746416f,0f,0f,0f,0f,1f],start_interpolation:0}