execute if entity @s[tag=aj.folklore_microphone.bone.left_straight] run data modify entity @s {} merge value {transformation:[-0.9951934569304554f,-0.09744178222291737f,0.009751018409962476f,0.027994276133691376f,-0.0959801316523034f,0.950782815482148f,-0.29461814627046684f,0.4073446018440527f,0.019437016510164072f,-0.2941379554920807f,-0.9555653120159409f,0.1104806954674994f,0f,0f,0f,1f],start_interpolation:0}
execute if entity @s[tag=aj.folklore_microphone.bone.left_bend] run data modify entity @s {} merge value {transformation:[-0.9951934569304554f,-0.09730823788286566f,0.011004095734839438f,0.38029066833359404f,-0.0959801316523034f,0.9469129359907257f,-0.30682846344729875f,0.4372064441941944f,0.019437016510164072f,-0.30640985378012164f,-0.9517012156636285f,0.04780173330953032f,0f,0f,0f,1f],start_interpolation:0}
execute if entity @s[tag=aj.folklore_microphone.bone.right_straight] run data modify entity @s {} merge value {transformation:[-0.7739043865708405f,0.5635455237752593f,-0.28894366765734764f,-0.2888023774303654f,0.2621381217925294f,0.7003811199909975f,0.6638899696962147f,0.39890672243441555f,0.576502910269754f,0.4380442094047409f,-0.6897547861794648f,-0.38649631528464073f,0f,0f,0f,1f],start_interpolation:0}
execute if entity @s[tag=aj.folklore_microphone.bone.microphone] run data modify entity @s {} merge value {transformation:[-0.7739043865708405f,0.558416930736959f,-0.298734885664071f,-0.3138314280621987f,0.2621381217925294f,0.711860926134825f,0.6515655200711239f,0.43494723193302587f,0.576502910269754f,0.42593961227946814f,-0.6972946587646576f,0.13658398679884048f,0f,0f,0f,1f],start_interpolation:0}
execute if entity @s[tag=aj.folklore_microphone.bone.right_bend] run data modify entity @s {} merge value {transformation:[-0.7739043865708405f,-0.2987348856640709f,-0.5584169307369591f,-0.5095155884142861f,0.2621381217925294f,0.651565520071124f,-0.7118609261348249f,0.6197030625555106f,0.576502910269754f,-0.6972946587646575f,-0.4259396122794683f,-0.20588588280880188f,0f,0f,0f,1f],start_interpolation:0}
execute if entity @s[tag=aj.folklore_microphone.bone.head] run data modify entity @s {} merge value {transformation:[-0.99367471096571f,0.10536746192237467f,-0.03883641017459794f,0f,0.00041810950646959527f,0.3493062426174347f,0.9370085240022795f,0.8125f,0.11229601048858899f,0.9310654363880805f,-0.3471408348088999f,0f,0f,0f,0f,1f],start_interpolation:0}