execute if entity @s[tag=aj.folklore_microphone.bone.left_straight] run data modify entity @s {} merge value {transformation:[-0.7774091082970211f,0.15084020722396974f,0.6106409012025482f,-0.02373688504208943f,-0.19255321590222924f,0.8671387903440267f,-0.45934037197530053f,0.4144859046356458f,-0.5987974092984536f,-0.4746762582701265f,-0.6450768267827733f,-0.055772060320373094f,0f,0f,0f,1f],start_interpolation:0}
execute if entity @s[tag=aj.folklore_microphone.bone.left_bend] run data modify entity @s {} merge value {transformation:[-0.7774091082970211f,0.30565473101349894f,0.5497365403044407f,0.28718492229101134f,-0.19255321590222924f,0.7163837914410047f,-0.6706098138309047f,0.46857295362098994f,-0.5987974092984536f,-0.6271917161201005f,-0.49806848309021057f,0.11550359685129748f,0f,0f,0f,1f],start_interpolation:0}
execute if entity @s[tag=aj.folklore_microphone.bone.head] run data modify entity @s {} merge value {transformation:[-1f,-8.065577211149499e-17f,9.215337352325829e-17f,0f,0f,0.752489400106374f,0.6586043597848023f,0.8125f,-1.2246467991473532e-16f,0.6586043597848023f,-0.752489400106374f,0f,0f,0f,0f,1f],start_interpolation:0}