execute if entity @s[tag=aj.folklore_microphone.bone.left_straight] run data modify entity @s {} merge value {transformation:[-0.7995817788601457f,-0.006300135584488962f,0.6005241770374128f,0.029842306320460144f,-0.2472423307990415f,0.9147278513148315f,-0.3196000436326768f,0.3690273832895622f,-0.5473026665163456f,-0.40402136864350213f,-0.7329573827334909f,-0.06009405190347355f,0f,0f,0f,1f],start_interpolation:0}
execute if entity @s[tag=aj.folklore_microphone.bone.left_bend] run data modify entity @s {} merge value {transformation:[-0.9895384477958171f,0.12076968964171536f,0.07891984793249585f,0.34611255084418335f,-0.14265691185775398f,-0.7375374031071336f,-0.6600663485720161f,0.45072705575693817f,-0.021509668362239998f,-0.664419491798539f,0.7470502480322972f,0.08900801324131334f,0f,0f,0f,1f],start_interpolation:0}
execute if entity @s[tag=aj.folklore_microphone.bone.right_straight] run data modify entity @s {} merge value {transformation:[-0.7739043865708406f,0.10166372056096663f,-0.6250891843314141f,-0.09149274347869424f,0.26213812179252927f,0.949929779399513f,-0.17005004943568158f,0.34768240858190214f,0.5765029102697541f,-0.2954621839283233f,-0.7618047599738463f,-0.09833361273460349f,0f,0f,0f,1f],start_interpolation:0}
execute if entity @s[tag=aj.folklore_microphone.bone.microphone] run data modify entity @s {} merge value {transformation:[-0.7739043865708406f,0.09073892617940396f,-0.6267682567921093f,-0.11669143781519209f,0.26213812179252927f,0.9468173179155905f,-0.1866027105864561f,0.7185803262302888f,0.5765029102697541f,-0.30871250990352866f,-0.7565322072982535f,0.2722579881092668f,0f,0f,0f,1f],start_interpolation:0}
execute if entity @s[tag=aj.folklore_microphone.bone.right_bend] run data modify entity @s {} merge value {transformation:[-0.7739043865708406f,-0.6267682567921093f,-0.0907389261794041f,-0.3915592592913755f,0.26213812179252927f,-0.1866027105864559f,-0.9468173179155905f,0.5242367160596454f,0.5765029102697541f,-0.7565322072982537f,0.3087125099035285f,-0.0041309788441178386f,0f,0f,0f,1f],start_interpolation:0}
execute if entity @s[tag=aj.folklore_microphone.bone.head] run data modify entity @s {} merge value {transformation:[-0.9999780882437131f,0.00019334546730818508f,-0.006617072613988932f,0f,0.0004740725967728276f,0.9990985037052854f,-0.042449442269984414f,0.8125f,0.006602899940292902f,-0.042451649100948036f,-0.9990767033621535f,0f,0f,0f,0f,1f],start_interpolation:0}