execute if entity @s[tag=aj.folklore_microphone.bone.left_bend] run data modify entity @s {} merge value {transformation:[-0.8596128371825322f,0.15767624056663831f,0.4860082029264207f,0.3459558612300571f,-0.2380268046471344f,0.7180944443029404f,-0.6539752360225316f,0.45277933702066775f,-0.4521161470468317f,-0.6778484876593166f,-0.5797520309214148f,0.09357415277254709f,0f,0f,0f,1f],start_interpolation:0}
execute if entity @s[tag=aj.folklore_microphone.bone.right_straight] run data modify entity @s {} merge value {transformation:[-0.7739043865708405f,0.0703348414284769f,-0.6293846284488064f,-0.07911856687782798f,0.26213812179252927f,0.9402573297358977f,-0.21725505513337176f,0.3540046307935052f,0.5765029102697542f,-0.3331203445590652f,-0.7461067152166327f,-0.08459710949335787f,0f,0f,0f,1f],start_interpolation:0}
execute if entity @s[tag=aj.folklore_microphone.bone.microphone] run data modify entity @s {} merge value {transformation:[-0.7739043865708405f,0.05933985275038557f,-0.6305162823607123f,-0.11042868902239111f,0.26213812179252927f,0.9363225004675984f,-0.23363171921036235f,0.7381391291720005f,0.5765029102697542f,-0.34609096635663156f,-0.7401793279042834f,0.271771712845228f,0f,0f,0f,1f],start_interpolation:0}
execute if entity @s[tag=aj.folklore_microphone.bone.right_bend] run data modify entity @s {} merge value {transformation:[-0.7739043865708405f,-0.6305162823607123f,-0.05933985275038571f,-0.38298014741132036f,0.26213812179252927f,-0.23363171921036216f,-0.9363225004675984f,0.5254517096942857f,0.5765029102697542f,-0.7401793279042835f,0.3460909663566314f,0.006833260979970182f,0f,0f,0f,1f],start_interpolation:0}
execute if entity @s[tag=aj.folklore_microphone.bone.head] run data modify entity @s {} merge value {transformation:[-0.9998721980242903f,0.001134649146937945f,-0.015946792448254456f,0f,0.0011448092199708932f,0.9999991475078208f,-0.0006280091413270586f,0.8125f,0.015946066283702133f,-0.0006461849155417572f,-0.9998726445978662f,0f,0f,0f,0f,1f],start_interpolation:0}