execute if entity @s[tag=aj.folklore_microphone.bone.left_bend] run data modify entity @s {} merge value {transformation:[-0.9654539827169578f,0.23590082504001164f,0.11067704369654108f,0.3459558612300571f,-0.1851626727447232f,-0.32223895894609805f,-0.9283732212636067f,0.45277933702066775f,-0.18333955350113296f,-0.9167948811390565f,0.35478691356817055f,0.09357415277254709f,0f,0f,0f,1f],start_interpolation:0}
execute if entity @s[tag=aj.folklore_microphone.bone.right_straight] run data modify entity @s {} merge value {transformation:[-0.7739043865708406f,0.07945319417195426f,-0.6282986474458501f,-0.08271114846749283f,0.2621381217925291f,0.943308571341969f,-0.2035989792112391f,0.3520775917810238f,0.5765029102697541f,-0.3222671704791649f,-0.7508583523420758f,-0.08854360173732236f,0f,0f,0f,1f],start_interpolation:0}
execute if entity @s[tag=aj.folklore_microphone.bone.microphone] run data modify entity @s {} merge value {transformation:[-0.7739043865708406f,0.06847576970642114f,-0.6295896039560407f,-0.11218839049718765f,0.2621381217925291f,0.9396116087421255f,-0.22003097468338487f,0.7324436454829122f,0.5765029102697541f,-0.3353223727700679f,-0.7451196553375542f,0.2719992272327894f,0f,0f,0f,1f],start_interpolation:0}
execute if entity @s[tag=aj.folklore_microphone.bone.right_bend] run data modify entity @s {} merge value {transformation:[-0.7739043865708406f,-0.6295896039560407f,-0.06847576970642127f,-0.3854822523617576f,0.2621381217925291f,-0.22003097468338464f,-0.9396116087421255f,0.5250298354951637f,0.5765029102697541f,-0.7451196553375543f,0.3353223727700677f,0.003666233278827827f,0f,0f,0f,1f],start_interpolation:0}
execute if entity @s[tag=aj.folklore_microphone.bone.head] run data modify entity @s {} merge value {transformation:[-0.9997761601806747f,0.0007200974639635252f,-0.021144999267635783f,0f,0.0015149384255854943f,0.999291793070878f,-0.037598101850443315f,0.8125f,0.021102949934845818f,-0.03762171927001765f,-0.999069202679782f,0f,0f,0f,0f,1f],start_interpolation:0}