execute if entity @s[tag=aj.folklore_microphone.bone.left_straight] run data modify entity @s {} merge value {transformation:[-0.8081755508246631f,0.5190362050422002f,0.2783050429019271f,-0.15920261700772087f,-0.04430945764491365f,0.41762532566015664f,-0.90753829634372f,0.6656933732707524f,-0.5872724674394892f,-0.745781808052891f,-0.3145163648602323f,0.03534321784683597f,0f,0f,0f,1f],start_interpolation:0}
execute if entity @s[tag=aj.folklore_microphone.bone.left_bend] run data modify entity @s {} merge value {transformation:[-0.8081755508246631f,0.5870855594585828f,-0.04672071194294106f,0.14911142310917494f,-0.04430945764491365f,-0.13971716237206983f,-0.989199568591652f,0.6371405028774413f,-0.5872724674394892f,-0.7973767368151015f,0.13892943739047692f,0.21716817801983418f,0f,0f,0f,1f],start_interpolation:0}
execute if entity @s[tag=aj.folklore_microphone.bone.right_straight] run data modify entity @s {} merge value {transformation:[-0.7732301607529911f,0.11670997443488523f,-0.6232927886389446f,-0.0976455173374457f,0.26225882986459537f,0.9537731122915862f,-0.1467554306582028f,0.34488265925077977f,0.5773520803287686f,-0.27693976265070674f,-0.7680943582679237f,-0.10545068573297178f,0f,0f,0f,1f],start_interpolation:0}
execute if entity @s[tag=aj.folklore_microphone.bone.microphone] run data modify entity @s {} merge value {transformation:[-0.7732301607529911f,0.10581423986372657f,-0.625234728037371f,-0.11959847090934811f,0.26225882986459537f,0.9510666126041549f,-0.1633787150999534f,0.709065094290636f,0.5773520803287686f,-0.29030267830614354f,-0.7631441084803859f,0.27194512235994706f,0f,0f,0f,1f],start_interpolation:0}
execute if entity @s[tag=aj.folklore_microphone.bone.right_bend] run data modify entity @s {} merge value {transformation:[-0.7732301607529911f,-0.625234728037371f,-0.1058142398637267f,-0.3956878612846695f,0.26225882986459537f,-0.16337871509995316f,-0.9510666126041549f,0.5238957459358338f,0.5773520803287686f,-0.763144108480386f,0.29030267830614337f,-0.009479077208644854f,0f,0f,0f,1f],start_interpolation:0}
execute if entity @s[tag=aj.folklore_microphone.bone.head] run data modify entity @s {} merge value {transformation:[-0.9767355727760629f,-0.006287942733011249f,0.21435503877913104f,0f,-0.022274080935062057f,0.9971382151170818f,-0.07224434421889887f,0.8125f,-0.21328733247034315f,-0.07533818241308197f,-0.974080423824634f,0f,0f,0f,0f,1f],start_interpolation:0}