execute if entity @s[tag=aj.folklore_microphone.bone.left_straight] run data modify entity @s {} merge value {transformation:[-0.7789662393795503f,-0.07804662748843681f,0.6221899403273587f,0.0637746849383587f,-0.26585013150329184f,0.9397429988350597f,-0.21495767890487505f,0.347027780361622f,-0.5679219184769713f,-0.3328540522183411f,-0.7527767759669969f,-0.09390400166074325f,0f,0f,0f,1f],start_interpolation:0}
execute if entity @s[tag=aj.folklore_microphone.bone.left_bend] run data modify entity @s {} merge value {transformation:[-0.7789662393795503f,0.5867309642232391f,-0.22126539161954173f,0.3730174853081638f,-0.26585013150329184f,-0.6285841301819297f,-0.7308937671530039f,0.44134637543685257f,-0.5679219184769713f,-0.5105181357259455f,0.6456283200172849f,0.062320269581877946f,0f,0f,0f,1f],start_interpolation:0}
execute if entity @s[tag=aj.folklore_microphone.bone.right_straight] run data modify entity @s {} merge value {transformation:[-0.7531687089204359f,0.09571466891041114f,-0.6508268572043523f,-0.0946850712082769f,0.2654367704436895f,0.9494591378810759f,-0.16754302847492103f,0.34663023967931567f,0.6018971812523697f,-0.29894154553941565f,-0.7405091056502665f,-0.10659816957153968f,0f,0f,0f,1f],start_interpolation:0}
execute if entity @s[tag=aj.folklore_microphone.bone.microphone] run data modify entity @s {} merge value {transformation:[-0.7531687089204359f,0.08434159627050136f,-0.6523981844254839f,-0.10597847023258311f,0.2654367704436895f,0.9463905016268903f,-0.18408785763006488f,0.71767845769412f,0.6018971812523697f,-0.31181968117639197f,-0.7351790731729959f,0.26452721783103655f,0f,0f,0f,1f],start_interpolation:0}
execute if entity @s[tag=aj.folklore_microphone.bone.right_bend] run data modify entity @s {} merge value {transformation:[-0.7531687089204359f,-0.6523981844254839f,-0.0843415962705015f,-0.3907089815783441f,0.2654367704436895f,-0.18408785763006466f,-0.9463905016268903f,0.5244459576369844f,0.6018971812523697f,-0.735179073172996f,0.3118196811763918f,-0.0024977921984209034f,0f,0f,0f,1f],start_interpolation:0}