execute if entity @s[tag=aj.folklore_microphone.bone.left_straight] run data modify entity @s {} merge value {transformation:[-0.7701616039010931f,0.25222981903516906f,0.5858593877936766f,-0.059103393500420875f,-0.19302993324522869f,0.7832584442645133f,-0.5909700959944394f,0.46238705832178084f,-0.6079395930089093f,-0.5682308755055644f,-0.5545476745730178f,-0.02769893225788142f,0f,0f,0f,1f],start_interpolation:0}
execute if entity @s[tag=aj.folklore_microphone.bone.left_bend] run data modify entity @s {} merge value {transformation:[-0.7701616039010931f,0.4362551215613997f,0.4653306059007339f,0.25119538885922227f,-0.19302993324522869f,0.5359143915092841f,-0.8219094900562813f,0.5102344733228348f,-0.6079395930089093f,-0.7228258669172557f,-0.3285303903255825f,0.1474357521583225f,0f,0f,0f,1f],start_interpolation:0}
execute if entity @s[tag=aj.folklore_microphone.bone.right_straight] run data modify entity @s {} merge value {transformation:[-0.9958757305592334f,0.09031768010664776f,-0.00861660857103176f,0.04691166497155791f,0.0903521906215281f,0.9959029925694528f,-0.0037028423001182133f,0.3863578444322881f,0.008246874135342686f,-0.004466100240896812f,-0.9999560205407206f,-0.008985197209710076f,0f,0f,0f,1f],start_interpolation:0}
execute if entity @s[tag=aj.folklore_microphone.bone.microphone] run data modify entity @s {} merge value {transformation:[-0.9958757305592334f,0.010539833005237809f,0.090113490684441f,-0.3092935010067728f,0.0903521906215281f,0.024930343896047043f,0.995597790075448f,0.11209711966705727f,0.008246874135342686f,0.9996336278224369f,-0.025779821441377093f,0.04181918993959341f,0f,0f,0f,1f],start_interpolation:0}
execute if entity @s[tag=aj.folklore_microphone.bone.right_bend] run data modify entity @s {} merge value {transformation:[-0.9958757305592334f,0.090113490684441f,-0.010539833005237788f,-0.27538887379750615f,0.0903521906215281f,0.995597790075448f,-0.02493034389604682f,0.5250374382447422f,0.008246874135342686f,-0.02577982144137687f,-0.9996336278224369f,-0.09250649151239812f,0f,0f,0f,1f],start_interpolation:0}
execute if entity @s[tag=aj.folklore_microphone.bone.head] run data modify entity @s {} merge value {transformation:[-1f,-7.762016512991383e-17f,9.472437802289064e-17f,0f,0f,0.773483245037193f,0.6338167476855858f,0.820888671875f,-1.2246467991473532e-16f,0.6338167476855858f,-0.773483245037193f,0f,0f,0f,0f,1f],start_interpolation:0}
execute if entity @s[tag=aj.folklore_microphone.bone.hair] run data modify entity @s {} merge value {transformation:[-1f,0f,1.2246467991473532e-16f,-0.010937499999999998f,0f,1f,0f,0.41463867187500003f,-1.2246467991473532e-16f,0f,-1f,-0.007968750000000002f,0f,0f,0f,1f],start_interpolation:0}
execute if entity @s[tag=aj.folklore_microphone.bone.outfit] run data modify entity @s {} merge value {transformation:[-1f,0f,1.2246467991473532e-16f,0f,0f,1f,0f,-0.616611328125f,-1.2246467991473532e-16f,0f,-1f,0f,0f,0f,0f,1f],start_interpolation:0}
execute if entity @s[tag=aj.folklore_microphone.bone.chest] run data modify entity @s {} merge value {transformation:[-1f,0f,1.2246467991473532e-16f,-0.010937499999999998f,0f,1f,0f,0.07088867187500003f,-1.2246467991473532e-16f,0f,-1f,-0.007968750000000002f,0f,0f,0f,1f],start_interpolation:0}
execute if entity @s[tag=aj.folklore_microphone.bone.right_leg] run data modify entity @s {} merge value {transformation:[-1f,-1.1437688227282112e-16f,4.376672969468702e-17f,0.10625000000000001f,0f,0.3573824691752685f,0.9339581204348449f,0.19421093750000007f,-1.2246467991473532e-16f,0.9339581204348449f,-0.3573824691752685f,-0.062499999999999986f,0f,0f,0f,1f],start_interpolation:0}
execute if entity @s[tag=aj.folklore_microphone.bone.left_leg] run data modify entity @s {} merge value {transformation:[-1f,-1.1437688227282112e-16f,4.376672969468702e-17f,-0.10624999999999998f,0f,0.3573824691752685f,0.9339581204348449f,0.19421093750000007f,-1.2246467991473532e-16f,0.9339581204348449f,-0.3573824691752685f,-0.06250000000000001f,0f,0f,0f,1f],start_interpolation:0}
execute if entity @s[tag=aj.folklore_microphone.bone.waist] run data modify entity @s {} merge value {transformation:[-1f,0f,1.2246467991473532e-16f,0f,0f,1f,0f,0.883388671875f,-1.2246467991473532e-16f,0f,-1f,0f,0f,0f,0f,1f],start_interpolation:0}