execute if entity @s[tag=aj.folklore_microphone.bone.left_straight] run data modify entity @s {} merge value {transformation:[-0.8517545689128f,-0.5204016214873479f,0.06079725889799208f,0.23998357914080742f,-0.26059230646475884f,0.32010724516459743f,-0.9108364295550049f,0.6269486578486707f,0.454539111790776f,-0.7916523883286598f,-0.4082654674424241f,0.4277478679621162f,0f,0f,0f,1f],start_interpolation:0}
execute if entity @s[tag=aj.folklore_microphone.bone.left_bend] run data modify entity @s {} merge value {transformation:[-0.8517545689128f,-0.48139300537358515f,0.2068210064610407f,0.5389006080577554f,-0.26059230646475884f,0.04678114306910908f,-0.9643148730910068f,0.6737097830632759f,0.454539111790776f,-0.8752555621248772f,-0.16529336593438168f,0.23436964562324747f,0f,0f,0f,1f],start_interpolation:0}
execute if entity @s[tag=aj.folklore_microphone.bone.right_straight] run data modify entity @s {} merge value {transformation:[-0.7739043865708405f,0.4207789170496451f,-0.47330445108084407f,-0.22342689335312735f,0.2621381217925295f,0.8931681734351933f,0.3654233422559725f,0.3404774975023904f,0.5765029102697542f,0.1587315876848981f,-0.8015289623722498f,-0.2721674888226889f,0f,0f,0f,1f],start_interpolation:0}
execute if entity @s[tag=aj.folklore_microphone.bone.microphone] run data modify entity @s {} merge value {transformation:[-0.7739043865708405f,0.4124545287336517f,-0.48057596920103335f,-0.22198602699072495f,0.2621381217925295f,0.8994096562869438f,0.34977975253134197f,0.5212248417048699f,0.5765029102697542f,0.14471880287268526f,-0.8041771338117f,0.22064758358893333f,0f,0f,0f,1f],start_interpolation:0}
execute if entity @s[tag=aj.folklore_microphone.bone.right_bend] run data modify entity @s {} merge value {transformation:[-0.7739043865708405f,-0.48057596920103324f,-0.4124545287336518f,-0.4755699004007089f,0.2621381217925295f,0.3497797525313422f,-0.8994096562869437f,0.556757081208836f,0.5765029102697542f,-0.8041771338117f,-0.14471880287268543f,-0.1316950028989951f,0f,0f,0f,1f],start_interpolation:0}
execute if entity @s[tag=aj.folklore_microphone.bone.head] run data modify entity @s {} merge value {transformation:[-0.8212672284260558f,0.06694494302009078f,-0.5666026068748904f,0f,0.0009403144692090373f,0.9932498193678929f,0.11599100022996264f,0.8125f,0.5705429478331003f,0.0947268226516914f,-0.8157864755855121f,0f,0f,0f,0f,1f],start_interpolation:0}