execute if entity @s[tag=aj.folklore_microphone.bone.left_straight] run data modify entity @s {} merge value {transformation:[-0.8675497851524367f,-0.4967234901725171f,0.024962864274638955f,0.22716003182811906f,-0.2517723084325392f,0.39533848281363926f,-0.8833562071515433f,0.5994263654337811f,0.42891499739285305f,-0.772640445690907f,-0.4680370356008654f,0.4145516054406137f,0f,0f,0f,1f],start_interpolation:0}
execute if entity @s[tag=aj.folklore_microphone.bone.left_bend] run data modify entity @s {} merge value {transformation:[-0.8675497851524367f,-0.47264112307831063f,0.15481517708943765f,0.5300213088146939f,-0.2517723084325392f,0.148910427459592f,-0.9562616740727152f,0.6454980689448853f,0.42891499739285305f,-0.8685827844074938f,-0.24818515596710072f,0.22724016713409018f,0f,0f,0f,1f],start_interpolation:0}
execute if entity @s[tag=aj.folklore_microphone.bone.right_straight] run data modify entity @s {} merge value {transformation:[-0.7739043865708405f,0.43917670439355705f,-0.4562848044417272f,-0.23148413855468258f,0.2621381217925294f,0.8780099983580667f,0.40047727511851733f,0.3444397555683663f,0.576502910269754f,0.19032147829733193f,-0.7946207456071243f,-0.2847852851304802f,0f,0f,0f,1f],start_interpolation:0}
execute if entity @s[tag=aj.folklore_microphone.bone.microphone] run data modify entity @s {} merge value {transformation:[-0.7739043865708405f,0.4311465477960043f,-0.46388000039880883f,-0.23123317330974819f,0.2621381217925294f,0.8848655653568441f,0.38509289314241785f,0.509989938283451f,0.576502910269754f,0.17642444719851158f,-0.797821288811726f,0.21334265842182065f,0f,0f,0f,1f],start_interpolation:0}
execute if entity @s[tag=aj.folklore_microphone.bone.right_bend] run data modify entity @s {} merge value {transformation:[-0.7739043865708405f,-0.4638800003988087f,-0.4311465477960044f,-0.480154921048262f,0.2621381217925294f,0.38509289314241807f,-0.884865565356844f,0.5620683840541164f,0.576502910269754f,-0.797821288811726f,-0.17642444719851175f,-0.14026505945166812f,0f,0f,0f,1f],start_interpolation:0}
execute if entity @s[tag=aj.folklore_microphone.bone.head] run data modify entity @s {} merge value {transformation:[-0.8313961128045269f,0.10683703975397785f,-0.5453130757190126f,0f,0.0012438315307921055f,0.9816986745095713f,0.19043677520183383f,0.8125f,0.5556788249489497f,0.15765011704010162f,-0.8163133492113165f,0f,0f,0f,0f,1f],start_interpolation:0}