execute if entity @s[tag=aj.folklore_microphone.bone.left_straight] run data modify entity @s {} merge value {transformation:[-0.8847320695025236f,-0.4362280271809378f,0.1641775669682328f,0.1900321466822006f,-0.31145877816927126f,0.2912586508640421f,-0.9045229835654606f,0.6197415063558243f,0.3467601400032684f,-0.8513950355731966f,-0.39355291728842356f,0.4118679959629073f,0f,0f,0f,1f],start_interpolation:0}
execute if entity @s[tag=aj.folklore_microphone.bone.left_bend] run data modify entity @s {} merge value {transformation:[-0.883973796735833f,-0.23086196272113174f,0.4065625177669271f,0.5073355101928516f,-0.3213975447591412f,-0.3314814901662556f,-0.8870307998598213f,0.6845280059259842f,0.3395496206848596f,-0.9147801789750941f,0.2188224834130686f,0.2567731383399488f,0f,0f,0f,1f],start_interpolation:0}
execute if entity @s[tag=aj.folklore_microphone.bone.right_straight] run data modify entity @s {} merge value {transformation:[-0.7739043865708394f,0.39576102804651925f,-0.4944140057947135f,-0.21258133095892573f,0.26213812179253215f,0.9108566296758098f,0.3187848887238984f,0.3361664738783215f,0.5765029102697543f,0.11710426488897355f,-0.8086599938140361f,-0.25564803718095824f,0f,0f,0f,1f],start_interpolation:0}
execute if entity @s[tag=aj.folklore_microphone.bone.microphone] run data modify entity @s {} merge value {transformation:[-0.7739043865708394f,0.3870720375476214f,-0.501245686460388f,-0.21019298117058483f,0.26213812179253215f,0.9162814652433507f,0.30283969613407985f,0.536537629468714f,0.5765029102697543f,0.1029733664606099f,-0.8105805822065273f,0.2295159247132199f,0f,0f,0f,1f],start_interpolation:0}
execute if entity @s[tag=aj.folklore_microphone.bone.right_bend] run data modify entity @s {} merge value {transformation:[-0.7739043865708394f,-0.5012456864603879f,-0.3870720375476215f,-0.46927147360652294f,0.26213812179253215f,0.30283969613408007f,-0.9162814652433506f,0.5503800276440372f,0.5765029102697543f,-0.8105805822065273f,-0.10297336646061007f,-0.12034024847893443f,0f,0f,0f,1f],start_interpolation:0}
execute if entity @s[tag=aj.folklore_microphone.bone.head] run data modify entity @s {} merge value {transformation:[-0.8503109724067244f,0.08216678352740507f,-0.5198267691159155f,0f,0.001494732413318156f,0.9881100061035628f,0.15374128142118998f,0.8125f,0.5262784585936835f,0.12995089658319992f,-0.8403235974893715f,0f,0f,0f,0f,1f],start_interpolation:0}