execute if entity @s[tag=aj.folklore_microphone.bone.left_bend] run data modify entity @s {} merge value {transformation:[-0.9548113671850765f,0.2563585000758712f,0.15038474833910012f,0.3459558612300571f,-0.1947714115927284f,-0.15751247981409566f,-0.9681187509438035f,0.45277933702066775f,-0.22449799625016906f,-0.9536614379021854f,0.20032601313358048f,0.09357415277254709f,0f,0f,0f,1f],start_interpolation:0}
execute if entity @s[tag=aj.folklore_microphone.bone.right_straight] run data modify entity @s {} merge value {transformation:[-0.7739043865708406f,0.07591832465003286f,-0.6287355631970749f,-0.08131756096568937f,0.26213812179252916f,0.9421485920365763f,-0.20890101873035968f,0.35281621060439045f,0.576502910269754f,-0.326484974395192f,-0.7490340152120428f,-0.08700868610398396f,0f,0f,0f,1f],start_interpolation:0}
execute if entity @s[tag=aj.folklore_microphone.bone.microphone] run data modify entity @s {} merge value {transformation:[-0.7739043865708406f,0.06493381333098022f,-0.6299647611832809f,-0.11150009977296227f,0.26213812179252916f,0.9383592727585652f,-0.22531196224590913f,0.734651311685224f,0.576502910269754f,-0.33950769522105717f,-0.7432219852346872f,0.2719193624822658f,0f,0f,0f,1f],start_interpolation:0}
execute if entity @s[tag=aj.folklore_microphone.bone.right_bend] run data modify entity @s {} merge value {transformation:[-0.7739043865708406f,-0.6299647611832809f,-0.06493381333098036f,-0.384512770393199f,0.26213812179252916f,-0.2253119622459089f,-0.9383592727585652f,0.5251867660045034f,0.576502910269754f,-0.7432219852346873f,0.339507695221057f,0.0048963205282863825f,0f,0f,0f,1f],start_interpolation:0}
execute if entity @s[tag=aj.folklore_microphone.bone.head] run data modify entity @s {} merge value {transformation:[-0.9997224943573763f,0.0009329159743596339f,-0.023538562905380055f,0f,0.0016867121227797678f,0.9994856647398858f,-0.03202438105074907f,0.8125f,0.023496580135854178f,-0.03205519688371127f,-0.9992098753888824f,0f,0f,0f,0f,1f],start_interpolation:0}