execute if entity @s[tag=aj.folklore_microphone.bone.left_straight] run data modify entity @s {} merge value {transformation:[-0.9733784015296482f,0.1822367689523719f,0.13901168108251508f,-0.07969238049562205f,-0.09846332872597519f,0.2152160346216646f,-0.9715899502042655f,0.7284120891486869f,-0.2069769560404916f,-0.9594122255232767f,-0.19154300087626838f,0.24630517756119186f,0f,0f,0f,1f],start_interpolation:0}
execute if entity @s[tag=aj.folklore_microphone.bone.left_bend] run data modify entity @s {} merge value {transformation:[-0.9733784015296482f,0.20411520238948005f,0.10426634926518075f,0.27541121164286053f,-0.09846332872597519f,0.038411082614606906f,-0.9943990957500789f,0.7130439870168758f,-0.2069769560404916f,-0.9781930141264943f,-0.01729065592558504f,0.29727958457122877f,0f,0f,0f,1f],start_interpolation:0}
execute if entity @s[tag=aj.folklore_microphone.bone.right_straight] run data modify entity @s {} merge value {transformation:[-0.7739043865708402f,0.19874503324959908f,-0.6013089157870749f,-0.13040851991459795f,0.26213812179253015f,0.9648534753196789f,-0.018476370493753877f,0.33363397423303554f,0.5765029102697544f,-0.17192493397455064f,-0.7988029866796632f,-0.14418673754163894f,0f,0f,0f,1f],start_interpolation:0}
execute if entity @s[tag=aj.folklore_microphone.bone.microphone] run data modify entity @s {} merge value {transformation:[-0.7739043865708402f,0.18822047582571358f,-0.6046859126243588f,-0.14012043288533538f,0.26213812179253015f,0.9643840663346722f,-0.035312571456740015f,0.6581531208010475f,0.5765029102697544f,-0.18583978336121876f,-0.7956808212912758f,0.26828311152058554f,0f,0f,0f,1f],start_interpolation:0}
execute if entity @s[tag=aj.folklore_microphone.bone.right_bend] run data modify entity @s {} merge value {transformation:[-0.7739043865708402f,-0.6046859126243588f,-0.18822047582571372f,-0.41781686599089085f,0.26213812179253015f,-0.0353125714567398f,-0.9643840663346722f,0.5248227405987844f,0.5765029102697544f,-0.7956808212912758f,0.1858397833612186f,-0.03964597107206763f,0f,0f,0f,1f],start_interpolation:0}
execute if entity @s[tag=aj.folklore_microphone.bone.head] run data modify entity @s {} merge value {transformation:[-0.9757034265043832f,-0.029673048858956646f,-0.21707679212439904f,0f,-0.011845886928172041f,0.9964817459026538f,-0.08296869919243f,0.8125f,0.21877499507596962f,-0.07838137696042946f,-0.9726221575078867f,0f,0f,0f,0f,1f],start_interpolation:0}