execute if entity @s[tag=aj.folklore_microphone.bone.left_straight] run data modify entity @s {} merge value {transformation:[-0.8357784023588919f,-0.5192460357893719f,0.17848814097143972f,0.2387845053443633f,-0.28501092955284807f,0.13242542835119886f,-0.9493325423482661f,0.6931136226380635f,0.4693007907364313f,-0.8443027065235688f,-0.2586691082660173f,0.4452279728023421f,0f,0f,0f,1f],start_interpolation:0}
execute if entity @s[tag=aj.folklore_microphone.bone.left_bend] run data modify entity @s {} merge value {transformation:[-0.8357468046888062f,-0.4108572532621743f,0.3643124975818313f,0.5384672634210145f,-0.2855662263984669f,-0.2414839734461114f,-0.9274359389786535f,0.7440904643683004f,0.4690194119575328f,-0.8791369677192167f,0.08449250378862569f,0.2541135149463383f,0f,0f,0f,1f],start_interpolation:0}
execute if entity @s[tag=aj.folklore_microphone.bone.right_straight] run data modify entity @s {} merge value {transformation:[-0.7739043865708394f,0.38323227433318285f,-0.504187489289281f,-0.2071934786231947f,0.26213812179253193f,0.918567802193648f,0.2958323813854984f,0.33443002344345646f,0.5765029102697543f,0.09677921617035025f,-0.8113434400843802f,-0.247625749123062f,0f,0f,0f,1f],start_interpolation:0}
execute if entity @s[tag=aj.folklore_microphone.bone.microphone] run data modify entity @s {} merge value {transformation:[-0.7739043865708394f,0.3743746212179046f,-0.5107990245041226f,-0.2045936909897228f,0.26213812179253193f,0.9235908868254401f,0.27975610605683116f,0.5442199614196686f,0.5765029102697543f,0.08260458075039037f,-0.8129088987639118f,0.23353929237142781f,0f,0f,0f,1f],start_interpolation:0}
execute if entity @s[tag=aj.folklore_microphone.bone.right_bend] run data modify entity @s {} merge value {transformation:[-0.7739043865708394f,-0.5107990245041225f,-0.3743746212179047f,-0.46609233533920646f,0.26213812179253193f,0.2797561060568314f,-0.92359088682544f,0.5475180919331885f,0.5765029102697543f,-0.8129088987639118f,-0.08260458075039055f,-0.11477120200001559f,0f,0f,0f,1f],start_interpolation:0}
execute if entity @s[tag=aj.folklore_microphone.bone.head] run data modify entity @s {} merge value {transformation:[-0.8167627786867611f,0.01277340827592675f,-0.5768322142468272f,0f,0.0004607187478808464f,0.9997690303166007f,0.02148659484514436f,0.8125f,0.5769734405413445f,0.017283693494751607f,-0.8165800161950224f,0f,0f,0f,0f,1f],start_interpolation:0}