execute if entity @s[tag=aj.folklore_microphone.bone.left_straight] run data modify entity @s {} merge value {transformation:[-0.9904051107702618f,0.1289980664754415f,0.049570307702726094f,-0.060224194327475056f,-0.10766420269981022f,-0.4953757308730016f,-0.8619810350112432f,0.994525852133656f,-0.08663795944711268f,-0.8590473701185736f,0.5045111295850699f,0.21213983214436366f,0f,0f,0f,1f],start_interpolation:0}
execute if entity @s[tag=aj.folklore_microphone.bone.left_bend] run data modify entity @s {} merge value {transformation:[-0.9904051107702618f,0.11935105072888351f,-0.06966378722160346f,0.31339719620375683f,-0.10766420269981022f,-0.9824248506842963f,-0.15247895662993266f,0.8709573543455056f,-0.08663795944711268f,-0.1435156418229394f,0.9858484287835482f,0.18853434910782002f,0f,0f,0f,1f],start_interpolation:0}
execute if entity @s[tag=aj.folklore_microphone.bone.right_straight] run data modify entity @s {} merge value {transformation:[-0.9751824730736497f,0.135800315318068f,-0.1748640002100881f,-0.06228415285447092f,0.14879523396059605f,0.9868320530121822f,-0.06342300448869508f,0.36529020136879264f,0.1639485363172599f,-0.08786793218959263f,-0.9825477616544416f,-0.029435740891902186f,0f,0f,0f,1f],start_interpolation:0}
execute if entity @s[tag=aj.folklore_microphone.bone.microphone] run data modify entity @s {} merge value {transformation:[-0.9751824730736497f,0.22080726674843132f,0.016226372393344173f,-0.3640865873868918f,0.14879523396059605f,0.5993453747188137f,0.7865399545819503f,0.26254533712261274f,0.1639485363172599f,0.7694343849570618f,-0.6173261736595785f,0.2837753604711268f,0f,0f,0f,1f],start_interpolation:0}
execute if entity @s[tag=aj.folklore_microphone.bone.right_bend] run data modify entity @s {} merge value {transformation:[-0.9751824730736497f,0.01622637239334422f,-0.22080726674843132f,-0.3869839627044029f,0.14879523396059605f,0.7865399545819504f,-0.5993453747188134f,0.517305366365715f,0.1639485363172599f,-0.6173261736595783f,-0.769434384957062f,-0.06876634891147089f,0f,0f,0f,1f],start_interpolation:0}
execute if entity @s[tag=aj.folklore_microphone.bone.head] run data modify entity @s {} merge value {transformation:[-1f,-8.22767752239344e-17f,9.070904081385026e-17f,0f,0f,0.7406955285148781f,0.6718408546955636f,0.8125f,-1.2246467991473532e-16f,0.6718408546955636f,-0.7406955285148781f,0f,0f,0f,0f,1f],start_interpolation:0}