execute if entity @s[tag=aj.folklore_microphone.bone.left_straight] run data modify entity @s {} merge value {transformation:[-0.8435859881623959f,-0.5000191972142766f,0.19581492025191674f,0.22762000137419502f,-0.27921904756142013f,0.09695497916024043f,-0.9553200801275618f,0.7092392377629217f,0.458693148035773f,-0.8605698893368441f,-0.22140474591075207f,0.445737035612411f,0f,0f,0f,1f],start_interpolation:0}
execute if entity @s[tag=aj.folklore_microphone.bone.left_bend] run data modify entity @s {} merge value {transformation:[-0.8435859881623959f,-0.39875500144693865f,0.3596625215352943f,0.5312571989553537f,-0.27921904756142013f,-0.24639068120469587f,-0.9280777745934764f,0.7573918828149098f,0.458693148035773f,-0.8833380332786187f,0.09651173456370238f,0.2602137085013166f,0f,0f,0f,1f],start_interpolation:0}
execute if entity @s[tag=aj.folklore_microphone.bone.right_straight] run data modify entity @s {} merge value {transformation:[-0.7739043865708405f,0.31870424685417964f,-0.5472655694299808f,-0.17983976641740815f,0.2621381217925294f,0.9478489482111385f,0.1812897583376497f,0.32932973177475766f,0.5765029102697541f,-0.003158229274219551f,-0.8170889915048148f,-0.20858667691239557f,0f,0f,0f,1f],start_interpolation:0}
execute if entity @s[tag=aj.folklore_microphone.bone.microphone] run data modify entity @s {} merge value {transformation:[-0.7739043865708405f,0.30910460550688157f,-0.552744374282404f,-0.17854390615279225f,0.2621381217925294f,0.950868528770742f,0.1647199019440256f,0.5839126593335703f,0.5765029102697541f,-0.01741791743577608f,-0.8169094261928335f,0.25046040985535123f,0f,0f,0f,1f],start_interpolation:0}
execute if entity @s[tag=aj.folklore_microphone.bone.right_bend] run data modify entity @s {} merge value {transformation:[-0.7739043865708405f,-0.5527443742824039f,-0.3091046055068817f,-0.44949166770100557f,0.2621381217925294f,0.16471990194402583f,-0.950868528770742f,0.5357948162268287f,0.5765029102697541f,-0.8169094261928335f,0.0174179174357759f,-0.08715564846763318f,0f,0f,0f,1f],start_interpolation:0}
execute if entity @s[tag=aj.folklore_microphone.bone.head] run data modify entity @s {} merge value {transformation:[-0.8626537384355674f,-0.049265249675158614f,-0.5033899708353198f,0f,-0.0027450050924963006f,0.9956865074747201f,-0.09274073419936035f,0.8125f,0.5057874973842098f,-0.07862133302888294f,-0.8590679213441621f,0f,0f,0f,0f,1f],start_interpolation:0}