execute if entity @s[tag=aj.folklore_microphone.bone.left_straight] run data modify entity @s {} merge value {transformation:[-0.9962772460459942f,-0.0005814191164091242f,0.08620505184048372f,-0.014092655032506396f,-0.07850483563713365f,-0.40703949590333965f,-0.9100306805577167f,1.0391176063216612f,0.03561797007966685f,-0.9134103736692318f,0.405478543798359f,0.2819685167179549f,0f,0f,0f,1f],start_interpolation:0}
execute if entity @s[tag=aj.folklore_microphone.bone.left_bend] run data modify entity @s {} merge value {transformation:[-0.9962772460459942f,0.06548018218171789f,0.05607133628208307f,0.3490111018748174f,-0.07850483563713365f,-0.957865643239571f,-0.2762795690651568f,0.9100081354318622f,0.03561797007966685f,-0.279652919245788f,0.9594402560684601f,0.1957421870324373f,0f,0f,0f,1f],start_interpolation:0}
execute if entity @s[tag=aj.folklore_microphone.bone.right_straight] run data modify entity @s {} merge value {transformation:[-0.9422775231676769f,0.15195621083278363f,-0.29836618327540193f,-0.0727610125867244f,0.18775794521751f,0.9776030120264574f,-0.09507525905563873f,0.42348458941742306f,0.2772364033468308f,-0.14560790111165298f,-0.949704330722553f,-0.046556114523387426f,0f,0f,0f,1f],start_interpolation:0}
execute if entity @s[tag=aj.folklore_microphone.bone.microphone] run data modify entity @s {} merge value {transformation:[-0.9422775231676769f,0.30983992118045195f,-0.1269342056968074f,-0.30172331529542723f,0.18775794521751f,0.8028295934923676f,0.5658724218590073f,0.44720277023472366f,0.2772364033468308f,0.5093759584587507f,-0.814663187828898f,0.3508509008622831f,0f,0f,0f,1f],start_interpolation:0}
execute if entity @s[tag=aj.folklore_microphone.bone.right_bend] run data modify entity @s {} merge value {transformation:[-0.9422775231676769f,-0.12693420569680736f,-0.309839921180452f,-0.39533676436522425f,0.18775794521751f,0.5658724218590075f,-0.8028295934923675f,0.5847424354346529f,0.2772364033468308f,-0.8146631878288979f,-0.5093759584587509f,-0.05168106283840135f,0f,0f,0f,1f],start_interpolation:0}
execute if entity @s[tag=aj.folklore_microphone.bone.head] run data modify entity @s {} merge value {transformation:[-1f,-6.600970226585925e-17f,1.0315191240782302e-16f,0f,0f,0.8422992856360005f,0.539010123668455f,0.878359375f,-1.2246467991473532e-16f,0.539010123668455f,-0.8422992856360005f,0f,0f,0f,0f,1f],start_interpolation:0}
execute if entity @s[tag=aj.folklore_microphone.bone.hair] run data modify entity @s {} merge value {transformation:[-1f,0f,1.2246467991473532e-16f,-0.010937499999999998f,0f,1f,0f,0.47210937500000005f,-1.2246467991473532e-16f,0f,-1f,-0.007968750000000002f,0f,0f,0f,1f],start_interpolation:0}
execute if entity @s[tag=aj.folklore_microphone.bone.outfit] run data modify entity @s {} merge value {transformation:[-1f,0f,1.2246467991473532e-16f,0f,0f,1f,0f,-0.559140625f,-1.2246467991473532e-16f,0f,-1f,0f,0f,0f,0f,1f],start_interpolation:0}
execute if entity @s[tag=aj.folklore_microphone.bone.chest] run data modify entity @s {} merge value {transformation:[-1f,0f,1.2246467991473532e-16f,-0.010937499999999998f,0f,1f,0f,0.12835937500000005f,-1.2246467991473532e-16f,0f,-1f,-0.007968750000000002f,0f,0f,0f,1f],start_interpolation:0}
execute if entity @s[tag=aj.folklore_microphone.bone.right_leg] run data modify entity @s {} merge value {transformation:[-1f,-1.0874937898919883e-16f,5.631314585496162e-17f,0.10625000000000001f,0f,0.45983173184438997f,0.8880060688919807f,0.2401875000000001f,-1.2246467991473532e-16f,0.8880060688919807f,-0.45983173184438997f,-0.062499999999999986f,0f,0f,0f,1f],start_interpolation:0}
execute if entity @s[tag=aj.folklore_microphone.bone.left_leg] run data modify entity @s {} merge value {transformation:[-1f,-1.0874937898919883e-16f,5.631314585496162e-17f,-0.10624999999999998f,0f,0.45983173184438997f,0.8880060688919807f,0.2401875000000001f,-1.2246467991473532e-16f,0.8880060688919807f,-0.45983173184438997f,-0.06250000000000001f,0f,0f,0f,1f],start_interpolation:0}
execute if entity @s[tag=aj.folklore_microphone.bone.waist] run data modify entity @s {} merge value {transformation:[-1f,0f,1.2246467991473532e-16f,0f,0f,1f,0f,0.940859375f,-1.2246467991473532e-16f,0f,-1f,0f,0f,0f,0f,1f],start_interpolation:0}