execute if entity @s[tag=aj.folklore_microphone.bone.left_straight] run data modify entity @s {} merge value {transformation:[-0.8605517351498174f,-0.47346432471975397f,0.18783568443803655f,0.21174756760094207f,-0.2620641630297498f,0.09533019683731148f,-0.9603304264816751f,0.7162266844700063f,0.4367757841114306f,-0.875639016255344f,-0.20611459828265008f,0.44296871641356966f,0f,0f,0f,1f],start_interpolation:0}
execute if entity @s[tag=aj.folklore_microphone.bone.left_bend] run data modify entity @s {} merge value {transformation:[-0.8605517351498174f,-0.4090105187541338f,0.30358047809289823f,0.5212991217699077f,-0.2620641630297498f,-0.15554647346615347f,-0.952432501045486f,0.7580011761860082f,0.4367757841114306f,-0.8991750052913601f,0.026668788370067503f,0.26586463109575403f,0f,0f,0f,1f],start_interpolation:0}
execute if entity @s[tag=aj.folklore_microphone.bone.right_straight] run data modify entity @s {} merge value {transformation:[-0.7739043865708396f,0.3530177372628852f,-0.525785581415281f,-0.1943075745472084f,0.2621381217925316f,0.9343299211846734f,0.24147712827952433f,0.33128626223036933f,0.5765029102697543f,0.04905176405425721f,-0.8156214311147477f,-0.22889807722970124f,0f,0f,0f,1f],start_interpolation:0}
execute if entity @s[tag=aj.folklore_microphone.bone.microphone] run data modify entity @s {} merge value {transformation:[-0.7739043865708396f,0.34378774728589734f,-0.531866510754814f,-0.19184785829411438f,0.2621381217925316f,0.9384019752001906f,0.22513404461223652f,0.5627809238396352f,0.5765029102697543f,0.03480973651823068f,-0.8163532793429784f,0.2422097082828734f,0f,0f,0f,1f],start_interpolation:0}
execute if entity @s[tag=aj.folklore_microphone.bone.right_bend] run data modify entity @s {} merge value {transformation:[-0.7739043865708396f,-0.5318665107548138f,-0.34378774728589745f,-0.4583638575954675f,0.2621381217925316f,0.22513404461223674f,-0.9384019752001906f,0.5414356509292478f,0.5765029102697543f,-0.8163532793429784f,-0.03480973651823086f,-0.10163069159992619f,0f,0f,0f,1f],start_interpolation:0}
execute if entity @s[tag=aj.folklore_microphone.bone.head] run data modify entity @s {} merge value {transformation:[-0.8371019062310178f,-0.017055699781245635f,-0.5467810363293231f,0f,-0.0012388100805223803f,0.9995703947854131f,-0.02928295098035212f,0.8125f,0.5470455775655085f,-0.02383545622607897f,-0.8367634116597796f,0f,0f,0f,0f,1f],start_interpolation:0}