execute if entity @s[tag=aj.folklore_microphone.bone.left_straight] run data modify entity @s {} merge value {transformation:[-0.765344668719764f,-0.011156762634986826f,0.6435239426079975f,0.04152289333917375f,-0.2355288478911055f,0.9353520961295554f,-0.26389887850677857f,0.36215266023199355f,-0.5989772114808067f,-0.35354205253909127f,-0.7184944795982244f,-0.09877178224761006f,0f,0f,0f,1f],start_interpolation:0}
execute if entity @s[tag=aj.folklore_microphone.bone.left_bend] run data modify entity @s {} merge value {transformation:[-0.9703934148381009f,0.19617689612376987f,0.14089444937999895f,0.3479337859881201f,-0.18231162453651237f,-0.2123017117867717f,-0.9600471106832542f,0.4429929639514167f,-0.15842692952180565f,-0.9573100900960203f,0.24178151170559475f,0.07007826970215926f,0f,0f,0f,1f],start_interpolation:0}
execute if entity @s[tag=aj.folklore_microphone.bone.right_straight] run data modify entity @s {} merge value {transformation:[-0.7739043865708404f,0.13205828580596615f,-0.6193808275983371f,-0.10358192133923222f,0.26213812179252943f,0.9570987076384577f,-0.12347335315718568f,0.3423645634203742f,0.5765029102697542f,-0.25791989645388713f,-0.7753203992310017f,-0.1121442244277058f,0f,0f,0f,1f],start_interpolation:0}
execute if entity @s[tag=aj.folklore_microphone.bone.microphone] run data modify entity @s {} merge value {transformation:[-0.7739043865708404f,0.12122848674669195f,-0.6215912277755522f,-0.12335942489101137f,0.26213812179252943f,0.9547980297259993f,-0.1401582232137485f,0.6996314955980101f,0.5765029102697542f,-0.2714118207308906f,-0.7707009913176748f,0.271922909878051f,0f,0f,0f,1f],start_interpolation:0}
execute if entity @s[tag=aj.folklore_microphone.bone.right_bend] run data modify entity @s {} merge value {transformation:[-0.7739043865708404f,-0.6215912277755522f,-0.1212284867466921f,-0.39983436160223235f,0.26213812179252943f,-0.14015822321374827f,-0.9547980297259993f,0.5236983796518919f,0.5765029102697542f,-0.7707009913176749f,0.27141182073089043f,-0.014994791274731495f,0f,0f,0f,1f],start_interpolation:0}
execute if entity @s[tag=aj.folklore_microphone.bone.head] run data modify entity @s {} merge value {transformation:[-0.9999973670383387f,-0.00009137717764713354f,0.0022929384207720145f,0f,0f,0.9992068710819662f,0.039819954577913035f,0.8125f,-0.0022947584600665964f,0.03981984973349927f,-0.9992042402085829f,0f,0f,0f,0f,1f],start_interpolation:0}