execute if entity @s[tag=aj.folklore_microphone.bone.left_straight] run data modify entity @s {} merge value {transformation:[-0.9882007998434499f,-0.09904382202246459f,0.11683107680727843f,0.02525606518208451f,-0.10752226666067495f,0.9918306161221101f,-0.06863665999293835f,0.3750216751617141f,-0.10907860175541552f,-0.08038874449833058f,-0.9907772244036828f,-0.016009857548757472f,0f,0f,0f,1f],start_interpolation:0}
execute if entity @s[tag=aj.folklore_microphone.bone.left_bend] run data modify entity @s {} merge value {transformation:[-0.9882007998434499f,-0.09980833300901344f,0.11617863766944295f,0.38089143325842423f,-0.10752226666067495f,0.9922596544905768f,-0.06212680775954734f,0.42181351895420865f,-0.10907860175541552f,-0.07388555157947271f,-0.9912834024167259f,-0.032354220813125986f,0f,0f,0f,1f],start_interpolation:0}
execute if entity @s[tag=aj.folklore_microphone.bone.right_straight] run data modify entity @s {} merge value {transformation:[-0.9700514276403549f,0.14001056982679652f,-0.19848745066045093f,-0.06433508625250028f,0.15656773772674268f,0.9851651823321314f,-0.07025743393853955f,0.36372201732857856f,0.18570614216023962f,-0.09923005521148348f,-0.9775820297584683f,-0.032544908982988466f,0f,0f,0f,1f],start_interpolation:0}
execute if entity @s[tag=aj.folklore_microphone.bone.microphone] run data modify entity @s {} merge value {transformation:[-0.9700514276403549f,0.20083081923961874f,0.13662799777663723f,-0.41876249008604105f,0.15656773772674268f,0.08693656132508923f,0.9838336128675921f,0.11703234807702184f,0.18570614216023962f,0.9757607372447985f,-0.1157765624617016f,0.10307706915251003f,0f,0f,0f,1f],start_interpolation:0}
execute if entity @s[tag=aj.folklore_microphone.bone.right_bend] run data modify entity @s {} merge value {transformation:[-0.9700514276403549f,0.13662799777663728f,-0.2008308192396187f,-0.38889317256621686f,0.15656773772674268f,0.9838336128675921f,-0.086936561325089f,0.5175553888532967f,0.18570614216023962f,-0.11577656246170137f,-0.9757607372447985f,-0.06545107932425834f,0f,0f,0f,1f],start_interpolation:0}
execute if entity @s[tag=aj.folklore_microphone.bone.head] run data modify entity @s {} merge value {transformation:[-1f,-1.200750510441022e-16f,2.4074466627005987e-17f,0f,0f,0.1965829383930744f,0.9804871994741924f,0.8125f,-1.2246467991473532e-16f,0.9804871994741924f,-0.1965829383930744f,0f,0f,0f,0f,1f],start_interpolation:0}