execute if entity @s[tag=aj.folklore_microphone.bone.left_straight] run data modify entity @s {} merge value {transformation:[-0.9044754616050608f,-0.4250927302085876f,-0.03493293686653293f,0.18957222938128582f,-0.22856041158846696f,0.5521983581248422f,-0.8017712339182164f,0.542427202840942f,0.36011703321118105f,-0.7171981204716291f,-0.5966092342422632f,0.3756771292046205f,0f,0f,0f,1f],start_interpolation:0}
execute if entity @s[tag=aj.folklore_microphone.bone.left_bend] run data modify entity @s {} merge value {transformation:[-0.9044754616050608f,-0.42274984311115754f,0.056627815636875585f,0.5031597738282203f,-0.22856041158846696f,0.3682924435238314f,-0.9011774599365856f,0.5866756157031842f,0.36011703321118105f,-0.8280357759135394f,-0.42973535600231916f,0.206449295176861f,0f,0f,0f,1f],start_interpolation:0}
execute if entity @s[tag=aj.folklore_microphone.bone.right_straight] run data modify entity @s {} merge value {transformation:[-0.7739043865708405f,0.4729569733360037f,-0.42116944549582136f,-0.2464888771873996f,0.2621381217925293f,0.8446217070339919f,0.46679521967354226f,0.3537613180424291f,0.576502910269754f,0.25085030073697767f,-0.7776364967455369f,-0.3091663761465763f,0f,0f,0f,1f],start_interpolation:0}
execute if entity @s[tag=aj.folklore_microphone.bone.microphone] run data modify entity @s {} merge value {transformation:[-0.7739043865708405f,0.4655345193563877f,-0.4293595366752998f,-0.24969691219541262f,0.2621381217925293f,0.8526397669537173f,0.45198344318370304f,0.489428387263005f,0.576502910269754f,0.2372404668194862f,-0.7818960003438922f,0.1979061324443381f,0f,0f,0f,1f],start_interpolation:0}
execute if entity @s[tag=aj.folklore_microphone.bone.right_bend] run data modify entity @s {} merge value {transformation:[-0.7739043865708405f,-0.4293595366752997f,-0.4655345193563878f,-0.4884527033808205f,0.2621381217925293f,0.4519834431837032f,-0.8526397669537172f,0.5734269383459691f,0.576502910269754f,-0.7818960003438922f,-0.23724046681948638f,-0.15656888041576997f,0f,0f,0f,1f],start_interpolation:0}
execute if entity @s[tag=aj.folklore_microphone.bone.head] run data modify entity @s {} merge value {transformation:[-0.8640236716222242f,0.18250230210701227f,-0.4692078479758111f,0f,0.0015828309926483042f,0.932962923527236f,0.3599689958448666f,0.8125f,0.5034486960182734f,0.3102790567362768f,-0.8063909209734114f,0f,0f,0f,0f,1f],start_interpolation:0}