execute if entity @s[tag=aj.folklore_microphone.bone.left_straight] run data modify entity @s {} merge value {transformation:[-0.9959741080904985f,-0.048801014615413356f,0.07519333072714754f,0.0053004403839092f,-0.07532923039183705f,0.0009489927151261623f,-0.9971582655032251f,1.0184620905840067f,0.04859097716561698f,-0.998808069843918f,-0.004621315046351983f,0.34202474536406935f,0f,0f,0f,1f],start_interpolation:0}
execute if entity @s[tag=aj.folklore_microphone.bone.left_bend] run data modify entity @s {} merge value {transformation:[-0.9959741080904985f,0.010636294824252213f,0.08900811898780675f,0.36098868085518965f,-0.07532923039183705f,-0.6375385823356426f,-0.766726850372434f,0.9436616592279016f,0.04859097716561698f,-0.7703450040506986f,0.6357731448183541f,0.21718920553337956f,0f,0f,0f,1f],start_interpolation:0}
execute if entity @s[tag=aj.folklore_microphone.bone.right_straight] run data modify entity @s {} merge value {transformation:[-0.903957482586261f,0.15453091859624518f,-0.3987242968193816f,-0.08103944697187315f,0.2159575752512278f,0.9697528210744356f,-0.11376199589398905f,0.5497228601589511f,0.36908426594467547f,-0.1889435397571834f,-0.9099874413507615f,-0.06249748294264508f,0f,0f,0f,1f],start_interpolation:0}
execute if entity @s[tag=aj.folklore_microphone.bone.microphone] run data modify entity @s {} merge value {transformation:[-0.903957482586261f,0.32521488076097854f,-0.2776619365486242f,-0.24081825855272912f,0.2159575752512278f,0.9076187380110146f,0.3599868776815396f,0.6792365673154942f,0.36908426594467547f,0.2654496331564916f,-0.8906813666453138f,0.3655139391890687f,0f,0f,0f,1f],start_interpolation:0}
execute if entity @s[tag=aj.folklore_microphone.bone.right_bend] run data modify entity @s {} merge value {transformation:[-0.903957482586261f,-0.27766193654862414f,-0.3252148807609786f,-0.39918904601018634f,0.2159575752512278f,0.3599868776815398f,-0.9076187380110144f,0.7179043092669855f,0.36908426594467547f,-0.8906813666453137f,-0.26544963315649184f,-0.03838718554724471f,0f,0f,0f,1f],start_interpolation:0}
execute if entity @s[tag=aj.folklore_microphone.bone.head] run data modify entity @s {} merge value {transformation:[-1f,-5.164315834751878e-17f,1.110431538750214e-16f,0f,0f,0.9067361622333391f,0.4216983899641493f,1.009921875f,-1.2246467991473532e-16f,0.4216983899641493f,-0.9067361622333391f,0f,0f,0f,0f,1f],start_interpolation:0}
execute if entity @s[tag=aj.folklore_microphone.bone.hair] run data modify entity @s {} merge value {transformation:[-1f,0f,1.2246467991473532e-16f,-0.010937499999999998f,0f,1f,0f,0.6036718750000001f,-1.2246467991473532e-16f,0f,-1f,-0.007968750000000002f,0f,0f,0f,1f],start_interpolation:0}
execute if entity @s[tag=aj.folklore_microphone.bone.outfit] run data modify entity @s {} merge value {transformation:[-1f,0f,1.2246467991473532e-16f,0f,0f,1f,0f,-0.427578125f,-1.2246467991473532e-16f,0f,-1f,0f,0f,0f,0f,1f],start_interpolation:0}
execute if entity @s[tag=aj.folklore_microphone.bone.chest] run data modify entity @s {} merge value {transformation:[-1f,0f,1.2246467991473532e-16f,-0.010937499999999998f,0f,1f,0f,0.259921875f,-1.2246467991473532e-16f,0f,-1f,-0.007968750000000002f,0f,0f,0f,1f],start_interpolation:0}
execute if entity @s[tag=aj.folklore_microphone.bone.right_leg] run data modify entity @s {} merge value {transformation:[-1f,-9.084971111757753e-17f,8.212142117907657e-17f,0.10625000000000001f,0f,0.6705722926500335f,0.7418441887149065f,0.3454375f,-1.2246467991473532e-16f,0.7418441887149065f,-0.6705722926500335f,-0.062499999999999986f,0f,0f,0f,1f],start_interpolation:0}
execute if entity @s[tag=aj.folklore_microphone.bone.left_leg] run data modify entity @s {} merge value {transformation:[-1f,-9.084971111757753e-17f,8.212142117907657e-17f,-0.10624999999999998f,0f,0.6705722926500335f,0.7418441887149065f,0.3454375f,-1.2246467991473532e-16f,0.7418441887149065f,-0.6705722926500335f,-0.06250000000000001f,0f,0f,0f,1f],start_interpolation:0}
execute if entity @s[tag=aj.folklore_microphone.bone.waist] run data modify entity @s {} merge value {transformation:[-1f,0f,1.2246467991473532e-16f,0f,0f,1f,0f,1.072421875f,-1.2246467991473532e-16f,0f,-1f,0f,0f,0f,0f,1f],start_interpolation:0}