execute if entity @s[tag=aj.folklore_microphone.bone.left_straight] run data modify entity @s {} merge value {transformation:[-0.8051516611104595f,0.23926306055901092f,0.5426637913690232f,-0.06413380063982488f,-0.16566836063441318f,0.7878482986344977f,-0.5931686544511886f,0.4620445158046551f,-0.5694600924522927f,-0.567492948141792f,-0.5946990473454316f,-0.012147176711172603f,0f,0f,0f,1f],start_interpolation:0}
execute if entity @s[tag=aj.folklore_microphone.bone.left_bend] run data modify entity @s {} merge value {transformation:[-0.8051516611104595f,0.577512025437678f,-0.13494688987130649f,0.2540263522903709f,-0.16566836063441318f,-0.4374940472693243f,-0.8838285766417674f,0.49830688801206335f,-0.5694600924522927f,-0.6892596166023202f,0.4479245293857539f,0.15030985555317206f,0f,0f,0f,1f],start_interpolation:0}
execute if entity @s[tag=aj.folklore_microphone.bone.right_straight] run data modify entity @s {} merge value {transformation:[-0.7674966124230078f,0.1033103212318704f,-0.6326736342271385f,-0.09384979903886881f,0.26324803472373526f,0.950667289987513f,-0.16411025550491598f,0.346703325943848f,0.5845078460836076f,-0.29250415599571483f,-0.7568301636377451f,-0.10241526221549042f,0f,0f,0f,1f],start_interpolation:0}
execute if entity @s[tag=aj.folklore_microphone.bone.microphone] run data modify entity @s {} merge value {transformation:[-0.7674966124230078f,0.09225290916286667f,-0.634380288683527f,-0.11403577267877119f,0.26324803472373526f,0.9476583798749894f,-0.18067669264960978f,0.7161871491697291f,0.5845078460836076f,-0.3056681138157828f,-0.751609993323002f,0.26989187573755924f,0f,0f,0f,1f],start_interpolation:0}
execute if entity @s[tag=aj.folklore_microphone.bone.right_bend] run data modify entity @s {} merge value {transformation:[-0.7674966124230078f,-0.634380288683527f,-0.09225290916286681f,-0.39225423416221206f,0.26324803472373526f,-0.18067669264960956f,-0.9476583798749894f,0.5242172144876943f,0.5845078460836076f,-0.7516099933230022f,0.3056681138157826f,-0.004798224227371403f,0f,0f,0f,1f],start_interpolation:0}
execute if entity @s[tag=aj.folklore_microphone.bone.head] run data modify entity @s {} merge value {transformation:[-0.9502827374880077f,-0.0017389892931980561f,0.31138351714330736f,0f,-0.018480588388056902f,0.9985366917614745f,-0.05082266284721144f,0.8125f,-0.31083948701078734f,-0.054050449788029066f,-0.9489243184746518f,0f,0f,0f,0f,1f],start_interpolation:0}