execute if entity @s[tag=aj.folklore_microphone.bone.left_straight] run data modify entity @s {} merge value {transformation:[-0.9963828692555725f,0.014334484336493907f,0.08375977801331272f,-0.01977668701426566f,-0.08069922908174736f,-0.46842475356030944f,-0.879810141267748f,1.3461031059556945f,0.02662352868506122f,-0.8833871024702421f,0.46788718181799505f,0.2637410621541889f,0f,0f,0f,1f],start_interpolation:0}
execute if entity @s[tag=aj.folklore_microphone.bone.left_bend] run data modify entity @s {} merge value {transformation:[-0.9963828692555725f,0.07430693698368285f,0.04122689619818112f,0.3452362353200131f,-0.08069922908174736f,-0.9794008618353465f,-0.18509885537677367f,1.2100206484194136f,0.02662352868506122f,-0.18775630735685855f,0.9818547533968923f,0.18949746479639645f,0f,0f,0f,1f],start_interpolation:0}
execute if entity @s[tag=aj.folklore_microphone.bone.right_straight] run data modify entity @s {} merge value {transformation:[-0.9178295389490807f,0.15472870346369397f,-0.36557894599793633f,0.015443247738259502f,0.20703511575854633f,0.9723255662405297f,-0.10825642742063252f,0.705457701926185f,0.33871137901665355f,-0.17504862627132386f,-0.9244634012037248f,-0.05698389330195142f,0f,0f,0f,1f],start_interpolation:0}
execute if entity @s[tag=aj.folklore_microphone.bone.microphone] run data modify entity @s {} merge value {transformation:[-0.9178295389490807f,0.3497374041823549f,-0.18781023813494815f,-0.18054779996984244f,0.20703511575854633f,0.8253853242223204f,0.5252385433317517f,0.7535954567677907f,0.33871137901665355f,0.4431961356715592f,-0.8299709555462972f,0.3578897427887569f,0f,0f,0f,1f],start_interpolation:0}
execute if entity @s[tag=aj.folklore_microphone.bone.right_bend] run data modify entity @s {} merge value {transformation:[-0.9178295389490807f,-0.18781023813494807f,-0.34973740418235494f,-0.30445826271327536f,0.20703511575854633f,0.5252385433317519f,-0.8253853242223202f,0.8714233135324579f,0.33871137901665355f,-0.8299709555462971f,-0.44319613567155935f,-0.042704082105904484f,0f,0f,0f,1f],start_interpolation:0}
execute if entity @s[tag=aj.folklore_microphone.bone.head] run data modify entity @s {} merge value {transformation:[-1f,-3.2866967578284537e-17f,1.179718621910605e-16f,0f,0f,0.9633133591921941f,0.26837915716733834f,1.163984375f,-1.2246467991473532e-16f,0.26837915716733834f,-0.9633133591921941f,0f,0f,0f,0f,1f],start_interpolation:0}
execute if entity @s[tag=aj.folklore_microphone.bone.hair] run data modify entity @s {} merge value {transformation:[-1f,0f,1.2246467991473532e-16f,-0.010937499999999998f,0f,1f,0f,0.7577343750000001f,-1.2246467991473532e-16f,0f,-1f,-0.007968750000000002f,0f,0f,0f,1f],start_interpolation:0}
execute if entity @s[tag=aj.folklore_microphone.bone.outfit] run data modify entity @s {} merge value {transformation:[-1f,0f,1.2246467991473532e-16f,0f,0f,1f,0f,-0.273515625f,-1.2246467991473532e-16f,0f,-1f,0f,0f,0f,0f,1f],start_interpolation:0}
execute if entity @s[tag=aj.folklore_microphone.bone.chest] run data modify entity @s {} merge value {transformation:[-1f,0f,1.2246467991473532e-16f,-0.010937499999999998f,0f,1f,0f,0.413984375f,-1.2246467991473532e-16f,0f,-1f,-0.007968750000000002f,0f,0f,0f,1f],start_interpolation:0}
execute if entity @s[tag=aj.folklore_microphone.bone.right_leg] run data modify entity @s {} merge value {transformation:[-1f,-6.240167513233753e-17f,1.0537375748874472e-16f,0.10625000000000001f,0f,0.8604420275471265f,0.5095483463132717f,0.4686875f,-1.2246467991473532e-16f,0.5095483463132717f,-0.8604420275471265f,-0.062499999999999986f,0f,0f,0f,1f],start_interpolation:0}
execute if entity @s[tag=aj.folklore_microphone.bone.left_leg] run data modify entity @s {} merge value {transformation:[-1f,-6.240167513233753e-17f,1.0537375748874472e-16f,-0.10624999999999998f,0f,0.8604420275471265f,0.5095483463132717f,0.4686875f,-1.2246467991473532e-16f,0.5095483463132717f,-0.8604420275471265f,-0.06250000000000001f,0f,0f,0f,1f],start_interpolation:0}
execute if entity @s[tag=aj.folklore_microphone.bone.waist] run data modify entity @s {} merge value {transformation:[-1f,0f,1.2246467991473532e-16f,0f,0f,1f,0f,1.226484375f,-1.2246467991473532e-16f,0f,-1f,0f,0f,0f,0f,1f],start_interpolation:0}