execute if entity @s[tag=aj.folklore_microphone.bone.left_straight] run data modify entity @s {} merge value {transformation:[-0.8116448996380503f,0.02289068252114776f,0.5837024700523847f,0.015169534862640166f,-0.24884802523857166f,0.890479516911314f,-0.3809473589569247f,0.38119943891317976f,-0.528495238603341f,-0.454447187927386f,-0.7170568569914723f,-0.03475036288744419f,0f,0f,0f,1f],start_interpolation:0}
execute if entity @s[tag=aj.folklore_microphone.bone.left_bend] run data modify entity @s {} merge value {transformation:[-0.8116448996380503f,0.5509148104338775f,-0.19423034916341972f,0.3351659940545696f,-0.24884802523857166f,-0.6269082686462242f,-0.7382822516069697f,0.4598201811582572f,-0.528495238603341f,-0.5508891851793775f,0.645920961438781f,0.10791769547276979f,0f,0f,0f,1f],start_interpolation:0}
execute if entity @s[tag=aj.folklore_microphone.bone.right_straight] run data modify entity @s {} merge value {transformation:[-0.7700667166866615f,0.1235063367904751f,-0.6258941097534173f,-0.10119008818653852f,0.2628128212280199f,0.9553799690311244f,-0.13482780044284853f,0.343425198428388f,0.5813146074627696f,-0.26831939837940433f,-0.768165364751445f,-0.11010598337758168f,0f,0f,0f,1f],start_interpolation:0}
execute if entity @s[tag=aj.folklore_microphone.bone.microphone] run data modify entity @s {} merge value {transformation:[-0.7700667166866615f,0.27415416826929484f,-0.576052726642272f,-0.12130719473395246f,0.2628128212280199f,0.9591025917952972f,0.10512677779572725f,0.5978442163863662f,0.5813146074627696f,-0.07043940965194499f,-0.8106242142437465f,0.3165457861534001f,0f,0f,0f,1f],start_interpolation:0}
execute if entity @s[tag=aj.folklore_microphone.bone.right_bend] run data modify entity @s {} merge value {transformation:[-0.7700667166866615f,-0.5760527266422719f,-0.27415416826929495f,-0.3976593908496452f,0.2628128212280199f,0.10512677779572746f,-0.9591025917952972f,0.5238215773493795f,0.5813146074627696f,-0.8106242142437465f,0.07043940965194481f,-0.011878834974210876f,0f,0f,0f,1f],start_interpolation:0}