execute if entity @s[tag=aj.folklore_microphone.bone.left_straight] run data modify entity @s {} merge value {transformation:[-0.9303179988996064f,-0.31378310821690886f,0.18986464105032166f,0.12501523299207268f,-0.32394069350217986f,0.46030340882443777f,-0.8265489694615371f,0.5455574628449253f,0.1719617632404327f,-0.8304582667553728f,-0.5298756638692734f,0.34919004856241925f,0f,0f,0f,1f],start_interpolation:0}
execute if entity @s[tag=aj.folklore_microphone.bone.left_bend] run data modify entity @s {} merge value {transformation:[-0.9272474586523738f,-0.007134258833543461f,0.3743811597471356f,0.4614186655813408f,-0.3413225584016479f,-0.39504971825476864f,-0.8528977847508934f,0.6211362216908358f,0.15398396523296826f,-0.9186320386627737f,0.363873763815706f,0.2489218500332649f,0f,0f,0f,1f],start_interpolation:0}
execute if entity @s[tag=aj.folklore_microphone.bone.right_straight] run data modify entity @s {} merge value {transformation:[-0.7739043865708395f,0.3964336310234064f,-0.49387485929130903f,-0.21287136494523326f,0.2621381217925321f,0.9104218731527915f,0.32002440217590566f,0.33626734981306133f,0.5765029102697542f,0.11820486063846902f,-0.8084998487148553f,-0.2560832509463274f,0f,0f,0f,1f],start_interpolation:0}
execute if entity @s[tag=aj.folklore_microphone.bone.microphone] run data modify entity @s {} merge value {transformation:[-0.7739043865708395f,0.38775394748772396f,-0.500718360612131f,-0.21049913255199343f,0.2621381217925321f,0.9158684074284057f,0.3040866083497257f,0.5361254557107799f,0.5765029102697542f,0.10407658950140171f,-0.8104396695425641f,0.2292923604605963f,0f,0f,0f,1f],start_interpolation:0}
execute if entity @s[tag=aj.folklore_microphone.bone.right_bend] run data modify entity @s {} merge value {transformation:[-0.7739043865708395f,-0.5007183606121309f,-0.38775394748772407f,-0.4694416929812383f,0.2621381217925321f,0.3040866083497259f,-0.9158684074284056f,0.5505396790973769f,0.5765029102697542f,-0.8104396695425641f,-0.10407658950140189f,-0.12064134713741347f,0f,0f,0f,1f],start_interpolation:0}
execute if entity @s[tag=aj.folklore_microphone.bone.head] run data modify entity @s {} merge value {transformation:[-0.9003442566655243f,0.12315144296456249f,-0.41738943636027787f,0f,0.0016206687048618898f,0.9600648676779862f,0.2797728065473843f,0.8125f,0.43517535881797514f,0.2512153895488832f,-0.8645884773297927f,0f,0f,0f,0f,1f],start_interpolation:0}