execute if entity @s[tag=aj.folklore_microphone.bone.left_straight] run data modify entity @s {} merge value {transformation:[-0.9964057232752397f,-0.07958534987533938f,0.02901390545180691f,0.019594503570838584f,-0.08213894872099976f,0.8240018908705724f,-0.5606015313435472f,0.9396359111692513f,0.020708156058798353f,-0.560969745999676f,-0.8275772570254112f,0.2073495229741465f,0f,0f,0f,1f],start_interpolation:0}
execute if entity @s[tag=aj.folklore_microphone.bone.left_bend] run data modify entity @s {} merge value {transformation:[-0.9964057232752397f,-0.06919510936780501f,0.04886380525423778f,0.3712394817064071f,-0.08213894872099976f,0.6482082768865116f,-0.7570199620081549f,0.9681744753916667f,0.020708156058798353f,-0.7583126443726209f,-0.6515620505042077f,0.11258958607221174f,0f,0f,0f,1f],start_interpolation:0}
execute if entity @s[tag=aj.folklore_microphone.bone.right_straight] run data modify entity @s {} merge value {transformation:[-0.8256833776147822f,0.14061617588083292f,-0.546327787149158f,-0.09364908189842552f,0.2498338961485783f,0.9594355428885561f,-0.13063867489133116f,0.8096947738089035f,0.5057963861731974f,-0.24435738196909906f,-0.8273206667377175f,-0.09103204415220029f,0f,0f,0f,1f],start_interpolation:0}
execute if entity @s[tag=aj.folklore_microphone.bone.microphone] run data modify entity @s {} merge value {transformation:[-0.8256833776147822f,0.2284915826846389f,-0.5157892559688635f,-0.15425733769906136f,0.2498338961485783f,0.9678597708042943f,0.02881819553477378f,1.093580970980713f,0.5057963861731974f,-0.10506693438436229f,-0.8562306669544171f,0.3229831241278816f,0f,0f,0f,1f],start_interpolation:0}
execute if entity @s[tag=aj.folklore_microphone.bone.right_bend] run data modify entity @s {} merge value {transformation:[-0.8256833776147822f,-0.5157892559688635f,-0.228491582684639f,-0.3999316172652678f,0.2498338961485783f,0.028818195534773994f,-0.9678597708042943f,0.9865745310437661f,0.5057963861731974f,-0.8562306669544171f,0.1050669343843621f,-0.020391873975398052f,0f,0f,0f,1f],start_interpolation:0}
execute if entity @s[tag=aj.folklore_microphone.bone.head] run data modify entity @s {} merge value {transformation:[-1f,-2.4439884453338247e-17f,1.2000120780444692e-16f,0f,0f,0.9798842236634794f,0.19956680138595265f,1.27625f,-1.2246467991473532e-16f,0.19956680138595265f,-0.9798842236634794f,0f,0f,0f,0f,1f],start_interpolation:0}
execute if entity @s[tag=aj.folklore_microphone.bone.hair] run data modify entity @s {} merge value {transformation:[-1f,0f,1.2246467991473532e-16f,-0.010937499999999998f,0f,1f,0f,0.87f,-1.2246467991473532e-16f,0f,-1f,-0.007968750000000002f,0f,0f,0f,1f],start_interpolation:0}
execute if entity @s[tag=aj.folklore_microphone.bone.outfit] run data modify entity @s {} merge value {transformation:[-1f,0f,1.2246467991473532e-16f,0f,0f,1f,0f,-0.16125f,-1.2246467991473532e-16f,0f,-1f,0f,0f,0f,0f,1f],start_interpolation:0}
execute if entity @s[tag=aj.folklore_microphone.bone.chest] run data modify entity @s {} merge value {transformation:[-1f,0f,1.2246467991473532e-16f,-0.010937499999999998f,0f,1f,0f,0.52625f,-1.2246467991473532e-16f,0f,-1f,-0.007968750000000002f,0f,0f,0f,1f],start_interpolation:0}
execute if entity @s[tag=aj.folklore_microphone.bone.right_leg] run data modify entity @s {} merge value {transformation:[-1f,-3.7965614501836746e-17f,1.1643113819814912e-16f,0.10625000000000001f,0f,0.9507323930394708f,0.3100127688103205f,0.5585f,-1.2246467991473532e-16f,0.3100127688103205f,-0.9507323930394708f,-0.062499999999999986f,0f,0f,0f,1f],start_interpolation:0}
execute if entity @s[tag=aj.folklore_microphone.bone.left_leg] run data modify entity @s {} merge value {transformation:[-1f,-3.7965614501836746e-17f,1.1643113819814912e-16f,-0.10624999999999998f,0f,0.9507323930394708f,0.3100127688103205f,0.5585f,-1.2246467991473532e-16f,0.3100127688103205f,-0.9507323930394708f,-0.06250000000000001f,0f,0f,0f,1f],start_interpolation:0}
execute if entity @s[tag=aj.folklore_microphone.bone.waist] run data modify entity @s {} merge value {transformation:[-1f,0f,1.2246467991473532e-16f,0f,0f,1f,0f,1.33875f,-1.2246467991473532e-16f,0f,-1f,0f,0f,0f,0f,1f],start_interpolation:0}