execute if entity @s[tag=aj.folklore_microphone.bone.left_straight] run data modify entity @s {} merge value {transformation:[-0.8966384645647734f,0.4162779864359739f,0.1508379987660163f,-0.14380955976446724f,-0.04242024260637173f,0.25834051093617827f,-0.9651221184008013f,0.7312264377318272f,-0.4407266577825106f,-0.8717641988623098f,-0.21397942588438798f,0.13065695619466883f,0f,0f,0f,1f],start_interpolation:0}
execute if entity @s[tag=aj.folklore_microphone.bone.left_bend] run data modify entity @s {} merge value {transformation:[-0.8966384645647734f,0.4410963926801429f,0.0383853647565163f,0.18764575508650977f,-0.04242024260637173f,0.0007145408928290187f,-0.9990996008649631f,0.6968723083989331f,-0.4407266577825106f,-0.8974594485523438f,0.01807073114127214f,0.2644115745733662f,0f,0f,0f,1f],start_interpolation:0}
execute if entity @s[tag=aj.folklore_microphone.bone.right_straight] run data modify entity @s {} merge value {transformation:[-0.7739043865708405f,0.1472780407797748f,-0.6159392657969469f,-0.10966724905856512f,0.26213812179252954f,0.9598502307974612f,-0.09985559343945292f,0.3400104422366527f,0.5765029102697539f,-0.2387398440607084f,-0.7814394930564826f,-0.11924281289489172f,0f,0f,0f,1f],start_interpolation:0}
execute if entity @s[tag=aj.folklore_microphone.bone.microphone] run data modify entity @s {} merge value {transformation:[-0.7739043865708405f,0.13650598721343643f,-0.6184158114903726f,-0.1269223818320226f,0.26213812179252954f,0.9579613205564304f,-0.11659208129570846f,0.6901531648229576f,0.5765029102697539f,-0.25234148246506216f,-0.7771538912453817f,0.27144978793217345f,0f,0f,0f,1f],start_interpolation:0}
execute if entity @s[tag=aj.folklore_microphone.bone.right_bend] run data modify entity @s {} merge value {transformation:[-0.7739043865708405f,-0.6184158114903726f,-0.13650598721343657f,-0.4039598071480295f,0.26213812179252954f,-0.11659208129570825f,-0.9579613205564304f,0.5236711672644732f,0.5765029102697539f,-0.7771538912453818f,0.252341482465062f,-0.020520465028630613f,0f,0f,0f,1f],start_interpolation:0}
execute if entity @s[tag=aj.folklore_microphone.bone.head] run data modify entity @s {} merge value {transformation:[-0.9988279732302284f,-0.020368660279545384f,-0.04390669164501734f,0f,-0.016663140051295457f,0.9963961926435264f,-0.08316830555635721f,0.8125f,0.04544248734857148f,-0.08233920672377865f,-0.995567795471345f,0f,0f,0f,0f,1f],start_interpolation:0}