execute if entity @s[tag=aj.folklore_microphone.bone.left_straight] run data modify entity @s {} merge value {transformation:[-0.8073179836541805f,-0.0058822966134856785f,0.5900873425647252f,0.027505592211150842f,-0.24991961323682077f,0.9092551012782193f,-0.3328593512567929f,0.37092152193297717f,-0.5345819489920197f,-0.41619774072679216f,-0.7355280962857963f,-0.05072364400089017f,0f,0f,0f,1f],start_interpolation:0}
execute if entity @s[tag=aj.folklore_microphone.bone.left_bend] run data modify entity @s {} merge value {transformation:[-0.8073179836541805f,0.5645451417320337f,-0.17183264013366734f,0.3459558612300571f,-0.24991961323682077f,-0.5908718876918673f,-0.7670792653011861f,0.45277933702066775f,-0.5345819489920197f,-0.5763325388022158f,0.6181124044457337f,0.09357415277254709f,0f,0f,0f,1f],start_interpolation:0}
execute if entity @s[tag=aj.folklore_microphone.bone.right_straight] run data modify entity @s {} merge value {transformation:[-0.7605474661448425f,0.0976346508736805f,-0.6418995456373482f,-0.09346013903918415f,0.26435922732156264f,0.9495378770551773f,-0.16879579072800738f,0.3470266627612979f,0.5930276137504946f,-0.29806927883685264f,-0.7479792472676449f,-0.10357691382449241f,0f,0f,0f,1f],start_interpolation:0}
execute if entity @s[tag=aj.folklore_microphone.bone.microphone] run data modify entity @s {} merge value {transformation:[-0.7605474661448425f,0.08641708888107771f,-0.6435057408368471f,-0.10967276523024994f,0.26435922732156264f,0.9464473650926241f,-0.18534180326946115f,0.7181507644032394f,0.5930276137504946f,-0.3110779192719232f,-0.7426633002046383f,0.26729021340660475f,0f,0f,0f,1f],start_interpolation:0}
execute if entity @s[tag=aj.folklore_microphone.bone.right_bend] run data modify entity @s {} merge value {transformation:[-0.7605474661448425f,-0.6435057408368471f,-0.08641708888107785f,-0.3909639980754095f,0.26435922732156264f,-0.18534180326946093f,-0.9464473650926241f,0.5243849094837786f,0.5930276137504946f,-0.7426633002046384f,0.311077919271923f,-0.0029738333006143203f,0f,0f,0f,1f],start_interpolation:0}