execute if entity @s[tag=aj.folklore_microphone.bone.left_straight] run data modify entity @s {} merge value {transformation:[-0.7666904324660931f,-0.010883420095970082f,0.6419247089277447f,0.0410268557381549f,-0.23598548464504088f,0.9346398949021621f,-0.26600586063867154f,0.36238157122832676f,-0.5970733889580075f,-0.355429061873519f,-0.7191477943885457f,-0.09732967800730426f,0f,0f,0f,1f],start_interpolation:0}
execute if entity @s[tag=aj.folklore_microphone.bone.left_bend] run data modify entity @s {} merge value {transformation:[-0.9795801983697107f,0.14527246145512202f,0.13899117563618346f,0.3478312825359888f,-0.17091032524521246f,-0.23759099033386089f,-0.9562113689120991f,0.4432600394116891f,-0.10588812816616411f,-0.9604407494764813f,0.2575679930785669f,0.07078589820256968f,0f,0f,0f,1f],start_interpolation:0}
execute if entity @s[tag=aj.folklore_microphone.bone.right_straight] run data modify entity @s {} merge value {transformation:[-0.7739043865708405f,0.12165790440633353f,-0.6215073247692827f,-0.09943581299802146f,0.26213812179252943f,0.9548946347384977f,-0.1394985363748168f,0.3440925149414452f,0.5765029102697542f,-0.270879292016002f,-0.7708883210993752f,-0.10736414540800154f,0f,0f,0f,1f],start_interpolation:0}
execute if entity @s[tag=aj.folklore_microphone.bone.microphone] run data modify entity @s {} merge value {transformation:[-0.7739043865708405f,0.1107925768826068f,-0.6235358893873896f,-0.12101123499435323f,0.26213812179252943f,0.9523146145062715f,-0.15614249934228835f,0.706112388815852f,0.5765029102697542f,-0.2842918920853762f,-0.7660434155744834f,0.2721282605948525f,0f,0f,0f,1f],start_interpolation:0}
execute if entity @s[tag=aj.folklore_microphone.bone.right_bend] run data modify entity @s {} merge value {transformation:[-0.7739043865708405f,-0.6235358893873896f,-0.11079257688260694f,-0.3970082085620516f,0.26213812179252943f,-0.15614249934228813f,-0.9523146145062715f,0.5238106004516423f,0.5765029102697542f,-0.7660434155744835f,0.28429189208537603f,-0.011251956942404967f,0f,0f,0f,1f],start_interpolation:0}
execute if entity @s[tag=aj.folklore_microphone.bone.head] run data modify entity @s {} merge value {transformation:[-0.9999999892608505f,0.000009174081028016252f,-0.00014626734068019212f,0f,0.000010495421154004324f,0.999959171814154f,-0.009036293188998578f,0.8125f,0.00014617846916411485f,-0.009036294627093818f,-0.9999591611717288f,0f,0f,0f,0f,1f],start_interpolation:0}