execute if entity @s[tag=aj.folklore_microphone.bone.left_bend] run data modify entity @s {} merge value {transformation:[-0.9390010731770344f,0.27027817473244264f,0.21266568325819935f,0.3459558612300571f,-0.20587785259576788f,0.05356824821220413f,-0.9771104096232067f,0.45277933702066775f,-0.275483746132023f,-0.9612908774386527f,0.005343647657945483f,0.09357415277254709f,0f,0f,0f,1f],start_interpolation:0}
execute if entity @s[tag=aj.folklore_microphone.bone.right_straight] run data modify entity @s {} merge value {transformation:[-0.7739043865708405f,0.0724279127959745f,-0.6291471989085143f,-0.07994257936235238f,0.26213812179252916f,0.9409747626084334f,-0.21412636744942834f,0.35355601430513256f,0.576502910269754f,-0.33063680010250096f,-0.7472106134608117f,-0.08549928601914852f,0f,0f,0f,1f],start_interpolation:0}
execute if entity @s[tag=aj.folklore_microphone.bone.microphone] run data modify entity @s {} merge value {transformation:[-0.7739043865708405f,0.06143674904981329f,-0.6303154181142971f,-0.11082806639829867f,0.26213812179252916f,0.937094427200708f,-0.2305160289707903f,0.736831554785415f,0.576502910269754f,-0.3436270658367402f,-0.741326401846674f,0.27183014306317044f,0f,0f,0f,1f],start_interpolation:0}
execute if entity @s[tag=aj.folklore_microphone.bone.right_bend] run data modify entity @s {} merge value {transformation:[-0.7739043865708405f,-0.6303154181142971f,-0.06143674904981343f,-0.3835548632122715f,0.26213812179252916f,-0.2305160289707901f,-0.937094427200708f,0.5253499451667348f,0.576502910269754f,-0.7413264018466741f,0.34362706583674f,0.006108028357857648f,0f,0f,0f,1f],start_interpolation:0}
execute if entity @s[tag=aj.folklore_microphone.bone.head] run data modify entity @s {} merge value {transformation:[-0.9996758978217926f,0.0012080122026530866f,-0.025429117576339002f,0f,0.0018227519839192964f,0.9997063133309458f,-0.024165360776405388f,0.8125f,0.02539245733280161f,-0.024203879704852174f,-0.9993845082438665f,0f,0f,0f,0f,1f],start_interpolation:0}