execute if entity @s[tag=aj.folklore_microphone.bone.left_straight] run data modify entity @s {} merge value {transformation:[-0.8087587247443343f,0.12980133682276151f,0.5736383338907382f,-0.024685843596555457f,-0.20409389730309324f,0.8527946313938989f,-0.4807150899954967f,0.4171165208864902f,-0.5515931528160519f,-0.5058586063563297f,-0.6632134378476354f,-0.02595712864373674f,0f,0f,0f,1f],start_interpolation:0}
execute if entity @s[tag=aj.folklore_microphone.bone.left_bend] run data modify entity @s {} merge value {transformation:[-0.8087587247443343f,0.5689253921676678f,-0.149108092660269f,0.2950744986914644f,-0.20409389730309324f,-0.5092530409115287f,-0.8360663977256801f,0.47395201322728786f,-0.5515931528160519f,-0.6457439418757455f,0.5279770405019723f,0.12719697738362368f,0f,0f,0f,1f],start_interpolation:0}
execute if entity @s[tag=aj.folklore_microphone.bone.right_straight] run data modify entity @s {} merge value {transformation:[-0.7651205845001764f,0.10078426983392033f,-0.635950487167163f,-0.09348303502834482f,0.2636386624844505f,0.9501234836625114f,-0.16661338912711438f,0.34692054409850864f,0.5874394835364051f,-0.29514046951757866f,-0.7535296652656912f,-0.10254935661737842f,0f,0f,0f,1f],start_interpolation:0}
execute if entity @s[tag=aj.folklore_microphone.bone.microphone] run data modify entity @s {} merge value {transformation:[-0.7651205845001764f,0.0896700535254352f,-0.6376125568672985f,-0.11241078526560871f,0.2636386624844505f,0.9470709706689836f,-0.18316995430342622f,0.7172278894824365f,0.5874394835364051f,-0.3082464241752933f,-0.7482639876177568f,0.2690049252229204f,0f,0f,0f,1f],start_interpolation:0}
execute if entity @s[tag=aj.folklore_microphone.bone.right_bend] run data modify entity @s {} merge value {transformation:[-0.7651205845001764f,-0.6376125568672985f,-0.08967005352543533f,-0.39165407777153294f,0.2636386624844505f,-0.183169954303426f,-0.9470709706689836f,0.5242902376961417f,0.5874394835364051f,-0.7482639876177569f,0.30824642417529313f,-0.003961858954976347f,0f,0f,0f,1f],start_interpolation:0}
execute if entity @s[tag=aj.folklore_microphone.bone.head] run data modify entity @s {} merge value {transformation:[-0.9843279381752432f,-0.005135885061410362f,0.17627289301622812f,0f,-0.010434571458136869f,0.9995207057948796f,-0.02914581283461922f,0.8125f,-0.17603871689534567f,-0.030528369952252624f,-0.9839097462582118f,0f,0f,0f,0f,1f],start_interpolation:0}