execute if entity @s[tag=aj.folklore_microphone.bone.left_straight] run data modify entity @s {} merge value {transformation:[-0.8026967470039108f,-0.03766564650597796f,0.5951968005816449f,0.041182110036399044f,-0.25931929051911484f,0.9207643651706487f,-0.29145581036677776f,0.36086994729943844f,-0.537058132713771f,-0.3882966429228804f,-0.7488619894084748f,-0.06168647695436856f,0f,0f,0f,1f],start_interpolation:0}
execute if entity @s[tag=aj.folklore_microphone.bone.left_bend] run data modify entity @s {} merge value {transformation:[-0.8026967470039108f,0.5672794089433221f,-0.18404348545453839f,0.35787461743974175f,-0.25931929051911484f,-0.609888708255515f,-0.7488586442761292f,0.44846336306100665f,-0.537058132713771f,-0.5533803716534719f,0.6366621760044042f,0.08311124109608019f,0f,0f,0f,1f],start_interpolation:0}
execute if entity @s[tag=aj.folklore_microphone.bone.right_straight] run data modify entity @s {} merge value {transformation:[-0.7591903683187361f,0.09701894063708888f,-0.6435971642337456f,-0.0935806371786711f,0.26456523016213246f,0.9494517362933834f,-0.1689575077903835f,0.3470003006196735f,0.5946723666367218f,-0.2985443444567936f,-0.746482451737175f,-0.1040218423479837f,0f,0f,0f,1f],start_interpolation:0}
execute if entity @s[tag=aj.folklore_microphone.bone.microphone] run data modify entity @s {} merge value {transformation:[-0.7591903683187361f,0.08577184489041756f,-0.6451923552524131f,-0.10893324851420333f,0.26456523016213246f,0.946358415098585f,-0.18550199233795972f,0.7182250715877568f,0.5946723666367218f,-0.311526789853118f,-0.741158441605094f,0.26678112537621146f,0f,0f,0f,1f],start_interpolation:0}
execute if entity @s[tag=aj.folklore_microphone.bone.right_bend] run data modify entity @s {} merge value {transformation:[-0.7591903683187361f,-0.6451923552524131f,-0.0857718448904177f,-0.3908458042469949f,0.26456523016213246f,-0.1855019923379595f,-0.946358415098585f,0.5244038137249533f,0.5946723666367218f,-0.7411584416050941f,0.3115267898531178f,-0.0027949308147410534f,0f,0f,0f,1f],start_interpolation:0}