execute if entity @s[tag=aj.folklore_microphone.bone.left_straight] run data modify entity @s {} merge value {transformation:[-0.9425292649977264f,0.13141189764120692f,0.30719618777123947f,-0.05822725112924915f,-0.18492405464318723f,0.5605857805475649f,-0.8071844130446282f,0.554949534430403f,-0.278283450167575f,-0.8176028961581621f,-0.5040672827675057f,0.18310488004339165f,0f,0f,0f,1f],start_interpolation:0}
execute if entity @s[tag=aj.folklore_microphone.bone.left_bend] run data modify entity @s {} merge value {transformation:[-0.9425292649977264f,0.33407545932730975f,-0.005672045318285385f,0.2944705383845474f,-0.18492405464318723f,-0.535715892046406f,-0.8239002227352819f,0.5835303322946631f,-0.278283450167575f,-0.775501173747771f,0.5667064944736917f,0.24410108605931086f,0f,0f,0f,1f],start_interpolation:0}
execute if entity @s[tag=aj.folklore_microphone.bone.right_straight] run data modify entity @s {} merge value {transformation:[-0.7519174996001139f,0.114301940003721f,-0.6492727780420942f,-0.10238880273817103f,0.2656092528640341f,0.9539101885408664f,-0.13966773783139166f,0.343327978800221f,0.603383624726527f,-0.2774714736857007f,-0.7476214166960194f,-0.11502468617188347f,0f,0f,0f,1f],start_interpolation:0}
execute if entity @s[tag=aj.folklore_microphone.bone.microphone] run data modify entity @s {} merge value {transformation:[-0.7519174996001139f,0.10295315885356969f,-0.65116873456669f,-0.1093151652696353f,0.2656092528640341f,0.9513273652719746f,-0.15629449407350515f,0.7063138705920464f,0.603383624726527f,-0.2904770062616918f,-0.742665005399556f,0.26409487543154025f,0f,0f,0f,1f],start_interpolation:0}
execute if entity @s[tag=aj.folklore_microphone.bone.right_bend] run data modify entity @s {} merge value {transformation:[-0.7519174996001139f,-0.65116873456669f,-0.10295315885356983f,-0.39583000137735036f,0.2656092528640341f,-0.15629449407350493f,-0.9513273652719746f,0.5240791120048405f,0.603383624726527f,-0.7426650053995562f,0.29047700626169165f,-0.00869141565291516f,0f,0f,0f,1f],start_interpolation:0}