execute if entity @s[tag=aj.folklore_microphone.bone.left_straight] run data modify entity @s {} merge value {transformation:[-0.8707341281163067f,0.4638153656895987f,0.16339334344996723f,-0.15372700853097804f,-0.034112917979708f,0.2744949711337584f,-0.9609832566955508f,0.7276873913064201f,-0.4905694517195754f,-0.8423347418767084f,-0.2231900438349664f,0.10207669214831312f,0f,0f,0f,1f],start_interpolation:0}
execute if entity @s[tag=aj.folklore_microphone.bone.left_bend] run data modify entity @s {} merge value {transformation:[-0.8707341281163067f,0.4916357685287345f,-0.010786530336291594f,0.1698192378664005f,-0.034112917979708f,-0.08227014774103819f,-0.9960260697479647f,0.6908143858248406f,-0.4905694517195754f,-0.8669059313984583f,0.08840655601100406f,0.2533755282037657f,0f,0f,0f,1f],start_interpolation:0}
execute if entity @s[tag=aj.folklore_microphone.bone.right_straight] run data modify entity @s {} merge value {transformation:[-0.7739043865708405f,0.09092112011940012f,-0.6267418530484817f,-0.08723986371660969f,0.2621381217925293f,0.9468715222001458f,-0.18632746858545512f,0.34975511125966796f,0.576502910269754f,-0.30849257748382264f,-0.7566219162090743f,-0.09356696218089519f,0f,0f,0f,1f],start_interpolation:0}
execute if entity @s[tag=aj.folklore_microphone.bone.microphone] run data modify entity @s {} merge value {transformation:[-0.7739043865708405f,0.07996911884176122f,-0.628233189570627f,-0.11447489322457322f,0.2621381217925293f,0.943475446368856f,-0.2028242766588186f,0.7252838828770773f,0.576502910269754f,-0.32165046577109163f,-0.7511227411813222f,0.27218537066664267f,0f,0f,0f,1f],start_interpolation:0}
execute if entity @s[tag=aj.folklore_microphone.bone.right_bend] run data modify entity @s {} merge value {transformation:[-0.7739043865708405f,-0.628233189570627f,-0.07996911884176136f,-0.3886231194409732f,0.2621381217925293f,-0.2028242766588184f,-0.943475446368856f,0.524578624494789f,0.576502910269754f,-0.7511227411813223f,0.32165046577109146f,-0.00034493676884546354f,0f,0f,0f,1f],start_interpolation:0}
execute if entity @s[tag=aj.folklore_microphone.bone.head] run data modify entity @s {} merge value {transformation:[-0.9477001231267229f,-0.0013365227978531602f,0.31915934943599106f,0f,-0.01899585489553727f,0.9984546889710919f,-0.052224434591748074f,0.8125f,-0.31859634982589163f,-0.05555580778326329f,-0.9462610200674902f,0f,0f,0f,0f,1f],start_interpolation:0}