execute if entity @s[tag=aj.folklore_microphone.bone.left_straight] run data modify entity @s {} merge value {transformation:[-0.912605061222347f,-0.3500344912881592f,0.21125306421445325f,0.14417886406391608f,-0.25892360879307486f,0.09494587231039031f,-0.9612199780179299f,0.7175380339122203f,0.3164025395614376f,-0.9319126226421973f,-0.17728027729901116f,0.4205074821460106f,0f,0f,0f,1f],start_interpolation:0}
execute if entity @s[tag=aj.folklore_microphone.bone.left_bend] run data modify entity @s {} merge value {transformation:[-0.912605061222347f,-0.24579114165076577f,0.32670891771938143f,0.4750129342330597f,-0.25892360879307486f,-0.27096483357493595f,-0.927111980170291f,0.7581452978836036f,0.3164025395614376f,-0.9306797374240616f,0.18364274912817138f,0.28696723349082404f,0f,0f,0f,1f],start_interpolation:0}
execute if entity @s[tag=aj.folklore_microphone.bone.right_straight] run data modify entity @s {} merge value {transformation:[-0.7739043865708405f,0.2350914412228519f,-0.5880510307024157f,-0.14521572205025615f,0.2621381217925294f,0.9641812287410821f,0.040474229411096845f,0.3306798198811806f,0.576502910269754f,-0.12282740902216993f,-0.8078105112236437f,-0.1627208368878974f,0f,0f,0f,1f],start_interpolation:0}
execute if entity @s[tag=aj.folklore_microphone.bone.microphone] run data modify entity @s {} merge value {transformation:[-0.7739043865708405f,0.22479273006398057f,-0.5920643790642985f,-0.15056501178593584f,0.2621381217925294f,0.9647407519717466f,0.0236407823067273f,0.6356050751550806f,0.576502910269754f,-0.13690693917903282f,-0.8055438439061728f,0.26451486845947514f,0f,0f,0f,1f],start_interpolation:0}
execute if entity @s[tag=aj.folklore_microphone.bone.right_bend] run data modify entity @s {} merge value {transformation:[-0.7739043865708405f,-0.5920643790642985f,-0.2247927300639807f,-0.42751140179955616f,0.2621381217925294f,0.023640782306727514f,-0.9647407519717466f,0.5268519154254833f,0.576502910269754f,-0.8055438439061728f,0.13690693917903266f,-0.053582705341447906f,0f,0f,0f,1f],start_interpolation:0}
execute if entity @s[tag=aj.folklore_microphone.bone.head] run data modify entity @s {} merge value {transformation:[-0.953929138296961f,-0.0498625810301175f,-0.29585963246281577f,0f,-0.009403239594416066f,0.9905777810377334f,-0.13662810398849257f,0.8125f,0.2998846081297729f,-0.12755149049452658f,-0.9454098788776628f,0f,0f,0f,0f,1f],start_interpolation:0}