execute if entity @s[tag=aj.folklore_microphone.bone.left_straight] run data modify entity @s {} merge value {transformation:[-0.9329650358839946f,-0.10460325100343053f,0.34443345031731465f,0.034590337011108974f,-0.3079642653167907f,0.7273485912109621f,-0.6132878917370846f,0.4361147008974909f,-0.1863712775774907f,-0.6782493543992077f,-0.7108048678443275f,0.17297914026356276f,0f,0f,0f,1f],start_interpolation:0}
execute if entity @s[tag=aj.folklore_microphone.bone.left_bend] run data modify entity @s {} merge value {transformation:[-0.920239300138807f,0.3624186629140245f,0.14769002421169034f,0.38297621912628643f,-0.32417059184001634f,-0.4944701841600348f,-0.8064816577968993f,0.5209942782958892f,-0.21925569061288352f,-0.7900328789033735f,0.5725163686616442f,0.19184350789970295f,0f,0f,0f,1f],start_interpolation:0}
execute if entity @s[tag=aj.folklore_microphone.bone.right_straight] run data modify entity @s {} merge value {transformation:[-0.7739043865708396f,0.36521912350732527f,-0.5173847623103658f,-0.19949371888374384f,0.26213812179253176f,0.9284262346739566f,0.2632647562288257f,0.3323858341666617f,0.5765029102697543f,0.06811547983887618f,-0.8142509907005476f,-0.23635999892507792f,0f,0f,0f,1f],start_interpolation:0}
execute if entity @s[tag=aj.folklore_microphone.bone.microphone] run data modify entity @s {} merge value {transformation:[-0.7739043865708396f,0.35613388970953863f,-0.5236799146871749f,-0.1968716142038483f,0.26213812179253176f,0.9328794343878001f,0.24702138773673385f,0.5552799857053957f,0.5765029102697543f,0.05389446628970518f,-0.8153157553695694f,0.23887646422255535f,0f,0f,0f,1f],start_interpolation:0}
execute if entity @s[tag=aj.folklore_microphone.bone.right_bend] run data modify entity @s {} merge value {transformation:[-0.7739043865708396f,-0.5236799146871748f,-0.35613388970953874f,-0.46149484254767376f,0.26213812179253176f,0.24702138773673404f,-0.9328794343878001f,0.5437584771134566f,0.5765029102697543f,-0.8153157553695694f,-0.05389446628970536f,-0.10688996128957959f,0f,0f,0f,1f],start_interpolation:0}
execute if entity @s[tag=aj.folklore_microphone.bone.head] run data modify entity @s {} merge value {transformation:[-0.9734053675467307f,0.11051587170743986f,-0.20066946088520515f,0f,0.0009688711223149737f,0.8779217249970893f,0.4788032018135252f,0.8125f,0.22908743247931024f,0.4658751837980637f,-0.8546807950347064f,0f,0f,0f,0f,1f],start_interpolation:0}