execute if entity @s[tag=aj.folklore_microphone.bone.left_bend] run data modify entity @s {} merge value {transformation:[-0.9456577646749054f,0.26653622984902053f,0.18625206116424975f,0.3459558612300571f,-0.20155429828079047f,-0.03100185028607383f,-0.9789865934339337f,0.45277933702066775f,-0.25516123717092987f,-0.9633261770847453f,0.0830386632159415f,0.09357415277254709f,0f,0f,0f,1f],start_interpolation:0}
execute if entity @s[tag=aj.folklore_microphone.bone.right_straight] run data modify entity @s {} merge value {transformation:[-0.7739043865708405f,0.0736930218403316f,-0.6290002694581708f,-0.08044082136362979f,0.2621381217925292f,0.9414034816824555f,-0.212233573638187f,0.35328666925142976f,0.5765029102697542f,-0.3291334428589581f,-0.7478740343415545f,-0.08604565978111849f,0f,0f,0f,1f],start_interpolation:0}
execute if entity @s[tag=aj.folklore_microphone.bone.microphone] run data modify entity @s {} merge value {transformation:[-0.7739043865708405f,0.06270422968442023f,-0.6301905902392502f,-0.11107077499641138f,0.2621381217925292f,0.9375561147856344f,-0.22863100562074162f,0.7360412806086317f,0.5765029102697542f,-0.3421355158526369f,-0.742015958886838f,0.2718636688950801f,0f,0f,0f,1f],start_interpolation:0}
execute if entity @s[tag=aj.folklore_microphone.bone.right_bend] run data modify entity @s {} merge value {transformation:[-0.7739043865708405f,-0.6301905902392502f,-0.06270422968442037f,-0.38390213011991003f,0.2621381217925292f,-0.2286310056207414f,-0.9375561147856344f,0.5252898574808738f,0.5765029102697542f,-0.7420159588868381f,0.34213551585263674f,0.00566917522197409f,0f,0f,0f,1f],start_interpolation:0}
execute if entity @s[tag=aj.folklore_microphone.bone.head] run data modify entity @s {} merge value {transformation:[-0.9996907603178905f,0.001100175875909458f,-0.0248429738171602f,0f,0.001780492298617919f,0.9996235345871309f,-0.027379169941867388f,0.8125f,0.02480349939449276f,-0.027414935939614363f,-0.9993163701777402f,0f,0f,0f,0f,1f],start_interpolation:0}