execute if entity @s[tag=aj.folklore_microphone.bone.left_bend] run data modify entity @s {} merge value {transformation:[-0.9813406178579749f,0.18169385714408154f,0.06291211344593411f,0.3459558612300571f,-0.16396247286310583f,-0.6198603966588901f,-0.7673912927226231f,0.45277933702066775f,-0.10043355631831041f,-0.7633874710328887f,0.6380851587643044f,0.09357415277254709f,0f,0f,0f,1f],start_interpolation:0}
execute if entity @s[tag=aj.folklore_microphone.bone.right_straight] run data modify entity @s {} merge value {transformation:[-0.7739043865708406f,0.08821874475147577f,-0.6271279403127283f,-0.08617163944041051f,0.2621381217925292f,0.9460595731410673f,-0.19040716680636482f,0.3502922125636699f,0.5765029102697541f,-0.3117510820231675f,-0.7552851496672554f,-0.09237718722238267f,0f,0f,0f,1f],start_interpolation:0}
execute if entity @s[tag=aj.folklore_microphone.bone.microphone] run data modify entity @s {} merge value {transformation:[-0.7739043865708406f,0.07726041690683876f,-0.628572055078646f,-0.11392869788358301f,0.2621381217925292f,0.9425924204220592f,-0.20688918305694337f,0.7269707221576279f,0.5765029102697541f,-0.3248851442314126f,-0.749729309489924f,0.27215157741060625f,0f,0f,0f,1f],start_interpolation:0}
execute if entity @s[tag=aj.folklore_microphone.bone.right_bend] run data modify entity @s {} merge value {transformation:[-0.7739043865708406f,-0.628572055078646f,-0.0772604169068389f,-0.38788358651877697f,0.2621381217925292f,-0.20688918305694315f,-0.9425924204220592f,0.5246769572574418f,0.5765029102697541f,-0.7497293094899241f,0.32488514423141246f,0.000603108760591678f,0f,0f,0f,1f],start_interpolation:0}
execute if entity @s[tag=aj.folklore_microphone.bone.head] run data modify entity @s {} merge value {transformation:[-0.9998887113798361f,0.00039821095629887925f,-0.014913292165210154f,0f,0.0010683074366909565f,0.998988582638983f,-0.0449518684392138f,0.8125f,0.014880308276085741f,-0.04496279778872706f,-0.9988778319897877f,0f,0f,0f,0f,1f],start_interpolation:0}