execute if entity @s[tag=aj.folklore_microphone.bone.left_straight] run data modify entity @s {} merge value {transformation:[-0.9963355846647871f,-0.07528359568916175f,0.040592892860545425f,0.01732103445495692f,-0.07949751511960851f,0.6400370147871783f,-0.7642203640260608f,1.0892127736017785f,0.03155230293472272f,-0.7646469773185716f,-0.6436765121216459f,0.2800923959597395f,0f,0f,0f,1f],start_interpolation:0}
execute if entity @s[tag=aj.folklore_microphone.bone.left_bend] run data modify entity @s {} merge value {transformation:[-0.9963355846647871f,-0.05429604100865825f,0.06608587338806227f,0.3690670294727145f,-0.07949751511960851f,0.30284344446027156f,-0.9497189022217289f,1.097406241591838f,0.03155230293472272f,-0.9514924004311461f,-0.30605010063924326f,0.16665889912535647f,0f,0f,0f,1f],start_interpolation:0}
execute if entity @s[tag=aj.folklore_microphone.bone.right_straight] run data modify entity @s {} merge value {transformation:[-0.8310301721397578f,0.14202717773721488f,-0.5377891164549226f,0.0008680105487749445f,0.24818427889175376f,0.959951073649859f,-0.12999423029297552f,0.8762588765126816f,0.49778852608747914f,-0.24149993164074504f,-0.8329972186707293f,-0.08916464074706229f,0f,0f,0f,1f],start_interpolation:0}
execute if entity @s[tag=aj.folklore_microphone.bone.microphone] run data modify entity @s {} merge value {transformation:[-0.8310301721397578f,0.257919361386818f,-0.4928148293377348f,-0.06657696946706418f,0.24818427889175376f,0.9648475632960251f,0.0864508144131859f,1.1352696435841407f,0.49778852608747914f,-0.05046565786293619f,-0.8658289673325308f,0.3327892115193771f,0f,0f,0f,1f],start_interpolation:0}
execute if entity @s[tag=aj.folklore_microphone.bone.right_bend] run data modify entity @s {} merge value {transformation:[-0.8310301721397578f,-0.49281482933773474f,-0.2579193613868181f,-0.3063072186973792f,0.24818427889175376f,0.08645081441318611f,-0.9648475632960251f,1.0527012879444775f,0.49778852608747914f,-0.8658289673325308f,0.050465657862936f,-0.021363994595878108f,0f,0f,0f,1f],start_interpolation:0}
execute if entity @s[tag=aj.folklore_microphone.bone.head] run data modify entity @s {} merge value {transformation:[-1f,-1.1587589084350894e-17f,1.2191523943228265e-16f,0f,0f,0.9955134779853653f,0.09461984543150422f,1.3425f,-1.2246467991473532e-16f,0.09461984543150422f,-0.9955134779853653f,0f,0f,0f,0f,1f],start_interpolation:0}
execute if entity @s[tag=aj.folklore_microphone.bone.hair] run data modify entity @s {} merge value {transformation:[-1f,0f,1.2246467991473532e-16f,-0.010937499999999998f,0f,1f,0f,0.93625f,-1.2246467991473532e-16f,0f,-1f,-0.007968750000000002f,0f,0f,0f,1f],start_interpolation:0}
execute if entity @s[tag=aj.folklore_microphone.bone.outfit] run data modify entity @s {} merge value {transformation:[-1f,0f,1.2246467991473532e-16f,0f,0f,1f,0f,-0.09499999999999997f,-1.2246467991473532e-16f,0f,-1f,0f,0f,0f,0f,1f],start_interpolation:0}
execute if entity @s[tag=aj.folklore_microphone.bone.chest] run data modify entity @s {} merge value {transformation:[-1f,0f,1.2246467991473532e-16f,-0.010937499999999998f,0f,1f,0f,0.5925f,-1.2246467991473532e-16f,0f,-1f,-0.007968750000000002f,0f,0f,0f,1f],start_interpolation:0}
execute if entity @s[tag=aj.folklore_microphone.bone.right_leg] run data modify entity @s {} merge value {transformation:[-1f,-2.261157528379507e-17f,1.2035910638503365e-16f,0.10625000000000001f,0f,0.9828066873553447f,0.1846375240562269f,0.6114999999999999f,-1.2246467991473532e-16f,0.1846375240562269f,-0.9828066873553447f,-0.062499999999999986f,0f,0f,0f,1f],start_interpolation:0}
execute if entity @s[tag=aj.folklore_microphone.bone.left_leg] run data modify entity @s {} merge value {transformation:[-1f,-2.261157528379507e-17f,1.2035910638503365e-16f,-0.10624999999999998f,0f,0.9828066873553447f,0.1846375240562269f,0.6114999999999999f,-1.2246467991473532e-16f,0.1846375240562269f,-0.9828066873553447f,-0.06250000000000001f,0f,0f,0f,1f],start_interpolation:0}
execute if entity @s[tag=aj.folklore_microphone.bone.waist] run data modify entity @s {} merge value {transformation:[-1f,0f,1.2246467991473532e-16f,0f,0f,1f,0f,1.405f,-1.2246467991473532e-16f,0f,-1f,0f,0f,0f,0f,1f],start_interpolation:0}