execute if entity @s[tag=aj.folklore_microphone.bone.left_straight] run data modify entity @s {} merge value {transformation:[-0.876351522726362f,-0.4816046359433455f,0.008061219080520132f,0.21910127735805524f,-0.24667187309841226f,0.43435582761933267f,-0.8663071060745406f,0.5851864961860428f,0.41371608095082224f,-0.7611780275671404f,-0.4994467085802954f,0.4064318614717809f,0f,0f,0f,1f],start_interpolation:0}
execute if entity @s[tag=aj.folklore_microphone.bone.left_bend] run data modify entity @s {} merge value {transformation:[-0.876351522726362f,-0.46412107248452866f,0.12883958510875992f,0.5243517384787546f,-0.24667187309841226f,0.2026940124832534f,-0.9476645631897183f,0.6308665646427503f,0.41371608095082224f,-0.8622683847731226f,-0.29211682078141804f,0.2229417603376777f,0f,0f,0f,1f],start_interpolation:0}
execute if entity @s[tag=aj.folklore_microphone.bone.right_straight] run data modify entity @s {} merge value {transformation:[-0.7739043865708405f,0.4480164522564002f,-0.44760837676924653f,-0.23538267729804924f,0.2621381217925295f,0.8700097701070926f,0.4175722752066867f,0.3466076322920608f,0.576502910269754f,0.20582579630792783f,-0.7907465687720125f,-0.29100447206512575f,0f,0f,0f,1f],start_interpolation:0}
execute if entity @s[tag=aj.folklore_microphone.bone.microphone] run data modify entity @s {} merge value {transformation:[-0.7739043865708405f,0.4401363738645955f,-0.4553591690607933f,-0.23586787351577654f,0.2621381217925295f,0.8771649044689668f,0.40232491281429933f,0.5046004396633806f,0.576502910269754f,0.1919940175351139f,-0.7942182896919651f,0.20957160759885052f,0f,0f,0f,1f],start_interpolation:0}
execute if entity @s[tag=aj.folklore_microphone.bone.right_bend] run data modify entity @s {} merge value {transformation:[-0.7739043865708405f,-0.4553591690607932f,-0.4401363738645956f,-0.4823423375578503f,0.2621381217925295f,0.40232491281429955f,-0.8771649044689667f,0.5648276662891738f,0.576502910269754f,-0.7942182896919651f,-0.19199401753511405f,-0.14445612987226786f,0f,0f,0f,1f],start_interpolation:0}
execute if entity @s[tag=aj.folklore_microphone.bone.head] run data modify entity @s {} merge value {transformation:[-0.8382472305163347f,0.12693244213645197f,-0.5303109801474709f,0f,0.0013604544703297305f,0.9730133270320726f,0.23074491236343916f,0.8125f,0.545288666391783f,0.19269981980078066f,-0.8157984124484537f,0f,0f,0f,0f,1f],start_interpolation:0}