execute if entity @s[tag=aj.folklore_microphone.bone.left_straight] run data modify entity @s {} merge value {transformation:[-0.9674856274136625f,0.10544655662225909f,0.22989689959740783f,-0.05280216447057995f,-0.15833987174489728f,0.4562849648834384f,-0.8756326374896776f,0.6085277451112583f,-0.19723094524896795f,-0.8835638372623839f,-0.42475275127816475f,0.23308793451431786f,0f,0f,0f,1f],start_interpolation:0}
execute if entity @s[tag=aj.folklore_microphone.bone.left_bend] run data modify entity @s {} merge value {transformation:[-0.9674856274136625f,0.24899052633080132f,0.044444105857834953f,0.30420754126665284f,-0.15833987174489728f,-0.45922737152436816f,-0.8740930764275792f,0.6226431381687105f,-0.19723094524896795f,-0.852709762486821f,0.483721009669694f,0.268836438973394f,0f,0f,0f,1f],start_interpolation:0}
execute if entity @s[tag=aj.folklore_microphone.bone.right_straight] run data modify entity @s {} merge value {transformation:[-0.7492975755558325f,0.11219193539901826f,-0.6526607946686961f,-0.1022583666431667f,0.2659609427747821f,0.9535531386795519f,-0.1414255586261699f,0.3434451449882747f,0.6064799421122685f,-0.2795521084624433f,-0.7443337278866932f,-0.11542821510622142f,0f,0f,0f,1f],start_interpolation:0}
execute if entity @s[tag=aj.folklore_microphone.bone.microphone] run data modify entity @s {} merge value {transformation:[-0.7492975755558325f,0.10078434656960455f,-0.6545194105240036f,-0.10770932148550416f,0.2659609427747821f,0.950939691588129f,-0.15804581576436408f,0.7070408831094073f,0.6064799421122685f,-0.2924999460663405f,-0.7393415052373885f,0.2631306316265578f,0f,0f,0f,1f],start_interpolation:0}
execute if entity @s[tag=aj.folklore_microphone.bone.right_bend] run data modify entity @s {} merge value {transformation:[-0.7492975755558325f,-0.6545194105240036f,-0.1007843465696047f,-0.3953490318662487f,0.2659609427747821f,-0.15804581576436386f,-0.950939691588129f,0.5241234845976819f,0.6064799421122685f,-0.7393415052373886f,0.29249994606634033f,-0.008009998830342174f,0f,0f,0f,1f],start_interpolation:0}