execute if entity @s[tag=aj.folklore_microphone.bone.left_straight] run data modify entity @s {} merge value {transformation:[-0.8567480552570795f,0.48583733091502446f,0.17304582544105807f,-0.15782619674715004f,-0.030272422904244367f,0.2875800680444034f,-0.957278060374875f,0.7237770428637619f,-0.5148459480511803f,-0.825384632976009f,-0.23167619088361222f,0.08736071536292243f,0f,0f,0f,1f],start_interpolation:0}
execute if entity @s[tag=aj.folklore_microphone.bone.left_bend] run data modify entity @s {} merge value {transformation:[-0.8567480552570795f,0.5156543093770649f,0.009132526160618187f,0.16156100090686581f,-0.030272422904244367f,-0.03260392880753832f,-0.9990097918628322f,0.6859074744833487f,-0.5148459480511803f,-0.8561761600553794f,0.0435434579254573f,0.2470192373660034f,0f,0f,0f,1f],start_interpolation:0}
execute if entity @s[tag=aj.folklore_microphone.bone.right_straight] run data modify entity @s {} merge value {transformation:[-0.7739043865708405f,0.12930647693376637f,-0.6199611564198103f,-0.10248394934520885f,0.2621381217925295f,0.9565409579642878f,-0.1277223584179662f,0.34281239498724203f,0.5765029102697542f,-0.26136034657105084f,-0.7741674003022628f,-0.11087392448013766f,0f,0f,0f,1f],start_interpolation:0}
execute if entity @s[tag=aj.folklore_microphone.bone.microphone] run data modify entity @s {} merge value {transformation:[-0.7739043865708405f,0.1184669688538525f,-0.6221234425232596f,-0.12273132974778872f,0.2621381217925295f,0.9541662096330411f,-0.1443968472564434f,0.701345951541966f,0.5765029102697542f,-0.27483162424491114f,-0.7694881238624854f,0.27198650248933914f,0f,0f,0f,1f],start_interpolation:0}
execute if entity @s[tag=aj.folklore_microphone.bone.right_bend] run data modify entity @s {} merge value {transformation:[-0.7739043865708405f,-0.6221234425232596f,-0.11846696885385263f,-0.39908715003532286f,0.2621381217925295f,-0.14439684725644317f,-0.9541662096330411f,0.5237207223656211f,0.5765029102697542f,-0.7694881238624856f,0.274831624244911f,-0.014001884869372247f,0f,0f,0f,1f],start_interpolation:0}
execute if entity @s[tag=aj.folklore_microphone.bone.head] run data modify entity @s {} merge value {transformation:[-0.9990329521660257f,-0.015479882352226762f,0.04115256649100619f,0f,-0.018768952129261388f,0.9965553483305744f,-0.08077848816174503f,0.8125f,-0.03976036874080723f,-0.08147276205020244f,-0.9958821728103713f,0f,0f,0f,0f,1f],start_interpolation:0}