execute if entity @s[tag=aj.folklore_microphone.bone.left_bend] run data modify entity @s {} merge value {transformation:[-0.9841823359677271f,0.16746598417937786f,0.05779510110675801f,0.3459558612300571f,-0.1582420499147591f,-0.6843190815774784f,-0.7118053443377141f,0.45277933702066775f,-0.07965289202460213f,-0.7096918618187679f,0.6999949128817495f,0.09357415277254709f,0f,0f,0f,1f],start_interpolation:0}
execute if entity @s[tag=aj.folklore_microphone.bone.right_straight] run data modify entity @s {} merge value {transformation:[-0.7739043865708405f,0.09071454150126444f,-0.6267717865432573f,-0.08715818219119514f,0.26213812179252927f,0.9468100573638758f,-0.1866395466606668f,0.3497959468912615f,0.5765029102697542f,-0.30874194278528067f,-0.7565201961717045f,-0.09347588004736812f,0f,0f,0f,1f],start_interpolation:0}
execute if entity @s[tag=aj.folklore_microphone.bone.microphone] run data modify entity @s {} merge value {transformation:[-0.7739043865708405f,0.07976204927503275f,-0.6282595132123813f,-0.1144329789916897f,0.26213812179252927f,0.9434085443805695f,-0.20313523449372364f,0.7254128232528447f,0.5765029102697542f,-0.3218980178335714f,-0.7510166846118145f,0.2721830071412999f,0f,0f,0f,1f],start_interpolation:0}
execute if entity @s[tag=aj.folklore_microphone.bone.right_bend] run data modify entity @s {} merge value {transformation:[-0.7739043865708405f,-0.6282595132123813f,-0.07976204927503289f,-0.38856660018451594f,0.26213812179252927f,-0.20313523449372342f,-0.9434085443805695f,0.5245859669625261f,0.5765029102697542f,-0.7510166846118146f,0.32189801783357125f,-0.0002724032932096346f,0f,0f,0f,1f],start_interpolation:0}
execute if entity @s[tag=aj.folklore_microphone.bone.head] run data modify entity @s {} merge value {transformation:[-0.9999126843775689f,0.000343187956974305f,-0.013210065967682729f,0f,0.0009462945552521767f,0.9989558609622392f,-0.04567594964317853f,0.8125f,0.013180597386273571f,-0.04568446203270504f,-0.9988689612663532f,0f,0f,0f,0f,1f],start_interpolation:0}