execute if entity @s[tag=aj.folklore_microphone.bone.left_bend] run data modify entity @s {} merge value {transformation:[-0.9036303523909995f,0.24970491114968785f,0.3479937407273938f,0.3459558612300571f,-0.22342971103797732f,0.4183584953554587f,-0.8803722698889389f,0.45277933702066775f,-0.36541941719509663f,-0.8732832454087524f,-0.32224993844088295f,0.09357415277254709f,0f,0f,0f,1f],start_interpolation:0}
execute if entity @s[tag=aj.folklore_microphone.bone.right_straight] run data modify entity @s {} merge value {transformation:[-0.7739043865708405f,0.06913726433024338f,-0.6295173064557804f,-0.07864727065469468f,0.26213812179252927f,0.9398422845076665f,-0.21904356953468326f,0.3542629907453913f,0.5765029102697541f,-0.33453926366323666f,-0.7454715792826466f,-0.08408191309689156f,0f,0f,0f,1f],start_interpolation:0}
execute if entity @s[tag=aj.folklore_microphone.bone.microphone] run data modify entity @s {} merge value {transformation:[-0.7739043865708405f,0.05814014249844172f,-0.6306280395579249f,-0.11020139816404839f,0.26213812179252927f,0.935876304572515f,-0.23541271767425473f,0.7388873291739881f,0.5765029102697541f,-0.34749858470208794f,-0.7395195251516689f,0.27173662134683846f,0f,0f,0f,1f],start_interpolation:0}
execute if entity @s[tag=aj.folklore_microphone.bone.right_bend] run data modify entity @s {} merge value {transformation:[-0.7739043865708405f,-0.6306280395579249f,-0.058140142498441856f,-0.3826512174685921f,0.26213812179252927f,-0.23541271767425453f,-0.935876304572515f,0.5255112530733463f,0.5765029102697541f,-0.739519525151669f,0.3474985847020878f,0.007247745853754942f,0f,0f,0f,1f],start_interpolation:0}
execute if entity @s[tag=aj.folklore_microphone.bone.head] run data modify entity @s {} merge value {transformation:[-0.9996987560539038f,0.001508167514317444f,-0.024497399352300143f,0f,0.00175733606023946f,0.999946913962515f,-0.010152882684931133f,0.8125f,0.024480786634597754f,-0.010192874353750757f,-0.999648336365424f,0f,0f,0f,0f,1f],start_interpolation:0}