execute if entity @s[tag=aj.folklore_microphone.bone.left_straight] run data modify entity @s {} merge value {transformation:[-0.8377301833463517f,0.5104542835474432f,0.19402207173039457f,-0.16176372537934136f,-0.028919813915368686f,0.313328009521068f,-0.9492045105311426f,0.7138392082773801f,-0.5453180579016143f,-0.8007883508503554f,-0.2477220879711369f,0.06789658240220998f,0f,0f,0f,1f],start_interpolation:0}
execute if entity @s[tag=aj.folklore_microphone.bone.left_bend] run data modify entity @s {} merge value {transformation:[-0.8377301833463517f,0.5460396478646543f,-0.006988767440121585f,0.1523296436697088f,-0.028919813915368686f,-0.05714131141760859f,-0.9979471503504463f,0.6762519964295994f,-0.5453180579016143f,-0.8358083353791824f,0.06366036629718336f,0.23779563156888334f,0f,0f,0f,1f],start_interpolation:0}
execute if entity @s[tag=aj.folklore_microphone.bone.right_straight] run data modify entity @s {} merge value {transformation:[-0.7738846733415903f,0.12338887080137931f,-0.6211905496136758f,-0.10013039743041571f,0.2621416643112593f,0.9552799268504736f,-0.13682839321090068f,0.34379642900913243f,0.5765277618632976f,-0.2687293209140274f,-0.7716218580898175f,-0.1081655294419828f,0f,0f,0f,1f],start_interpolation:0}
execute if entity @s[tag=aj.folklore_microphone.bone.microphone] run data modify entity @s {} merge value {transformation:[-0.7738846733415903f,0.11252880813185137f,-0.6232493720072289f,-0.12138782964503919f,0.2621416643112593f,0.952746448360135f,-0.1534794871286445f,0.7050298658911907f,0.5765277618632976f,-0.28215505042010797f,-0.7668143630131892f,0.27209346096089115f,0f,0f,0f,1f],start_interpolation:0}
execute if entity @s[tag=aj.folklore_microphone.bone.right_bend] run data modify entity @s {} merge value {transformation:[-0.7738846733415903f,-0.6232493720072289f,-0.11252880813185151f,-0.39747973436706097f,0.2621416643112593f,-0.1534794871286443f,-0.952746448360135f,0.5237868830568714f,0.5765277618632976f,-0.7668143630131893f,0.2821550504201078f,-0.011872840686092984f,0f,0f,0f,1f],start_interpolation:0}
execute if entity @s[tag=aj.folklore_microphone.bone.head] run data modify entity @s {} merge value {transformation:[-0.9953851168595899f,-0.012460967186863755f,0.09514827077350706f,0f,-0.01999043949944994f,0.9967061086654406f,-0.07859589860554833f,0.8125f,-0.09385548179536209f,-0.08013524346854328f,-0.9923555266592703f,0f,0f,0f,0f,1f],start_interpolation:0}