execute if entity @s[tag=aj.folklore_microphone.bone.left_straight] run data modify entity @s {} merge value {transformation:[-0.9959537242492833f,-0.08814418328768851f,0.017515196445628812f,0.023698408898135903f,-0.08839415876527003f,0.995986491171364f,-0.01404927401451292f,0.37721905595764366f,-0.0162065372662648f,-0.015540667833172627f,-0.9997478861158628f,-0.007708745486518211f,0f,0f,0f,1f],start_interpolation:0}
execute if entity @s[tag=aj.folklore_microphone.bone.left_bend] run data modify entity @s {} merge value {transformation:[-0.9959537242492833f,-0.08837630111458393f,0.016303636259650367f,0.3768040687328832f,-0.08839415876527003f,0.9960855038113348f,-0.0003765542454943361f,0.42025506581073846f,-0.0162065372662648f,-0.0018161768151687095f,-0.9998670159834323f,-0.05667224956256022f,0f,0f,0f,1f],start_interpolation:0}
execute if entity @s[tag=aj.folklore_microphone.bone.right_straight] run data modify entity @s {} merge value {transformation:[-0.9365515801110152f,0.1530561060992204f,-0.315348959372478f,-0.07416679541697013f,0.192769162478857f,0.9762710682309127f,-0.09866535021208075f,0.3566693190517793f,0.29276473112169876f,-0.15319474443014258f,-0.9438327089533519f,-0.0491044211996477f,0f,0f,0f,1f],start_interpolation:0}
execute if entity @s[tag=aj.folklore_microphone.bone.microphone] run data modify entity @s {} merge value {transformation:[-0.9365515801110152f,0.3335963293847911f,0.10763190425034076f,-0.3976013580512786f,0.192769162478857f,0.2337088847503905f,0.9530058799325054f,0.14954958560613524f,0.29276473112169876f,0.913287274744219f,-0.2831875103204885f,0.181074079445882f,0f,0f,0f,1f],start_interpolation:0}
execute if entity @s[tag=aj.folklore_microphone.bone.right_bend] run data modify entity @s {} merge value {transformation:[-0.9365515801110152f,0.10763190425034083f,-0.3335963293847911f,-0.3961733844892356f,0.192769162478857f,0.9530058799325054f,-0.23370888475039028f,0.5191413169541499f,0.29276473112169876f,-0.2831875103204883f,-0.9132872747442191f,-0.049387483860158884f,0f,0f,0f,1f],start_interpolation:0}
execute if entity @s[tag=aj.folklore_microphone.bone.head] run data modify entity @s {} merge value {transformation:[-1f,-1.2141697760125282e-16f,1.5984848350717805e-17f,0f,0f,0.13052619222005135f,0.9914448613738105f,0.8125f,-1.2246467991473532e-16f,0.9914448613738105f,-0.13052619222005135f,0f,0f,0f,0f,1f],start_interpolation:0}