execute if entity @s[tag=aj.folklore_microphone.bone.left_straight] run data modify entity @s {} merge value {transformation:[-0.812322295765002f,0.5228430689764637f,0.258394297588684f,-0.16106281754791174f,-0.03944302866151839f,0.39279005493202923f,-0.9187819220231208f,0.6776562311707797f,-0.5818734701746447f,-0.756538893890966f,-0.2984496050209324f,0.04055040495397774f,0f,0f,0f,1f],start_interpolation:0}
execute if entity @s[tag=aj.folklore_microphone.bone.left_bend] run data modify entity @s {} merge value {transformation:[-0.812322295765002f,0.5819234254104279f,-0.0386990279163536f,0.1476838491338261f,-0.03944302866151839f,-0.12102056841253145f,-0.9918660542185695f,0.6464537294004891f,-0.5818734701746447f,-0.8041885033869247f,0.12126052831492545f,0.22120208520911228f,0f,0f,0f,1f],start_interpolation:0}
execute if entity @s[tag=aj.folklore_microphone.bone.right_straight] run data modify entity @s {} merge value {transformation:[-0.7734312776456317f,0.11796034462649144f,-0.6228076876974508f,-0.09808955473157702f,0.2622229208907407f,0.9540604634628136f,-0.1449405802963739f,0.3446842955684967f,0.5770989503707092f,-0.2754160292225575f,-0.7688321093244644f,-0.10591665713491101f,0f,0f,0f,1f],start_interpolation:0}
execute if entity @s[tag=aj.folklore_microphone.bone.microphone] run data modify entity @s {} merge value {transformation:[-0.7734312776456317f,0.10707288579669035f,-0.6247715229478812f,-0.1199684344383099f,0.2622229208907407f,0.9513855935165446f,-0.16156915611805553f,0.7083256648198262f,0.5770989503707092f,-0.28879205248126405f,-0.7639083399889575f,0.2720048205823429f,0f,0f,0f,1f],start_interpolation:0}
execute if entity @s[tag=aj.folklore_microphone.bone.right_bend] run data modify entity @s {} merge value {transformation:[-0.7734312776456317f,-0.6247715229478812f,-0.10707288579669048f,-0.3960204610897883f,0.2622229208907407f,-0.1615691561180553f,-0.9513855935165446f,0.5238725404651432f,0.5770989503707092f,-0.7639083399889576f,0.2887920524812639f,-0.00992592028886577f,0f,0f,0f,1f],start_interpolation:0}
execute if entity @s[tag=aj.folklore_microphone.bone.head] run data modify entity @s {} merge value {transformation:[-0.9812272811309387f,-0.0073494879125070725f,0.1927148354222105f,0f,-0.021910279690763125f,0.9970519807639645f,-0.07353425935254541f,0.8125f,-0.19160626923004972f,-0.07637625731913546f,-0.9784956335669889f,0f,0f,0f,0f,1f],start_interpolation:0}