execute if entity @s[tag=aj.folklore_microphone.bone.left_straight] run data modify entity @s {} merge value {transformation:[-0.963820242587319f,0.22789087124357704f,0.13826167503240028f,-0.0939522868661864f,-0.0867732017419906f,0.2221970407768269f,-0.9711327852201599f,0.7298283614001542f,-0.2520336315620704f,-0.9479948448561653f,-0.19438318519812878f,0.2260547817549277f,0f,0f,0f,1f],start_interpolation:0}
execute if entity @s[tag=aj.folklore_microphone.bone.left_bend] run data modify entity @s {} merge value {transformation:[-0.963820242587319f,0.2497822593525581f,0.09305569779252132f,0.2582909232836586f,-0.0867732017419906f,0.036071982500910926f,-0.9955748206628662f,0.7104261097086899f,-0.2520336315620704f,-0.9676299060029023f,-0.01309250054226374f,0.29299806682106205f,0f,0f,0f,1f],start_interpolation:0}
execute if entity @s[tag=aj.folklore_microphone.bone.right_straight] run data modify entity @s {} merge value {transformation:[-0.7739043865708403f,0.189125146587993f,-0.6044035732641572f,-0.12651205829267842f,0.26213812179253004f,0.9644358299882128f,-0.03386938053805956f,0.3346352118779572f,0.576502910269754f,-0.18464887966900137f,-0.7959580301042805f,-0.1394113476232905f,0f,0f,0f,1f],start_interpolation:0}
execute if entity @s[tag=aj.folklore_microphone.bone.microphone] run data modify entity @s {} merge value {transformation:[-0.7739043865708403f,0.17854804509936684f,-0.6076122085982191f,-0.1375152180775524f,0.26213812179253004f,0.9636978395450265f,-0.050695948154986854f,0.6641281355458651f,0.576502910269754f,-0.1985121397986604f,-0.7926142345448138f,0.26906352046007037f,0f,0f,0f,1f],start_interpolation:0}
execute if entity @s[tag=aj.folklore_microphone.bone.right_bend] run data modify entity @s {} merge value {transformation:[-0.7739043865708403f,-0.6076122085982191f,-0.17854804509936698f,-0.41523804305929046f,0.26213812179253004f,-0.05069594815498664f,-0.9636978395450265f,0.524457866642714f,0.576502910269754f,-0.7926142345448138f,0.19851213979866023f,-0.0360182187828178f,0f,0f,0f,1f],start_interpolation:0}
execute if entity @s[tag=aj.folklore_microphone.bone.head] run data modify entity @s {} merge value {transformation:[-0.9816233519197447f,-0.02831511209623268f,-0.1887163198899949f,0f,-0.012674922348907998f,0.9964209644215426f,-0.08357396726667979f,0.8125f,0.19040730371835599f,-0.07964619318097185f,-0.9784689788656996f,0f,0f,0f,0f,1f],start_interpolation:0}