execute if entity @s[tag=aj.folklore_microphone.bone.left_straight] run data modify entity @s {} merge value {transformation:[-0.9963859190925118f,-0.0775965238281756f,0.0345525646508868f,0.018528827764174083f,-0.08080929923485954f,0.7406078000139245f,-0.6670606746883718f,0.9420562065888403f,0.02617169064736299f,-0.6674420319760497f,-0.7442017042175733f,0.24599880810032038f,0f,0f,0f,1f],start_interpolation:0}
execute if entity @s[tag=aj.folklore_microphone.bone.left_bend] run data modify entity @s {} merge value {transformation:[-0.9963859190925118f,-0.06244876685499582f,0.05757822290120382f,0.37016680194812795f,-0.08080929923485954f,0.488043587638038f,-0.8690703732854801f,0.961699245620196f,0.02617169064736299f,-0.8705823384859601f,-0.4913261997135667f,0.141571710793153f,0f,0f,0f,1f],start_interpolation:0}
execute if entity @s[tag=aj.folklore_microphone.bone.right_straight] run data modify entity @s {} merge value {transformation:[-0.836628625281358f,0.14345084287216667f,-0.5286533826989951f,-0.09206860748620804f,0.24637084848109675f,0.9605171377057227f,-0.12926033108541138f,0.7741811635584187f,0.4892381305443492f,-0.23838767554735424f,-0.8389382383516678f,-0.08720099023707714f,0f,0f,0f,1f],start_interpolation:0}
execute if entity @s[tag=aj.folklore_microphone.bone.microphone] run data modify entity @s {} merge value {transformation:[-0.836628625281358f,0.248566883644819f,-0.4881260571972451f,-0.16353820436611f,0.24637084848109675f,0.96664639891026f,0.06997245524154942f,1.0398220987574203f,0.4892381305443492f,-0.06171907184111877f,-0.8699636818813422f,0.33209442851620286f,0f,0f,0f,1f],start_interpolation:0}
execute if entity @s[tag=aj.folklore_microphone.bone.right_bend] run data modify entity @s {} merge value {transformation:[-0.836628625281358f,-0.48812605719724506f,-0.2485668836448191f,-0.4001676838831649f,0.24637084848109675f,0.06997245524154963f,-0.96664639891026f,0.9501449107291766f,0.4892381305443492f,-0.8699636818813422f,0.06171907184111858f,-0.022415247686881773f,0f,0f,0f,1f],start_interpolation:0}
execute if entity @s[tag=aj.folklore_microphone.bone.head] run data modify entity @s {} merge value {transformation:[-1f,-2.844378909024239e-17f,1.191156945528522e-16f,0f,0f,0.9726534592323697f,0.23226116387227783f,1.2400781250000001f,-1.2246467991473532e-16f,0.23226116387227783f,-0.9726534592323697f,0f,0f,0f,0f,1f],start_interpolation:0}
execute if entity @s[tag=aj.folklore_microphone.bone.hair] run data modify entity @s {} merge value {transformation:[-1f,0f,1.2246467991473532e-16f,-0.010937499999999998f,0f,1f,0f,0.833828125f,-1.2246467991473532e-16f,0f,-1f,-0.007968750000000002f,0f,0f,0f,1f],start_interpolation:0}
execute if entity @s[tag=aj.folklore_microphone.bone.outfit] run data modify entity @s {} merge value {transformation:[-1f,0f,1.2246467991473532e-16f,0f,0f,1f,0f,-0.19742187499999997f,-1.2246467991473532e-16f,0f,-1f,0f,0f,0f,0f,1f],start_interpolation:0}
execute if entity @s[tag=aj.folklore_microphone.bone.chest] run data modify entity @s {} merge value {transformation:[-1f,0f,1.2246467991473532e-16f,-0.010937499999999998f,0f,1f,0f,0.49007812500000003f,-1.2246467991473532e-16f,0f,-1f,-0.007968750000000002f,0f,0f,0f,1f],start_interpolation:0}
execute if entity @s[tag=aj.folklore_microphone.bone.right_leg] run data modify entity @s {} merge value {transformation:[-1f,-4.6096462272900395e-17f,1.1345798337949448e-16f,0.10625000000000001f,0f,0.9264547415506933f,0.37640617935713827f,0.5295625f,-1.2246467991473532e-16f,0.37640617935713827f,-0.9264547415506933f,-0.062499999999999986f,0f,0f,0f,1f],start_interpolation:0}
execute if entity @s[tag=aj.folklore_microphone.bone.left_leg] run data modify entity @s {} merge value {transformation:[-1f,-4.6096462272900395e-17f,1.1345798337949448e-16f,-0.10624999999999998f,0f,0.9264547415506933f,0.37640617935713827f,0.5295625f,-1.2246467991473532e-16f,0.37640617935713827f,-0.9264547415506933f,-0.06250000000000001f,0f,0f,0f,1f],start_interpolation:0}
execute if entity @s[tag=aj.folklore_microphone.bone.waist] run data modify entity @s {} merge value {transformation:[-1f,0f,1.2246467991473532e-16f,0f,0f,1f,0f,1.3025781250000001f,-1.2246467991473532e-16f,0f,-1f,0f,0f,0f,0f,1f],start_interpolation:0}