execute if entity @s[tag=aj.folklore_microphone.bone.left_straight] run data modify entity @s {} merge value {transformation:[-0.7945254830805871f,-0.0067203737959819695f,0.6071936209411309f,0.03143486042385124f,-0.2454989971815833f,0.9181286644903813f,-0.311078764662498f,0.3678632308326362f,-0.555391302703235f,-0.39622543080568556f,-0.7311264657119535f,-0.06608375815699549f,0f,0f,0f,1f],start_interpolation:0}
execute if entity @s[tag=aj.folklore_microphone.bone.left_bend] run data modify entity @s {} merge value {transformation:[-0.9893483391512752f,0.11567915817803787f,0.08836399822231814f,0.3462701401734932f,-0.14385856175075024f,-0.6842442117338957f,-0.7149227740949827f,0.44945175081610694f,-0.02223911036032944f,-0.7200195768671019f,0.6935973117728331f,0.08608453655213212f,0f,0f,0f,1f],start_interpolation:0}
execute if entity @s[tag=aj.folklore_microphone.bone.right_straight] run data modify entity @s {} merge value {transformation:[-0.7739043865708406f,0.10460060188070107f,-0.6246044464559998f,-0.09265721835236002f,0.2621381217925292f,0.95071854514249f,-0.16558337182589422f,0.3471331883430898f,0.576502910269754f,-0.2918783342564883f,-0.7631850577953958f,-0.09964708511685816f,0f,0f,0f,1f],start_interpolation:0}
execute if entity @s[tag=aj.folklore_microphone.bone.microphone] run data modify entity @s {} merge value {transformation:[-0.7739043865708406f,0.09368382004030558f,-0.6263348483910715f,-0.11731005816613099f,0.2621381217925292f,0.9476839177987948f,-0.1821504791336338f,0.7167482345756641f,0.576502910269754f,-0.30515329558794363f,-0.7579748416948422f,0.27226060398865737f,0f,0f,0f,1f],start_interpolation:0}
execute if entity @s[tag=aj.folklore_microphone.bone.right_bend] run data modify entity @s {} merge value {transformation:[-0.7739043865708406f,-0.6263348483910715f,-0.09368382004030572f,-0.39236093134982f,0.2621381217925292f,-0.18215047913363358f,-0.9476839177987948f,0.5241569242626858f,0.576502910269754f,-0.7579748416948423f,0.30515329558794346f,-0.005170871341020365f,0f,0f,0f,1f],start_interpolation:0}
execute if entity @s[tag=aj.folklore_microphone.bone.head] run data modify entity @s {} merge value {transformation:[-0.9999866874933793f,0.0001642089368169203f,-0.005157312424484747f,0f,0.00036952138791688843f,0.9992062313858832f,-0.03983428941960453f,0.8125f,0.005146677565434545f,-0.03983566486260791f,-0.9991929901250266f,0f,0f,0f,0f,1f],start_interpolation:0}