execute if entity @s[tag=aj.folklore_microphone.bone.left_straight] run data modify entity @s {} merge value {transformation:[-0.9517716964308774f,0.12475968594055623f,0.28029566289385127f,-0.0574607747469727f,-0.17625065386555394f,0.5254633738584426f,-0.8323604686343936f,0.5730086956421341f,-0.2511301353582529f,-0.8416194291348772f,-0.478132190526458f,0.2006279549195305f,0f,0f,0f,1f],start_interpolation:0}
execute if entity @s[tag=aj.folklore_microphone.bone.left_bend] run data modify entity @s {} merge value {transformation:[-0.9517716964308774f,0.3065328232841262f,0.012971743234909239f,0.2969651177722914f,-0.17625065386555394f,-0.5116655343598673f,-0.8409126518017174f,0.596701234803084f,-0.2511301353582529f,-0.802643139382437f,0.5410153841779839f,0.253107285925579f,0f,0f,0f,1f],start_interpolation:0}
execute if entity @s[tag=aj.folklore_microphone.bone.right_straight] run data modify entity @s {} merge value {transformation:[-0.7509829073349082f,0.11359429492961304f,-0.6504775238624719f,-0.10235993796470044f,0.26573617653373227f,0.953791995222433f,-0.14023235835870246f,0.34336232639042247f,0.6044906594580611f,-0.278167514294992f,-0.7464675991755461f,-0.11518632454403514f,0f,0f,0f,1f],start_interpolation:0}
execute if entity @s[tag=aj.folklore_microphone.bone.microphone] run data modify entity @s {} merge value {transformation:[-0.7509829073349082f,0.10222459584352322f,-0.6523609467889973f,-0.10875042974804033f,0.26573617653373227f,0.9511993359680304f,-0.15685696584854333f,0.7065478728618024f,0.6044906594580611f,-0.29115280396830523f,-0.7414992160274695f,0.263751394055273f,0f,0f,0f,1f],start_interpolation:0}
execute if entity @s[tag=aj.folklore_microphone.bone.right_bend] run data modify entity @s {} merge value {transformation:[-0.7509829073349082f,-0.6523609467889973f,-0.10222459584352336f,-0.3956708358980009f,0.26573617653373227f,-0.1568569658485431f,-0.9511993359680304f,0.5240943401300514f,0.6044906594580611f,-0.7414992160274696f,0.29115280396830506f,-0.00846177256094123f,0f,0f,0f,1f],start_interpolation:0}