execute if entity @s[tag=aj.folklore_microphone.bone.left_bend] run data modify entity @s {} merge value {transformation:[-0.8802222804890459f,0.20781925894130432f,0.4266378939378809f,0.3459558612300571f,-0.23188885338095827f,0.5960252112698673f,-0.7687532160637601f,0.45277933702066775f,-0.4140486645411719f,-0.7756062810110533f,-0.47644370102654865f,0.09357415277254709f,0f,0f,0f,1f],start_interpolation:0}
execute if entity @s[tag=aj.folklore_microphone.bone.right_straight] run data modify entity @s {} merge value {transformation:[-0.7739043865708405f,0.06920061011461358f,-0.6295103462264748f,-0.07867219669614245f,0.2621381217925292f,0.939864321341022f,-0.2189489953693901f,0.3542492942250149f,0.5765029102697541f,-0.33446424776042255f,-0.7455052390295849f,-0.08410914625115681f,0f,0f,0f,1f],start_interpolation:0}
execute if entity @s[tag=aj.folklore_microphone.bone.microphone] run data modify entity @s {} merge value {transformation:[-0.7739043865708405f,0.05820360010769286f,-0.630622185925071f,-0.1102133985107615f,0.2621381217925292f,0.9358999885963253f,-0.23531854250883735f,0.7388477521700731f,0.5765029102697541f,-0.34742416766814327f,-0.7395544889800897f,0.27173850775624137f,0f,0f,0f,1f],start_interpolation:0}
execute if entity @s[tag=aj.folklore_microphone.bone.right_bend] run data modify entity @s {} merge value {transformation:[-0.7739043865708405f,-0.630622185925071f,-0.058203600107693f,-0.38266861800770424f,0.2621381217925292f,-0.23531854250883716f,-0.9358999885963253f,0.5255080795217348f,0.5765029102697541f,-0.7395544889800898f,0.3474241676681431f,0.007225830188692925f,0f,0f,0f,1f],start_interpolation:0}
execute if entity @s[tag=aj.folklore_microphone.bone.head] run data modify entity @s {} merge value {transformation:[-0.9997817971016805f,0.0014124067274284412f,-0.02084138410400363f,0f,0.0014957492631908016f,0.9999909457958435f,-0.00398384995653361f,0.8125f,0.02083556858537737f,-0.004014154153844065f,-0.9997748574794993f,0f,0f,0f,0f,1f],start_interpolation:0}