execute if entity @s[tag=aj.folklore_microphone.bone.left_straight] run data modify entity @s {} merge value {transformation:[-0.9738816650636937f,0.09341571456861864f,0.20694928539234428f,-0.049157445691669854f,-0.14933958102257008f,0.4230242362873845f,-0.8937271312058722f,0.6255952834182659f,-0.17103272199427458f,-0.9012901862247861f,-0.39802488392325397f,0.2477915730312003f,0f,0f,0f,1f],start_interpolation:0}
execute if entity @s[tag=aj.folklore_microphone.bone.left_bend] run data modify entity @s {} merge value {transformation:[-0.9738816650636937f,0.21982349934561823f,0.05685183891673656f,0.308719107036768f,-0.14933958102257008f,-0.4315317120763465f,-0.8896505330816478f,0.6351159113922308f,-0.17103272199427458f,-0.8749045722865461f,0.4530891715758887f,0.2754838198342948f,0f,0f,0f,1f],start_interpolation:0}
execute if entity @s[tag=aj.folklore_microphone.bone.right_straight] run data modify entity @s {} merge value {transformation:[-0.748544840187395f,0.1114987389430225f,-0.6536426037544852f,-0.10218673347956703f,0.26605963016634687f,0.953432530218263f,-0.1420516931167935f,0.3434931802659609f,0.6073655369088488f,-0.28023997133834544f,-0.7433523142088879f,-0.115509922974664f,0f,0f,0f,1f],start_interpolation:0}
execute if entity @s[tag=aj.folklore_microphone.bone.microphone] run data modify entity @s {} merge value {transformation:[-0.748544840187395f,0.1000741207595776f,-0.6554889721292226f,-0.1072319154546656f,0.26605963016634687f,0.9508081739424781f,-0.15866974998378583f,0.7072989415749675f,0.6073655369088488f,-0.2931705761470067f,-0.7383482361711565f,0.2628527182908401f,0f,0f,0f,1f],start_interpolation:0}
execute if entity @s[tag=aj.folklore_microphone.bone.right_bend] run data modify entity @s {} merge value {transformation:[-0.748544840187395f,-0.6554889721292226f,-0.10007412075957774f,-0.39518691813585577f,0.26605963016634687f,-0.1586697499837856f,-0.9508081739424781f,0.5241374621231458f,0.6073655369088488f,-0.7383482361711566f,0.29317057614700653f,-0.0077880177905504805f,0f,0f,0f,1f],start_interpolation:0}