execute if entity @s[tag=aj.folklore_microphone.bone.left_bend] run data modify entity @s {} merge value {transformation:[-0.8899023613206681f,0.22733986237168652f,0.3954622286549269f,0.3459558612300571f,-0.22861214891436263f,0.5279351498114403f,-0.8179370165008608f,0.45277933702066775f,-0.39472809968971867f,-0.818291552302964f,-0.4178380819706947f,0.09357415277254709f,0f,0f,0f,1f],start_interpolation:0}
execute if entity @s[tag=aj.folklore_microphone.bone.right_straight] run data modify entity @s {} merge value {transformation:[-0.7739043865708405f,0.06900080386414202f,-0.6295322783722159f,-0.07859357578676229f,0.2621381217925292f,0.939794780917724f,-0.21924729157481582f,0.354292507603995f,0.5765029102697541f,-0.33470084975379044f,-0.7453990445557296f,-0.08402325389612916f,0f,0f,0f,1f],start_interpolation:0}
execute if entity @s[tag=aj.folklore_microphone.bone.microphone] run data modify entity @s {} merge value {transformation:[-0.7739043865708405f,0.05800344151995953f,-0.6306406276305481f,-0.11017555525181144f,0.2621381217925292f,0.9358252527777547f,-0.2356155796345749f,0.7389725869458637f,0.5765029102697541f,-0.34765888027676245f,-0.7394441814060151f,0.2717325461392308f,0f,0f,0f,1f],start_interpolation:0}
execute if entity @s[tag=aj.folklore_microphone.bone.right_bend] run data modify entity @s {} merge value {transformation:[-0.7739043865708405f,-0.6306406276305481f,-0.05800344151995967f,-0.38261373227384626f,0.2621381217925292f,-0.23561557963457472f,-0.9358252527777547f,0.525518098695545f,0.5765029102697541f,-0.7394441814060152f,0.3476588802767623f,0.00729495369540635f,0f,0f,0f,1f],start_interpolation:0}
execute if entity @s[tag=aj.folklore_microphone.bone.head] run data modify entity @s {} merge value {transformation:[-0.999743212324897f,0.0014813046180440737f,-0.022612278676073124f,0f,0.0016225584444238925f,0.9999792788135359f,-0.006229706867508881f,0.8125f,0.0226025820292784f,-0.00626479689927933f,-0.999724899962695f,0f,0f,0f,0f,1f],start_interpolation:0}