execute if entity @s[tag=aj.folklore_microphone.bone.left_straight] run data modify entity @s {} merge value {transformation:[-0.8082761636481526f,0.0067072773815601665f,0.5887653655815291f,0.02235936687882356f,-0.24593333502563763f,0.9046880298676633f,-0.3479315497872154f,0.3749270509837087f,-0.534982652056487f,-0.42602180817922086f,-0.729588226984451f,-0.04738285072909126f,0f,0f,0f,1f],start_interpolation:0}
execute if entity @s[tag=aj.folklore_microphone.bone.left_bend] run data modify entity @s {} merge value {transformation:[-0.8082761636481526f,0.564240959800137f,-0.1682907679049718f,0.34123477098191496f,-0.24593333502563763f,-0.5832121650335147f,-0.7741965934309504f,0.4544919887996262f,-0.534982652056487f,-0.5843763426429418f,0.6101621523479368f,0.09725817806720786f,0f,0f,0f,1f],start_interpolation:0}
execute if entity @s[tag=aj.folklore_microphone.bone.right_straight] run data modify entity @s {} merge value {transformation:[-0.7612212177152482f,0.097988897073524f,-0.6410463585033682f,-0.09341970185799764f,0.26425563023098075f,0.9495940440318944f,-0.1686419681763105f,0.3470309883285071f,0.592208763521228f,-0.29777395384665f,-0.7487452522849085f,-0.10337705745517045f,0f,0f,0f,1f],start_interpolation:0}
execute if entity @s[tag=aj.folklore_microphone.bone.microphone] run data modify entity @s {} merge value {transformation:[-0.7612212177152482f,0.08678617129613841f,-0.6426588660960587f,-0.11005104730034587f,0.26425563023098075f,0.94650620808853f,-0.18518898439458997f,0.7180836534936679f,0.592208763521228f,-0.3107960078920413f,-0.7434343426873878f,0.26754300421688937f,0f,0f,0f,1f],start_interpolation:0}
execute if entity @s[tag=aj.folklore_microphone.bone.right_bend] run data modify entity @s {} merge value {transformation:[-0.7612212177152482f,-0.6426588660960587f,-0.08678617129613855f,-0.3910358607018041f,0.26425563023098075f,-0.18518898439458975f,-0.94650620808853f,0.5243740949981197f,0.592208763521228f,-0.743434342687388f,0.31079600789204115f,-0.0030799082203039063f,0f,0f,0f,1f],start_interpolation:0}