execute if entity @s[tag=aj.folklore_microphone.bone.left_bend] run data modify entity @s {} merge value {transformation:[-0.8486921816542966f,0.1271607085295295f,0.5133729005363826f,0.3459558612300571f,-0.24089379614959475f,0.7711952652979348f,-0.5892605890085348f,0.45277933702066775f,-0.47084154423277913f,-0.6237692016990868f,-0.6238751663884178f,0.09357415277254709f,0f,0f,0f,1f],start_interpolation:0}
execute if entity @s[tag=aj.folklore_microphone.bone.right_straight] run data modify entity @s {} merge value {transformation:[-0.7739043865708405f,0.07128550368918776f,-0.6292776632061476f,-0.0794927814522422f,0.26213812179252927f,0.9405844404021f,-0.21583446336614895f,0.35380040876554547f,0.5765029102697541f,-0.33199290269107745f,-0.7466090724155826f,-0.08500659905119784f,0f,0f,0f,1f],start_interpolation:0}
execute if entity @s[tag=aj.folklore_microphone.bone.microphone] run data modify entity @s {} merge value {transformation:[-0.7739043865708405f,0.06029223702151904f,-0.6304259247535368f,-0.11060974839707383f,0.26213812179252927f,0.9366743540581647f,-0.232217052674443f,0.7375452204746861f,0.5765029102697541f,-0.344972463545514f,-0.7407012851655131f,0.27179870918099014f,0f,0f,0f,1f],start_interpolation:0}
execute if entity @s[tag=aj.folklore_microphone.bone.right_bend] run data modify entity @s {} merge value {transformation:[-0.7739043865708405f,-0.6304259247535368f,-0.06029223702151918f,-0.3832412076887475f,0.26213812179252927f,-0.23221705267444281f,-0.9366743540581647f,0.5254051255329738f,0.5765029102697541f,-0.7407012851655133f,0.3449724635455138f,0.0065039925479689065f,0f,0f,0f,1f],start_interpolation:0}
execute if entity @s[tag=aj.folklore_microphone.bone.head] run data modify entity @s {} merge value {transformation:[-0.9999180356051831f,0.0009215155432539833f,-0.01276999923944372f,0f,0.0009168432692942082f,0.9999995106080856f,0.00037172840751363703f,0.8125f,0.01277033554341474f,0.00035998985116810275f,-0.9999183911387047f,0f,0f,0f,0f,1f],start_interpolation:0}