execute if entity @s[tag=aj.folklore_microphone.bone.left_straight] run data modify entity @s {} merge value {transformation:[-0.8570621057969454f,-0.47267714972069097f,0.20498989960197775f,0.21174482440424328f,-0.2774376199639613f,0.08815607890609423f,-0.9566905836165813f,0.7133553969807627f,0.4341346724642458f,-0.8768151560527601f,-0.2066936580559163f,0.4425192781509684f,0f,0f,0f,1f],start_interpolation:0}
execute if entity @s[tag=aj.folklore_microphone.bone.left_bend] run data modify entity @s {} merge value {transformation:[-0.8570621057969454f,-0.36751321626958344f,0.3610797455882728f,0.5210039311452591f,-0.2774376199639613f,-0.2613332175057765f,-0.9245178832541916f,0.7606914704102146f,0.4341346724642458f,-0.8925463491019752f,0.12201680568305817f,0.26630568351978506f,0f,0f,0f,1f],start_interpolation:0}
execute if entity @s[tag=aj.folklore_microphone.bone.right_straight] run data modify entity @s {} merge value {transformation:[-0.7739043865708405f,0.29739867849743856f,-0.5591297045180023f,-0.17093689256265227f,0.26213812179252943f,0.9541257541455404f,0.14466392217580998f,0.3288947221033773f,0.5765029102697542f,-0.03461316663035904f,-0.8163616374783438f,-0.19643755221114756f,0f,0f,0f,1f],start_interpolation:0}
execute if entity @s[tag=aj.folklore_microphone.bone.microphone] run data modify entity @s {} merge value {transformation:[-0.7739043865708405f,0.28759522438381413f,-0.564234868966847f,-0.1708492355914804f,0.26213812179252943f,0.9565051697383959f,0.12799009870613942f,0.5970590495001306f,0.5765029102697542f,-0.04885536997450705f,-0.8156332185947051f,0.2548121125602499f,0f,0f,0f,1f],start_interpolation:0}
execute if entity @s[tag=aj.folklore_microphone.bone.right_bend] run data modify entity @s {} merge value {transformation:[-0.7739043865708405f,-0.5642348689668469f,-0.28759522438381424f,-0.44393681072328767f,0.26213812179252943f,0.12799009870613964f,-0.9565051697383959f,0.5329045221962656f,0.5765029102697542f,-0.8156332185947051f,0.04885536997450687f,-0.07838451420212968f,0f,0f,0f,1f],start_interpolation:0}
execute if entity @s[tag=aj.folklore_microphone.bone.head] run data modify entity @s {} merge value {transformation:[-0.885218629996852f,-0.055357984865168644f,-0.4618695385259396f,0f,-0.0041262655963579635f,0.9937890888632762f,-0.11120351068436454f,0.8125f,0.46515691012681404f,-0.09653362299202814f,-0.879949037497802f,0f,0f,0f,0f,1f],start_interpolation:0}