execute if entity @s[tag=aj.folklore_microphone.bone.left_bend] run data modify entity @s {} merge value {transformation:[-0.9828180677275257f,0.1745465922068265f,0.06001777151241594f,0.3459558612300571f,-0.16112347358241222f,-0.6526855466066933f,-0.7402977802961858f,0.45277933702066775f,-0.09004372276328054f,-0.7372483057964296f,0.6695947009880109f,0.09357415277254709f,0f,0f,0f,1f],start_interpolation:0}
execute if entity @s[tag=aj.folklore_microphone.bone.right_straight] run data modify entity @s {} merge value {transformation:[-0.7739043865708406f,0.08945299540501328f,-0.6269530780365319f,-0.08665944702715511f,0.2621381217925292f,0.9464325326700405f,-0.18854460004693283f,0.3500461226525925f,0.576502910269754f,-0.31026379536910753f,-0.7558973288308807f,-0.09292012790581441f,0f,0f,0f,1f],start_interpolation:0}
execute if entity @s[tag=aj.folklore_microphone.bone.microphone] run data modify entity @s {} merge value {transformation:[-0.7739043865708406f,0.07849753134553823f,-0.6284187600788722f,-0.11417759412069417f,0.2621381217925292f,0.9429978294195919f,-0.20503340901673467f,0.7262002698037923f,0.576502910269754f,-0.32340876809788993f,-0.750367352146873f,0.27216778382187906f,0f,0f,0f,1f],start_interpolation:0}
execute if entity @s[tag=aj.folklore_microphone.bone.right_bend] run data modify entity @s {} merge value {transformation:[-0.7739043865708406f,-0.6284187600788722f,-0.07849753134553837f,-0.3882213980356609f,0.2621381217925292f,-0.20503340901673445f,-0.9429978294195919f,0.5246314330996783f,0.576502910269754f,-0.7503673521468731f,0.32340876809788976f,0.0001703265610679544f,0f,0f,0f,1f],start_interpolation:0}
execute if entity @s[tag=aj.folklore_microphone.bone.head] run data modify entity @s {} merge value {transformation:[-0.9999010296647054f,0.00036952026266358004f,-0.014063937223883532f,0f,0.00100746106389051f,0.9989692875446974f,-0.04538003486826001f,0.8125f,0.014032672506212079f,-0.04538971246015148f,-0.998870791496637f,0f,0f,0f,0f,1f],start_interpolation:0}