execute if entity @s[tag=aj.folklore_microphone.bone.left_straight] run data modify entity @s {} merge value {transformation:[-0.9534733504450226f,-0.248290294840835f,0.17099853648202487f,0.0924526463223192f,-0.2094398577076179f,0.13754796922563095f,-0.9680989113542673f,0.7189561061541847f,0.216849062701585f,-0.9588704217201383f,-0.18315020708611815f,0.3959633500736869f,0f,0f,0f,1f],start_interpolation:0}
execute if entity @s[tag=aj.folklore_microphone.bone.left_bend] run data modify entity @s {} merge value {transformation:[-0.9534733504450226f,-0.2154134258320787f,0.21091615860912766f,0.43685886056531315f,-0.2094398577076179f,-0.029925849714031977f,-0.9773634889447762f,0.7421695115403883f,0.216849062701585f,-0.9760642906541456f,-0.01658265706282877f,0.29707640814505193f,0f,0f,0f,1f],start_interpolation:0}
execute if entity @s[tag=aj.folklore_microphone.bone.right_straight] run data modify entity @s {} merge value {transformation:[-0.7739043865708399f,0.2909428902165847f,-0.5625159865095679f,-0.16825061641396902f,0.26213812179253104f,0.9557277524692368f,0.13367149383165233f,0.3288733786110867f,0.5765029102697541f,-0.044007928746098136f,-0.8159091227936983f,-0.1928217580826957f,0f,0f,0f,1f],start_interpolation:0}
execute if entity @s[tag=aj.folklore_microphone.bone.microphone] run data modify entity @s {} merge value {transformation:[-0.7739043865708399f,0.2810813205811567f,-0.5675079661703131f,-0.1685978397127767f,0.26213812179253104f,0.9579150797427933f,0.11697138583620466f,0.6010461417033927f,0.5765029102697541f,-0.058240803752276096f,-0.8150168116234123f,0.25602146687995936f,0f,0f,0f,1f],start_interpolation:0}
execute if entity @s[tag=aj.folklore_microphone.bone.right_bend] run data modify entity @s {} merge value {transformation:[-0.7739043865708399f,-0.567507966170313f,-0.2810813205811568f,-0.4422471159199116f,0.26213812179253104f,0.11697138583620487f,-0.9579150797427933f,0.5321154530267327f,0.5765029102697541f,-0.8150168116234123f,0.058240803752275916f,-0.07575745490479457f,0f,0f,0f,1f],start_interpolation:0}
execute if entity @s[tag=aj.folklore_microphone.bone.head] run data modify entity @s {} merge value {transformation:[-0.8976075476499425f,-0.03268338710207059f,-0.4395821727611257f,0f,-0.0049329718768487425f,0.9979297339868427f,-0.06412419054780821f,0.8125f,0.4407679164711495f,-0.05538991092686106f,-0.8959104874803041f,0f,0f,0f,0f,1f],start_interpolation:0}