execute if entity @s[tag=aj.folklore_microphone.bone.left_straight] run data modify entity @s {} merge value {transformation:[-0.9486660567622851f,-0.3087507719619816f,-0.06859791221296278f,0.13065166202775796f,-0.19010955798605716f,0.7299874807978834f,-0.6564881063969901f,0.47924948439460135f,0.25276682675826523f,-0.6097468644373993f,-0.7512108176799086f,0.304394608736922f,0f,0f,0f,1f],start_interpolation:0}
execute if entity @s[tag=aj.folklore_microphone.bone.left_bend] run data modify entity @s {} merge value {transformation:[-0.9486660567622851f,-0.3154763360510704f,-0.0225254109593815f,0.4595315394857431f,-0.19010955798605716f,0.6256951856811144f,-0.7565473485366411f,0.5200046947007937f,0.25276682675826523f,-0.7134284939692751f,-0.6535508513369783f,0.1661550741640248f,0f,0f,0f,1f],start_interpolation:0}
execute if entity @s[tag=aj.folklore_microphone.bone.right_straight] run data modify entity @s {} merge value {transformation:[-0.7739043865708405f,0.5087571503731038f,-0.3771447499179196f,-0.2627621674700083f,0.2621381217925294f,0.7994487983470775f,0.5405231021191406f,0.3672453465689969f,0.576502910269754f,0.3194491833854845f,-0.7520615757269153f,-0.33714307558466944f,0f,0f,0f,1f],start_interpolation:0}
execute if entity @s[tag=aj.folklore_microphone.bone.microphone] run data modify entity @s {} merge value {transformation:[-0.7739043865708405f,0.5020975807336261f,-0.3859663455119511f,-0.27188073856440426f,0.2621381217925294f,0.8087604672897966f,0.5264884724780541f,0.46775522082145216f,0.576502910269754f,0.306275245442118f,-0.757522190090742f,0.1779811725022832f,0f,0f,0f,1f],start_interpolation:0}
execute if entity @s[tag=aj.folklore_microphone.bone.right_bend] run data modify entity @s {} merge value {transformation:[-0.7739043865708405f,-0.38596634551195097f,-0.5020975807336262f,-0.4970338558824544f,0.2621381217925294f,0.5264884724780543f,-0.8087604672897964f,0.5882946499009423f,0.576502910269754f,-0.7575221900907418f,-0.30627524544211815f,-0.174848728370554f,0f,0f,0f,1f],start_interpolation:0}
execute if entity @s[tag=aj.folklore_microphone.bone.head] run data modify entity @s {} merge value {transformation:[-0.9145934662019363f,0.23616043602405803f,-0.3282484425517573f,0f,0.0015751173668922536f,0.8138179403172088f,0.581117784122235f,0.8125f,0.4043715007094442f,0.5309694986294249f,-0.7446845512961908f,0f,0f,0f,0f,1f],start_interpolation:0}