execute if entity @s[tag=aj.folklore_microphone.bone.left_straight] run data modify entity @s {} merge value {transformation:[-0.860901071754268f,0.05896159608683195f,0.5053443131561353f,-0.012005524448284788f,-0.23311280538664003f,0.8371536661138181f,-0.494805173049923f,0.4136531008132002f,-0.4522253471634725f,-0.5437805343142461f,-0.7069617853065253f,0.026367789079722703f,0f,0f,0f,1f],start_interpolation:0}
execute if entity @s[tag=aj.folklore_microphone.bone.left_bend] run data modify entity @s {} merge value {transformation:[-0.860901071754268f,0.5005815463061475f,-0.09092557478564059f,0.321639401467438f,-0.23311280538664003f,-0.5469555684326048f,-0.8040510096538257f,0.47981737520731815f,-0.4522253471634725f,-0.6710124601364064f,0.5875666036498026f,0.14141770036784235f,0f,0f,0f,1f],start_interpolation:0}
execute if entity @s[tag=aj.folklore_microphone.bone.right_straight] run data modify entity @s {} merge value {transformation:[-0.7465738957398096f,0.09737050769848979f,-0.6581385890756006f,-0.09712282712173054f,0.26631307996844916f,0.9502590403545098f,-0.16150882224276333f,0.34569957789855366f,0.6096759480556884f,-0.29584918532094096f,-0.7353696335227157f,-0.11066559182238361f,0f,0f,0f,1f],start_interpolation:0}
execute if entity @s[tag=aj.folklore_microphone.bone.microphone] run data modify entity @s {} merge value {transformation:[-0.7465738957398096f,0.08586957554993489f,-0.6597377010560773f,-0.10342939107738991f,0.26631307996844916f,0.9472955936909931f,-0.17806853065982026f,0.7152403937217944f,0.6096759480556884f,-0.3086380957829136f,-0.730094352939327f,0.26207853867461445f,0f,0f,0f,1f],start_interpolation:0}
execute if entity @s[tag=aj.folklore_microphone.bone.right_bend] run data modify entity @s {} merge value {transformation:[-0.7465738957398096f,-0.6597377010560773f,-0.08586957554993505f,-0.391398003362255f,0.26631307996844916f,-0.17806853065982003f,-0.9472955936909931f,0.5244120537063156f,0.6096759480556884f,-0.7300943529393271f,0.30863809578291346f,-0.003197246380198207f,0f,0f,0f,1f],start_interpolation:0}