execute if entity @s[tag=aj.folklore_microphone.bone.left_straight] run data modify entity @s {} merge value {transformation:[-0.9963065978212614f,-0.0846914682289696f,0.014160450100355104f,0.022418260479462104f,-0.08563666928696441f,0.9679541748580424f,-0.23607430238872132f,0.9603075529069233f,0.006286812487922848f,-0.23641503882813328f,-0.9716318260558543f,0.08432497936482013f,0f,0f,0f,1f],start_interpolation:0}
execute if entity @s[tag=aj.folklore_microphone.bone.left_bend] run data modify entity @s {} merge value {transformation:[-0.9963065978212614f,-0.08273363686674304f,0.022984961792987885f,0.3743942453030058f,-0.08563666928696441f,0.9377743240585025f,-0.33651995187515077f,1.002118726666652f,0.006286812487922848f,-0.3372454039233457f,-0.9413957794261248f,0.015779212056930517f,0f,0f,0f,1f],start_interpolation:0}
execute if entity @s[tag=aj.folklore_microphone.bone.right_straight] run data modify entity @s {} merge value {transformation:[-0.7959875900416546f,0.1319883679555893f,-0.5907476849079467f,-0.09776666307941614f,0.2576516033063761f,0.956991990985961f,-0.1333490926192608f,0.9035782469744308f,0.5477402740472281f,-0.2583513110343092f,-0.7957607632156295f,-0.10128984781144607f,0f,0f,0f,1f],start_interpolation:0}
execute if entity @s[tag=aj.folklore_microphone.bone.microphone] run data modify entity @s {} merge value {transformation:[-0.7959875900416546f,0.16657445515703057f,-0.5819421856067981f,-0.13334454921985245f,0.2576516033063761f,0.9631874701114372f,-0.07671733007595492f,1.233045765261229f,0.5477402740472281f,-0.21100437983479778f,-0.8096034485334163f,0.2951893232812505f,0f,0f,0f,1f],start_interpolation:0}
execute if entity @s[tag=aj.folklore_microphone.bone.right_bend] run data modify entity @s {} merge value {transformation:[-0.7959875900416546f,-0.5819421856067981f,-0.1665744551570307f,-0.3989201299910216f,0.2576516033063761f,-0.07671733007595471f,-0.9631874701114372f,1.0825600683626777f,0.5477402740472281f,-0.8096034485334163f,0.2110043798347976f,-0.015513565469071233f,0f,0f,0f,1f],start_interpolation:0}
execute if entity @s[tag=aj.folklore_microphone.bone.head] run data modify entity @s {} merge value {transformation:[-1f,-1.2281863121394625e-17f,1.2184725546718687e-16f,0f,0f,0.994958346782286f,0.10028902316933941f,1.371640625f,-1.2246467991473532e-16f,0.10028902316933941f,-0.994958346782286f,0f,0f,0f,0f,1f],start_interpolation:0}
execute if entity @s[tag=aj.folklore_microphone.bone.hair] run data modify entity @s {} merge value {transformation:[-1f,0f,1.2246467991473532e-16f,-0.010937499999999998f,0f,1f,0f,0.965390625f,-1.2246467991473532e-16f,0f,-1f,-0.007968750000000002f,0f,0f,0f,1f],start_interpolation:0}
execute if entity @s[tag=aj.folklore_microphone.bone.outfit] run data modify entity @s {} merge value {transformation:[-1f,0f,1.2246467991473532e-16f,0f,0f,1f,0f,-0.06585937500000005f,-1.2246467991473532e-16f,0f,-1f,0f,0f,0f,0f,1f],start_interpolation:0}
execute if entity @s[tag=aj.folklore_microphone.bone.chest] run data modify entity @s {} merge value {transformation:[-1f,0f,1.2246467991473532e-16f,-0.010937499999999998f,0f,1f,0f,0.621640625f,-1.2246467991473532e-16f,0f,-1f,-0.007968750000000002f,0f,0f,0f,1f],start_interpolation:0}
execute if entity @s[tag=aj.folklore_microphone.bone.right_leg] run data modify entity @s {} merge value {transformation:[-1f,-1.5722569424684758e-17f,1.214512191676335e-16f,0.10625000000000001f,0f,0.991724464982006f,0.12838452226087899f,0.6348125f,-1.2246467991473532e-16f,0.12838452226087899f,-0.991724464982006f,-0.062499999999999986f,0f,0f,0f,1f],start_interpolation:0}
execute if entity @s[tag=aj.folklore_microphone.bone.left_leg] run data modify entity @s {} merge value {transformation:[-1f,-1.5722569424684758e-17f,1.214512191676335e-16f,-0.10624999999999998f,0f,0.991724464982006f,0.12838452226087899f,0.6348125f,-1.2246467991473532e-16f,0.12838452226087899f,-0.991724464982006f,-0.06250000000000001f,0f,0f,0f,1f],start_interpolation:0}
execute if entity @s[tag=aj.folklore_microphone.bone.waist] run data modify entity @s {} merge value {transformation:[-1f,0f,1.2246467991473532e-16f,0f,0f,1f,0f,1.434140625f,-1.2246467991473532e-16f,0f,-1f,0f,0f,0f,0f,1f],start_interpolation:0}