execute if entity @s[tag=aj.folklore_microphone.bone.left_straight] run data modify entity @s {} merge value {transformation:[-0.7785275336601429f,-0.07347329336415434f,0.6232949177518454f,0.06209786559987257f,-0.26428548482324266f,0.9391576506339945f,-0.21939938415451307f,0.348051775148259f,-0.5692521952920326f,-0.33553626095827693f,-0.7505780144244437f,-0.09345637954722753f,0f,0f,0f,1f],start_interpolation:0}
execute if entity @s[tag=aj.folklore_microphone.bone.left_bend] run data modify entity @s {} merge value {transformation:[-0.7785275336601429f,0.5875203634718563f,-0.22071407258929515f,0.3713024850115579f,-0.26428548482324266f,-0.6258683980668128f,-0.7337860252233107f,0.441565881012252f,-0.5692521952920326f,-0.5129410987698092f,0.6425288844464676f,0.06332609785935388f,0f,0f,0f,1f],start_interpolation:0}
execute if entity @s[tag=aj.folklore_microphone.bone.right_straight] run data modify entity @s {} merge value {transformation:[-0.752533197104846f,0.09571117581504629f,-0.6515620907321577f,-0.09485513070663593f,0.2655247443920286f,0.9494956406154534f,-0.16719640716174952f,0.3465679143465789f,0.602652800018972f,-0.2988267044230668f,-0.7399406755632117f,-0.10692514707806941f,0f,0f,0f,1f],start_interpolation:0}
execute if entity @s[tag=aj.folklore_microphone.bone.microphone] run data modify entity @s {} merge value {transformation:[-0.752533197104846f,0.08432527211279829f,-0.6531332450107418f,-0.10569705072478269f,0.2655247443920286f,0.946433048177762f,-0.1837419261695547f,0.717539707610044f,0.602652800018972f,-0.3116949370779909f,-0.7346127339144349f,0.2642900943943213f,0f,0f,0f,1f],start_interpolation:0}
execute if entity @s[tag=aj.folklore_microphone.bone.right_bend] run data modify entity @s {} merge value {transformation:[-0.752533197104846f,-0.6531332450107418f,-0.08432527211279843f,-0.3907309861089397f,0.2655247443920286f,-0.18374192616955448f,-0.946433048177762f,0.5244466372300223f,0.602652800018972f,-0.734612733914435f,0.31169493707799073f,-0.002511968943684967f,0f,0f,0f,1f],start_interpolation:0}