execute if entity @s[tag=aj.folklore_microphone.bone.left_straight] run data modify entity @s {} merge value {transformation:[-0.8084288313162754f,0.008023296485769089f,0.588539252225459f,0.021807590406353494f,-0.24964877409578085f,0.9008364304344236f,-0.35520306191619394f,0.375498250614681f,-0.5330274986237341f,-0.4340844990502047f,-0.7262591365313471f,-0.04374662899717633f,0f,0f,0f,1f],start_interpolation:0}
execute if entity @s[tag=aj.folklore_microphone.bone.left_bend] run data modify entity @s {} merge value {transformation:[-0.8084288313162754f,0.5584977961063405f,-0.18580375787631806f,0.3407412638178366f,-0.24964877409578085f,-0.6112303296392817f,-0.751047917060908f,0.4559363385870911f,-0.5330274986237341f,-0.5607831094758607f,0.6335645111884896f,0.1002816871438268f,0f,0f,0f,1f],start_interpolation:0}
execute if entity @s[tag=aj.folklore_microphone.bone.right_straight] run data modify entity @s {} merge value {transformation:[-0.7719494287403265f,0.12418550934842178f,-0.6234356732938505f,-0.10096073906056824f,0.26248556445656795f,0.9554900433739096f,-0.1346852087841914f,0.3434836840634214f,0.5789606272618205f,-0.267613034587625f,-0.7701868966682063f,-0.1094860286489319f,0f,0f,0f,1f],start_interpolation:0}
execute if entity @s[tag=aj.folklore_microphone.bone.microphone] run data modify entity @s {} merge value {transformation:[-0.7719494287403265f,0.34391406295286997f,-0.5346187396366995f,-0.13009516720056546f,0.26248556445656795f,0.9384175792665445f,0.22466369394148988f,0.5453382115220694f,0.5789606272618205f,0.033099308554226756f,-0.8146833911734248f,0.33078708019458813f,0f,0f,0f,1f],start_interpolation:0}
execute if entity @s[tag=aj.folklore_microphone.bone.right_bend] run data modify entity @s {} merge value {transformation:[-0.7719494287403265f,-0.5346187396366994f,-0.3439140629528701f,-0.3977714595779626f,0.26248556445656795f,0.2246636939414901f,-0.9384175792665445f,0.5237954189121254f,0.5789606272618205f,-0.8146833911734248f,-0.033099308554226936f,-0.012138465276198301f,0f,0f,0f,1f],start_interpolation:0}