execute if entity @s[tag=aj.folklore_microphone.bone.left_straight] run data modify entity @s {} merge value {transformation:[-0.9960828889737712f,-0.06354582804484657f,0.061488259300134414f,0.01172282704453309f,-0.07627493726279172f,0.26569458871421225f,-0.9610351291568602f,0.9896616519496813f,0.04473267529695668f,-0.9619606609763627f,-0.2695007875585833f,0.34082209171928385f,0f,0f,0f,1f],start_interpolation:0}
execute if entity @s[tag=aj.folklore_microphone.bone.left_bend] run data modify entity @s {} merge value {transformation:[-0.9960828889737712f,-0.01965772692166403f,0.08621167012614395f,0.36499475792534763f,-0.07627493726279172f,-0.3022121530261276f,-0.9501841655746899f,0.9507010967513706f,0.04473267529695668f,-0.9530379784329615f,0.2995289625815697f,0.21180927591832133f,0f,0f,0f,1f],start_interpolation:0}
execute if entity @s[tag=aj.folklore_microphone.bone.right_straight] run data modify entity @s {} merge value {transformation:[-0.8820249752799972f,0.152440200672083f,-0.4458631272053961f,-0.08495816701963876f,0.22789674475542976f,0.9662012615659906f,-0.12049147637142892f,0.6235863016001415f,0.41242577115427537f,-0.2078872467645458f,-0.8869542693512772f,-0.070837418840459f,0f,0f,0f,1f],start_interpolation:0}
execute if entity @s[tag=aj.folklore_microphone.bone.microphone] run data modify entity @s {} merge value {transformation:[-0.8820249752799972f,0.3110747791043105f,-0.35392714615796933f,-0.21165993798893268f,0.22789674475542976f,0.9390451112813376f,0.25740503629202505f,0.8028061069188219f,0.41242577115427537f,0.14637882628243976f,-0.8991541705981108f,0.3602153324643251f,0f,0f,0f,1f],start_interpolation:0}
execute if entity @s[tag=aj.folklore_microphone.bone.right_bend] run data modify entity @s {} merge value {transformation:[-0.8820249752799972f,-0.3539271461579693f,-0.31107477910431053f,-0.4000806535370917f,0.22789674475542976f,0.25740503629202527f,-0.9390451112813375f,0.7947755404903516f,0.41242577115427537f,-0.8991541705981108f,-0.14637882628243995f,-0.032398680410838154f,0f,0f,0f,1f],start_interpolation:0}
execute if entity @s[tag=aj.folklore_microphone.bone.head] run data modify entity @s {} merge value {transformation:[-1f,-4.409616864296571e-17f,1.1425027675077949e-16f,0f,0f,0.932924307892896f,0.3600725423335706f,1.086015625f,-1.2246467991473532e-16f,0.3600725423335706f,-0.932924307892896f,0f,0f,0f,0f,1f],start_interpolation:0}
execute if entity @s[tag=aj.folklore_microphone.bone.hair] run data modify entity @s {} merge value {transformation:[-1f,0f,1.2246467991473532e-16f,-0.010937499999999998f,0f,1f,0f,0.6797656249999999f,-1.2246467991473532e-16f,0f,-1f,-0.007968750000000002f,0f,0f,0f,1f],start_interpolation:0}
execute if entity @s[tag=aj.folklore_microphone.bone.outfit] run data modify entity @s {} merge value {transformation:[-1f,0f,1.2246467991473532e-16f,0f,0f,1f,0f,-0.351484375f,-1.2246467991473532e-16f,0f,-1f,0f,0f,0f,0f,1f],start_interpolation:0}
execute if entity @s[tag=aj.folklore_microphone.bone.chest] run data modify entity @s {} merge value {transformation:[-1f,0f,1.2246467991473532e-16f,-0.010937499999999998f,0f,1f,0f,0.336015625f,-1.2246467991473532e-16f,0f,-1f,-0.007968750000000002f,0f,0f,0f,1f],start_interpolation:0}
execute if entity @s[tag=aj.folklore_microphone.bone.right_leg] run data modify entity @s {} merge value {transformation:[-1f,-7.767631246413339e-17f,9.467834128560182e-17f,0.10625000000000001f,0f,0.7731073265493411f,0.6342752254626776f,0.40631249999999997f,-1.2246467991473532e-16f,0.6342752254626776f,-0.7731073265493411f,-0.062499999999999986f,0f,0f,0f,1f],start_interpolation:0}
execute if entity @s[tag=aj.folklore_microphone.bone.left_leg] run data modify entity @s {} merge value {transformation:[-1f,-7.767631246413339e-17f,9.467834128560182e-17f,-0.10624999999999998f,0f,0.7731073265493411f,0.6342752254626776f,0.40631249999999997f,-1.2246467991473532e-16f,0.6342752254626776f,-0.7731073265493411f,-0.06250000000000001f,0f,0f,0f,1f],start_interpolation:0}
execute if entity @s[tag=aj.folklore_microphone.bone.waist] run data modify entity @s {} merge value {transformation:[-1f,0f,1.2246467991473532e-16f,0f,0f,1f,0f,1.148515625f,-1.2246467991473532e-16f,0f,-1f,0f,0f,0f,0f,1f],start_interpolation:0}