execute if entity @s[tag=aj.folklore_microphone.bone.left_straight] run data modify entity @s {} merge value {transformation:[-0.9580016205611861f,-0.09463023837914253f,0.2706991189244027f,0.025866456250275727f,-0.13830210114883057f,0.9794093911352474f,-0.14707064076117507f,0.3731947803128736f,-0.2512079294527939f,-0.1783321691125598f,-0.9513633447004617f,-0.030617564555973815f,0f,0f,0f,1f],start_interpolation:0}
execute if entity @s[tag=aj.folklore_microphone.bone.left_bend] run data modify entity @s {} merge value {transformation:[-0.9580016205611861f,-0.0837103434355809f,0.2742726260566999f,0.37923633939217843f,-0.13830210114883057f,0.972731731672714f,-0.1861867530594532f,0.42647147832428217f,-0.2512079294527939f,-0.21629969162923063f,-0.9434558916987799f,0.004374563417209973f,0f,0f,0f,1f],start_interpolation:0}
execute if entity @s[tag=aj.folklore_microphone.bone.right_straight] run data modify entity @s {} merge value {transformation:[-0.9882694150614827f,0.11802741495620646f,-0.09691796826590143f,-0.05529215063838033f,0.12217966321422634f,0.9917776770485206f,-0.03806795509478529f,0.3708491241564761f,0.09162801509851151f,-0.049462800436245166f,-0.9945640945771725f,-0.019593290323516963f,0f,0f,0f,1f],start_interpolation:0}
execute if entity @s[tag=aj.folklore_microphone.bone.microphone] run data modify entity @s {} merge value {transformation:[-0.9882694150614827f,0.0972061864624687f,0.11779015479851696f,-0.41437305441513517f,0.12217966321422634f,0.040492155606005706f,0.9916816602273317f,0.10726366609589821f,0.09162801509851151f,0.9944402157232997f,-0.051893778059649516f,0.06456337017509271f,0f,0f,0f,1f],start_interpolation:0}
execute if entity @s[tag=aj.folklore_microphone.bone.right_bend] run data modify entity @s {} merge value {transformation:[-0.9882694150614827f,0.11779015479851698f,-0.09720618646246867f,-0.3796050612930043f,0.12217966321422634f,0.9916816602273317f,-0.040492155606005484f,0.5167222099741682f,0.09162801509851151f,-0.051893778059649294f,-0.9944402157232997f,-0.079823286584206f,0f,0f,0f,1f],start_interpolation:0}
execute if entity @s[tag=aj.folklore_microphone.bone.head] run data modify entity @s {} merge value {transformation:[-1f,-1.181947603024741e-16f,3.20561454897383e-17f,0f,0f,0.2617582923668852f,0.9651334603966294f,0.8125f,-1.2246467991473532e-16f,0.9651334603966294f,-0.2617582923668852f,0f,0f,0f,0f,1f],start_interpolation:0}