execute if entity @s[tag=aj.folklore_microphone.bone.left_straight] run data modify entity @s {} merge value {transformation:[-0.9811867236567257f,-0.11092436689632217f,0.15801391757826405f,0.030101829682390224f,-0.17503860148034733f,0.16581971660416017f,-0.9704974546989394f,0.7203332951798788f,0.08144999270463112f,-0.979897753040574f,-0.18211615050414784f,0.35603069492282563f,0f,0f,0f,1f],start_interpolation:0}
execute if entity @s[tag=aj.folklore_microphone.bone.left_bend] run data modify entity @s {} merge value {transformation:[-0.9811867236567257f,-0.08450341459208373f,0.17358509798383825f,0.3853466375861208f,-0.17503860148034733f,0.01004975446498238f,-0.9845102794928032f,0.7315676062734399f,0.08144999270463112f,-0.9963725083308309f,-0.024652045167562975f,0.3049616573902153f,0f,0f,0f,1f],start_interpolation:0}
execute if entity @s[tag=aj.folklore_microphone.bone.right_straight] run data modify entity @s {} merge value {transformation:[-0.7739043865708399f,0.26026641221716157f,-0.5773503226967303f,-0.15555454629398635f,0.26213812179253076f,0.9615339561579894f,0.08207348084643441f,0.32943717882729534f,0.5765029102697543f,-0.08782850235983898f,-0.812361094971769f,-0.1760347641995358f,0f,0f,0f,1f],start_interpolation:0}
execute if entity @s[tag=aj.folklore_microphone.bone.microphone] run data modify entity @s {} merge value {transformation:[-0.7739043865708399f,0.2501506198935521f,-0.5818046646541121f,-0.15838242372564276f,0.26213812179253076f,0.9628198896246268f,0.06527989925165119f,0.6200136722171578f,0.5765029102697543f,-0.10199278165680675f,-0.8107045497222837f,0.2611101531067039f,0f,0f,0f,1f],start_interpolation:0}
execute if entity @s[tag=aj.folklore_microphone.bone.right_bend] run data modify entity @s {} merge value {transformation:[-0.7739043865708399f,-0.581804664654112f,-0.2501506198935522f,-0.43417879348217087f,0.26213812179253076f,0.0652798992516514f,-0.9628198896246268f,0.5288881647200103f,0.5765029102697543f,-0.8107045497222837f,0.10199278165680657f,-0.06345898199903761f,0f,0f,0f,1f],start_interpolation:0}
execute if entity @s[tag=aj.folklore_microphone.bone.head] run data modify entity @s {} merge value {transformation:[-0.9268468430701533f,-0.03404136190845692f,-0.3738931868466018f,0f,-0.00704361429723881f,0.9972822859205556f,-0.07333777803221947f,0.8125f,0.3753735699120573f,-0.06533932865042935f,-0.9245677125786889f,0f,0f,0f,0f,1f],start_interpolation:0}