execute if entity @s[tag=aj.folklore_microphone.bone.left_straight] run data modify entity @s {} merge value {transformation:[-0.9864877950786426f,-0.16001534336742892f,-0.03516987415220325f,0.057778912937784976f,-0.12998290640169438f,0.8950858583272139f,-0.4265275492462395f,0.4240599982036876f,0.0997310092410899f,-0.41619273913613475f,-0.9037905341870509f,0.18343285632283896f,0f,0f,0f,1f],start_interpolation:0}
execute if entity @s[tag=aj.folklore_microphone.bone.left_bend] run data modify entity @s {} merge value {transformation:[-0.9864877950786426f,-0.16182560577281913f,-0.025579356464503183f,0.40375575376278583f,-0.12998290640169438f,0.8681000567022654f,-0.4790686126192072f,0.4580928031272947f,0.0997310092410899f,-0.46927046025696495f,-0.8774046734124282f,0.09357227717605059f,0f,0f,0f,1f],start_interpolation:0}
execute if entity @s[tag=aj.folklore_microphone.bone.right_straight] run data modify entity @s {} merge value {transformation:[-0.7739043865708405f,0.5459873554903467f,-0.32088909001564536f,-0.28025656340698585f,0.2621381217925294f,0.737418375424024f,0.622493168388279f,0.3868122052754412f,0.5765029102697541f,0.39763293026565466f,-0.7138154153693045f,-0.3695248884327364f,0f,0f,0f,1f],start_interpolation:0}
execute if entity @s[tag=aj.folklore_microphone.bone.microphone] run data modify entity @s {} merge value {transformation:[-0.7739043865708405f,0.5403039121513132f,-0.33036901029060994f,-0.2989738719783125f,0.2621381217925294f,0.7481700668128255f,0.6095286344613987f,0.4453976012270464f,0.5765029102697541f,0.3851145720941733f,-0.7206463493359454f,0.15177712371495866f,0f,0f,0f,1f],start_interpolation:0}
execute if entity @s[tag=aj.folklore_microphone.bone.right_bend] run data modify entity @s {} merge value {transformation:[-0.7739043865708405f,-0.33036901029060983f,-0.5403039121513133f,-0.5056305173087416f,0.2621381217925294f,0.6095286344613988f,-0.7481700668128254f,0.608108425847327f,0.5765029102697541f,-0.7206463493359453f,-0.3851145720941735f,-0.195398390460426f,0f,0f,0f,1f],start_interpolation:0}
execute if entity @s[tag=aj.folklore_microphone.bone.head] run data modify entity @s {} merge value {transformation:[-0.9728074458315268f,0.1932995399544914f,-0.1275968698210232f,0f,0.0009801626313623302f,0.5543306841404629f,0.8322959400967801f,0.8125f,0.23161328246876783f,0.8095386219778206f,-0.5394464819704494f,0f,0f,0f,0f,1f],start_interpolation:0}