execute if entity @s[tag=aj.folklore_microphone.bone.left_straight] run data modify entity @s {} merge value {transformation:[-0.9268871058887456f,0.10427779143041951f,0.36056405138557474f,-0.045074922976321596f,-0.1974840543233935f,0.6814280657102114f,-0.7047381354449571f,0.4980817504679473f,-0.31918700040130144f,-0.7244183414828989f,-0.6110136866699354f,0.13831980822100665f,0f,0f,0f,1f],start_interpolation:0}
execute if entity @s[tag=aj.folklore_microphone.bone.left_bend] run data modify entity @s {} merge value {transformation:[-0.9268871058887456f,0.3752360933089813f,0.008841222505906923f,0.30464582821359265f,-0.1974840543233935f,-0.4675121336998508f,-0.8616452014207516f,0.5382144753586706f,-0.31918700040130144f,-0.8003938275134476f,0.5074341136080559f,0.20915687805608713f,0f,0f,0f,1f],start_interpolation:0}
execute if entity @s[tag=aj.folklore_microphone.bone.right_straight] run data modify entity @s {} merge value {transformation:[-0.7450825527795242f,0.09867938414978046f,-0.6596319948936434f,-0.09804491703956053f,0.2665001193847507f,0.9506619695746192f,-0.1588065048177164f,0.34533383302293874f,0.6114161233656349f,-0.29411596139673524f,-0.7346197147777979f,-0.11195726219491374f,0f,0f,0f,1f],start_interpolation:0}
execute if entity @s[tag=aj.folklore_microphone.bone.microphone] run data modify entity @s {} merge value {transformation:[-0.7450825527795242f,0.08715218912769006f,-0.6612537224649846f,-0.10305201199003877f,0.2665001193847507f,0.9477456234850552f,-0.17537365689532095f,0.7141424664321276f,0.6114161233656349f,-0.30689204795037534f,-0.7293747973390384f,0.26153101747554625f,0f,0f,0f,1f],start_interpolation:0}
execute if entity @s[tag=aj.folklore_microphone.bone.right_bend] run data modify entity @s {} merge value {transformation:[-0.7450825527795242f,-0.6612537224649846f,-0.08715218912769021f,-0.391808703557084f,0.2665001193847507f,-0.17537365689532072f,-0.9477456234850552f,0.5243844364365053f,0.6114161233656349f,-0.7293747973390385f,0.30689204795037517f,-0.003655864323339253f,0f,0f,0f,1f],start_interpolation:0}