execute if entity @s[tag=aj.folklore_microphone.bone.left_straight] run data modify entity @s {} merge value {transformation:[-0.9299447910344639f,0.3378569166769762f,0.14510475347621846f,-0.12492209187036468f,-0.06547904532607668f,0.2361591226944827f,-0.9695057314896894f,0.7318821004870922f,-0.3618220284215058f,-0.9110881256067928f,-0.19749239764418278f,0.1729824052759137f,0f,0f,0f,1f],start_interpolation:0}
execute if entity @s[tag=aj.folklore_microphone.bone.left_bend] run data modify entity @s {} merge value {transformation:[-0.9299447910344639f,0.3675630419056392f,0.010004791499111071f,0.21705365624613393f,-0.06547904532607668f,-0.1387668957360319f,-0.9881580052152442f,0.7051903289895689f,-0.3618220284215058f,-0.9195874938649712f,0.1531132289388754f,0.2791580471025473f,0f,0f,0f,1f],start_interpolation:0}
execute if entity @s[tag=aj.folklore_microphone.bone.right_straight] run data modify entity @s {} merge value {transformation:[-0.7739043865708405f,0.10333793249127549f,-0.6248145902224433f,-0.09215647456169379f,0.2621381217925295f,0.9503819246681515f,-0.1675046338676784f,0.3473683975976119f,0.5765029102697541f,-0.2934202940706191f,-0.7625935519515067f,-0.0990818312419321f,0f,0f,0f,1f],start_interpolation:0}
execute if entity @s[tag=aj.folklore_microphone.bone.microphone] run data modify entity @s {} merge value {transformation:[-0.7739043865708405f,0.09241767544712165f,-0.6265229235322214f,-0.11704342374939353f,0.2621381217925295f,0.9473138179473592f,-0.18406557372056992f,0.7175358856436845f,0.5765029102697541f,-0.3066846973537285f,-0.7573565150307718f,0.27226038919897844f,0f,0f,0f,1f],start_interpolation:0}
execute if entity @s[tag=aj.folklore_microphone.bone.right_bend] run data modify entity @s {} merge value {transformation:[-0.7739043865708405f,-0.6265229235322214f,-0.09241767544712179f,-0.39201631841858736f,0.2621381217925295f,-0.1840655737205697f,-0.9473138179473592f,0.5241905073933054f,0.5765029102697541f,-0.757356515030772f,0.30668469735372833f,-0.0047235292100936965f,0f,0f,0f,1f],start_interpolation:0}
execute if entity @s[tag=aj.folklore_microphone.bone.head] run data modify entity @s {} merge value {transformation:[-0.9429763444867211f,-0.0004997759272276742f,0.33285937565657264f,0f,-0.02353762957246465f,0.9975956720122319f,-0.06518324306578265f,0.8125f,-0.3320264955279476f,-0.0693009769518874f,-0.9407208836105128f,0f,0f,0f,0f,1f],start_interpolation:0}