execute if entity @s[tag=aj.folklore_microphone.bone.left_straight] run data modify entity @s {} merge value {transformation:[-0.8073179836541805f,-0.0058822966134856785f,0.5900873425647252f,0.027505592211150842f,-0.24991961323682077f,0.9092551012782193f,-0.3328593512567929f,0.37092152193297717f,-0.5345819489920197f,-0.41619774072679216f,-0.7355280962857963f,-0.05072364400089017f,0f,0f,0f,1f],start_interpolation:0}
execute if entity @s[tag=aj.folklore_microphone.bone.left_bend] run data modify entity @s {} merge value {transformation:[-0.8073179836541805f,0.5645451417320337f,-0.17183264013366734f,0.3459558612300571f,-0.24991961323682077f,-0.5908718876918673f,-0.7670792653011861f,0.45277933702066775f,-0.5345819489920197f,-0.5763325388022158f,0.6181124044457337f,0.09357415277254709f,0f,0f,0f,1f],start_interpolation:0}
execute if entity @s[tag=aj.folklore_microphone.bone.right_straight] run data modify entity @s {} merge value {transformation:[-0.7484740252387602f,0.09642177614617364f,-0.656116967184743f,-0.09623304836507438f,0.2660688604469441f,0.9499138472792533f,-0.1639238977318196f,0.3460463166099791f,0.6074487591915491f,-0.2972650733469115f,-0.7366406730046223f,-0.10930638754672597f,0f,0f,0f,1f],start_interpolation:0}
execute if entity @s[tag=aj.folklore_microphone.bone.microphone] run data modify entity @s {} merge value {transformation:[-0.7484740252387602f,0.0849562706609312f,-0.6576998294193747f,-0.10406172259476881f,0.2660688604469441f,0.9469083043113022f,-0.18047721387133314f,0.7162196102762756f,0.6074487591915491f,-0.31007595085991585f,-0.7313404881824652f,0.262780724087428f,0f,0f,0f,1f],start_interpolation:0}
execute if entity @s[tag=aj.folklore_microphone.bone.right_bend] run data modify entity @s {} merge value {transformation:[-0.7484740252387602f,-0.6576998294193747f,-0.08495627066093135f,-0.39107096171517775f,0.2660688604469441f,-0.18047721387133292f,-0.9469083043113022f,0.5244325894213383f,0.6074487591915491f,-0.7313404881824653f,0.3100759508599157f,-0.002843172506784744f,0f,0f,0f,1f],start_interpolation:0}