execute if entity @s[tag=aj.folklore_microphone.bone.left_bend] run data modify entity @s {} merge value {transformation:[-0.9281903652872778f,0.27063819418223933f,0.2553773945313996f,0.3459558612300571f,-0.21207058371937035f,0.17918962320762588f,-0.9606857688420467f,0.45277933702066775f,-0.30575924075781463f,-0.9458573078347946f,-0.10892768200379205f,0.09357415277254709f,0f,0f,0f,1f],start_interpolation:0}
execute if entity @s[tag=aj.folklore_microphone.bone.right_straight] run data modify entity @s {} merge value {transformation:[-0.7739043865708406f,0.07087869178049674f,-0.6293236142859222f,-0.07933263606780538f,0.2621381217925292f,0.9404447175181869f,-0.21644245977908905f,0.3538877061874549f,0.5765029102697539f,-0.33247547931181753f,-0.7463942993531509f,-0.08483131245422171f,0f,0f,0f,1f],start_interpolation:0}
execute if entity @s[tag=aj.folklore_microphone.bone.microphone] run data modify entity @s {} merge value {transformation:[-0.7739043865708406f,0.059884685115331696f,-0.6304647689879653f,-0.11053220022555016f,0.2621381217925292f,0.9365240414542126f,-0.23282251798602588f,0.7377993656232972f,0.5765029102697539f,-0.34545121836071996f,-0.740478122690737f,0.2717872499815843f,0f,0f,0f,1f],start_interpolation:0}
execute if entity @s[tag=aj.folklore_microphone.bone.right_bend] run data modify entity @s {} merge value {transformation:[-0.7739043865708406f,-0.6304647689879653f,-0.059884685115331834f,-0.38312949909788574f,0.2621381217925292f,-0.23282251798602568f,-0.9365240414542126f,0.5254249860721578f,0.5765029102697539f,-0.7404781226907371f,0.3454512183607198f,0.006644920828813225f,0f,0f,0f,1f],start_interpolation:0}
execute if entity @s[tag=aj.folklore_microphone.bone.head] run data modify entity @s {} merge value {transformation:[-0.9996657718143244f,0.0013521418519173356f,-0.025816978430548674f,0f,0.001850990246549157f,0.9998118623755543f,-0.019308383884540953f,0.8125f,0.02578601361161321f,-0.019349717453697207f,-0.9994801998721554f,0f,0f,0f,0f,1f],start_interpolation:0}