execute if entity @s[tag=aj.folklore_microphone.bone.left_straight] run data modify entity @s {} merge value {transformation:[-0.9539683371512166f,0.10133849886656247f,0.2822674624543437f,-0.04927171045607853f,-0.17401681056285828f,0.5795087646163531f,-0.7961706735206707f,0.5508849482550734f,-0.24425920935447432f,-0.8086408970490547f,-0.5351984101856313f,0.1933976975940288f,0f,0f,0f,1f],start_interpolation:0}
execute if entity @s[tag=aj.folklore_microphone.bone.left_bend] run data modify entity @s {} merge value {transformation:[-0.9539683371512166f,0.29608505709587696f,0.047728929146523935f,0.3057480629250391f,-0.17401681056285828f,-0.4168554881339402f,-0.8921601042717304f,0.5764342132688676f,-0.24425920935447432f,-0.8593981271664175f,0.4491907141386399f,0.2407403363933956f,0f,0f,0f,1f],start_interpolation:0}
execute if entity @s[tag=aj.folklore_microphone.bone.right_straight] run data modify entity @s {} merge value {transformation:[-0.744516162040488f,0.09945941896582737f,-0.6601541550573486f,-0.09850720840218713f,0.2665700904233226f,0.9508803871821998f,-0.15737495405537538f,0.3451478447112177f,0.6120752170707482f,-0.29314554960157574f,-0.7344587227316363f,-0.1125614304867883f,0f,0f,0f,1f],start_interpolation:0}
execute if entity @s[tag=aj.folklore_microphone.bone.microphone] run data modify entity @s {} merge value {transformation:[-0.744516162040488f,0.08792299218925395f,-0.6617894165858126f,-0.10296763958162869f,0.2665700904233226f,0.9479889918323162f,-0.17394613607795545f,0.7135601800153957f,0.6120752170707482f,-0.3059189742550098f,-0.729230765833806f,0.26132468837510736f,0f,0f,0f,1f],start_interpolation:0}
execute if entity @s[tag=aj.folklore_microphone.bone.right_bend] run data modify entity @s {} merge value {transformation:[-0.744516162040488f,-0.6617894165858126f,-0.0879229921892541f,-0.3920419682454129f,0.2665700904233226f,-0.17394613607795523f,-0.9479889918323162f,0.5243684250007201f,0.6120752170707482f,-0.7292307658338061f,0.30591897425500963f,-0.003920729102425441f,0f,0f,0f,1f],start_interpolation:0}