execute if entity @s[tag=aj.folklore_microphone.bone.left_straight] run data modify entity @s {} merge value {transformation:[-0.7695867138381021f,-0.010316198624486348f,0.638458977483919f,0.03996877328661669f,-0.23696921872487853f,0.9330819858975226f,-0.27056163248039483f,0.3628847747194262f,-0.5929434030839636f,-0.35951576271350844f,-0.7205321207966598f,-0.09420573801766594f,0f,0f,0f,1f],start_interpolation:0}
execute if entity @s[tag=aj.folklore_microphone.bone.left_bend] run data modify entity @s {} merge value {transformation:[-0.9353562847433253f,0.344759029138058f,0.07905588162146276f,0.3476185744841824f,-0.20514180816431699f,-0.3466853456417768f,-0.9152737894533609f,0.44384425528842897f,-0.28814138740250017f,-0.8723247577278913f,0.3949988074928037f,0.07231841101756571f,0f,0f,0f,1f],start_interpolation:0}
execute if entity @s[tag=aj.folklore_microphone.bone.right_straight] run data modify entity @s {} merge value {transformation:[-0.7739043865708403f,0.1638987608091216f,-0.6117264066979992f,-0.11633751054267655f,0.2621381217925298f,0.9622017221003336f,-0.07383394267027366f,0.3376802462132827f,0.5765029102697542f,-0.21749722341305142f,-0.7876162468220911f,-0.12713750229207804f,0f,0f,0f,1f],start_interpolation:0}
execute if entity @s[tag=aj.folklore_microphone.bone.microphone] run data modify entity @s {} merge value {transformation:[-0.7739043865708403f,0.15319770035587635f,-0.6144936655915036f,-0.13098791260297393f,0.2621381217925298f,0.9607665941411804f,-0.0906154329319315f,0.679810229426449f,0.5765029102697542f,-0.23120989638860118f,-0.7837004391108099f,0.27069514397293953f,0f,0f,0f,1f],start_interpolation:0}
execute if entity @s[tag=aj.folklore_microphone.bone.right_bend] run data modify entity @s {} merge value {transformation:[-0.7739043865708403f,-0.6144936655915036f,-0.1531977003558765f,-0.4084507930593494f,0.2621381217925298f,-0.09061543293193129f,-0.9607665941411804f,0.5238303353323988f,0.5765029102697542f,-0.7837004391108099f,0.231209896388601f,-0.026621592451435472f,0f,0f,0f,1f],start_interpolation:0}
execute if entity @s[tag=aj.folklore_microphone.bone.head] run data modify entity @s {} merge value {transformation:[-0.9996697393245622f,-0.006230431865681161f,0.024931786890012395f,0f,0f,0.970165521681234f,0.24244352031138922f,0.8125f,-0.025698487869170224f,0.24236345075061566f,-0.9698451141607571f,0f,0f,0f,0f,1f],start_interpolation:0}