execute if entity @s[tag=aj.folklore_microphone.bone.left_straight] run data modify entity @s {} merge value {transformation:[-0.9451251445479514f,0.3118468846539576f,0.09741653696798719f,-0.11762698804179561f,-0.15104098998922558f,-0.15266815802606692f,-0.9766673194430139f,0.8525954498616742f,-0.28969825765145474f,-0.9377867316488054f,0.19139217710544565f,0.18770315309538044f,0f,0f,0f,1f],start_interpolation:0}
execute if entity @s[tag=aj.folklore_microphone.bone.left_bend] run data modify entity @s {} merge value {transformation:[-0.9451251445479514f,0.28760396675238237f,-0.15499167542648373f,0.2572057856579981f,-0.15104098998922558f,-0.8053052499462445f,-0.5732975438217843f,0.7969577627764998f,-0.28969825765145474f,-0.5184278278770446f,0.8045542286237768f,0.21817344996664667f,0f,0f,0f,1f],start_interpolation:0}
execute if entity @s[tag=aj.folklore_microphone.bone.right_straight] run data modify entity @s {} merge value {transformation:[-0.986504102931293f,0.12140165380466496f,-0.10986943775780894f,-0.05648092631475615f,0.126701471617755f,0.991026162338997f,-0.04258970121443869f,0.36988199821520445f,0.1037130270969853f,-0.05593553444039138f,-0.9930331434535545f,-0.021190633631112156f,0f,0f,0f,1f],start_interpolation:0}
execute if entity @s[tag=aj.folklore_microphone.bone.microphone] run data modify entity @s {} merge value {transformation:[-0.986504102931293f,0.1506524009270608f,0.06413664315067405f,-0.3867054099674511f,0.126701471617755f,0.45425677655579233f,0.8818149001026441f,0.2043565696774905f,0.1037130270969853f,0.8780402240490199f,-0.4672140547568394f,0.22544672804011195f,0f,0f,0f,1f],start_interpolation:0}
execute if entity @s[tag=aj.folklore_microphone.bone.right_bend] run data modify entity @s {} merge value {transformation:[-0.986504102931293f,0.06413664315067408f,-0.15065240092706078f,-0.38094825489435397f,0.126701471617755f,0.8818149001026442f,-0.4542567765557921f,0.5167899204365152f,0.1037130270969853f,-0.4672140547568392f,-0.87804022404902f,-0.07797521521668976f,0f,0f,0f,1f],start_interpolation:0}
execute if entity @s[tag=aj.folklore_microphone.bone.head] run data modify entity @s {} merge value {transformation:[-1f,-9.095908535123231e-17f,8.200025986962366e-17f,0f,0f,0.6695829354775225f,0.7427372971093508f,0.8125f,-1.2246467991473532e-16f,0.7427372971093508f,-0.6695829354775225f,0f,0f,0f,0f,1f],start_interpolation:0}