execute if entity @s[tag=aj.folklore_microphone.bone.left_straight] run data modify entity @s {} merge value {transformation:[-0.8173222467843579f,0.523925110774509f,0.23976409908759813f,-0.1622396008598197f,-0.03539728781248577f,0.36968267658238907f,-0.9284835758646465f,0.6885743572997022f,-0.5750924942362655f,-0.7673572811505727f,-0.2836043478832995f,0.04633812699193267f,0f,0f,0f,1f],start_interpolation:0}
execute if entity @s[tag=aj.folklore_microphone.bone.left_bend] run data modify entity @s {} merge value {transformation:[-0.8173222467843579f,0.575363515105452f,-0.030678500564196326f,0.14727808345955912f,-0.03539728781248577f,-0.10328442439982982f,-0.9940218104709352f,0.6551189962816041f,-0.5750924942362655f,-0.8113502037726334f,0.1047829657492893f,0.2252589804314648f,0f,0f,0f,1f],start_interpolation:0}
execute if entity @s[tag=aj.folklore_microphone.bone.right_straight] run data modify entity @s {} merge value {transformation:[-0.773598455016082f,0.11925275800347164f,-0.622353766040904f,-0.0985594791118874f,0.2621930087402161f,0.9543552083583792f,-0.1430418206224588f,0.3444764953205934f,0.5768884264435228f,-0.27383373785529086f,-0.7695549541440923f,-0.10642031241363972f,0f,0f,0f,1f],start_interpolation:0}
execute if entity @s[tag=aj.folklore_microphone.bone.microphone] run data modify entity @s {} merge value {transformation:[-0.773598455016082f,0.10837302435809403f,-0.6243402261493414f,-0.12033269260961066f,0.2621930087402161f,0.9517134314465908f,-0.15967582964214833f,0.7075528967529f,0.5768884264435228f,-0.28722261748621986f,-0.7646586895078618f,0.27205006690969014f,0f,0f,0f,1f],start_interpolation:0}
execute if entity @s[tag=aj.folklore_microphone.bone.right_bend] run data modify entity @s {} merge value {transformation:[-0.773598455016082f,-0.6243402261493414f,-0.10837302435809416f,-0.3963657285084938f,0.2621930087402161f,-0.1596758296421481f,-0.9517134314465908f,0.5238499007808739f,0.5768884264435228f,-0.7646586895078619f,0.2872226174862197f,-0.01038858397600017f,0f,0f,0f,1f],start_interpolation:0}
execute if entity @s[tag=aj.folklore_microphone.bone.head] run data modify entity @s {} merge value {transformation:[-0.9854281068253419f,-0.008498846056210244f,0.1698800043982088f,0f,-0.021499347035868793f,0.996964121829712f,-0.07483527150577175f,0.8125f,-0.16872825594918558f,-0.07739708909270511f,-0.9826191867882095f,0f,0f,0f,0f,1f],start_interpolation:0}