execute if entity @s[tag=aj.folklore_microphone.bone.left_straight] run data modify entity @s {} merge value {transformation:[-0.7983835003002844f,0.41554624998141687f,0.43578102365138355f,-0.12421450357654562f,-0.09897478201576987f,0.6233037776693192f,-0.7756909134881541f,0.5594140632830713f,-0.5939594085231724f,-0.6624301584843023f,-0.45650685225663995f,0.008415597989224338f,0f,0f,0f,1f],start_interpolation:0}
execute if entity @s[tag=aj.folklore_microphone.bone.left_bend] run data modify entity @s {} merge value {transformation:[-0.7837096059581956f,0.4660024776109514f,0.4106591584140122f,0.18792015625696867f,-0.1156289639439668f,0.540135690304436f,-0.8335966523184913f,0.5600110833740053f,-0.6102697733184029f,-0.7007817969381093f,-0.36942614533097157f,0.18591130943161344f,0f,0f,0f,1f],start_interpolation:0}
execute if entity @s[tag=aj.folklore_microphone.bone.right_straight] run data modify entity @s {} merge value {transformation:[-0.7739043865708405f,0.08149023975701107f,-0.6280376909634932f,-0.08351473391488096f,0.2621381217925294f,0.9439638475638444f,-0.20053892289415545f,0.35165680354900597f,0.5765029102697542f,-0.31983057283006555f,-0.7518994607882732f,-0.08943101038139172f,0f,0f,0f,1f],start_interpolation:0}
execute if entity @s[tag=aj.folklore_microphone.bone.microphone] run data modify entity @s {} merge value {transformation:[-0.7739043865708405f,0.07051705935816123f,-0.6293642385661017f,-0.11258855749537505f,0.2621381217925294f,0.9403201905088251f,-0.21698282057465287f,0.7311715885345893f,0.5765029102697542f,-0.33290431607434073f,-0.7462031297103887f,0.27204044753465595f,0f,0f,0f,1f],start_interpolation:0}
execute if entity @s[tag=aj.folklore_microphone.bone.right_bend] run data modify entity @s {} merge value {transformation:[-0.7739043865708405f,-0.6293642385661017f,-0.07051705935816137f,-0.38604065077502786f,0.2621381217925294f,-0.21698282057465265f,-0.9403201905088251f,0.5249432135558634f,0.5765029102697542f,-0.7462031297103888f,0.33290431607434057f,0.002956019918728389f,0f,0f,0f,1f],start_interpolation:0}
execute if entity @s[tag=aj.folklore_microphone.bone.head] run data modify entity @s {} merge value {transformation:[-0.9919195127840833f,-0.00481026136265011f,0.12677752775555243f,0f,-0.007583249810986322f,0.9997422486534937f,-0.02139931259550757f,0.8125f,-0.12664191439050124f,-0.022187781387039772f,-0.9917003216076063f,0f,0f,0f,0f,1f],start_interpolation:0}