execute if entity @s[tag=aj.folklore_microphone.bone.left_straight] run data modify entity @s {} merge value {transformation:[-0.7789982671654739f,-0.06733845231765438f,0.623399737401815f,0.05954793545764436f,-0.2625058420060259f,0.9379186151890976f,-0.22671425670758538f,0.3495620075887979f,-0.5694316312481211f,-0.3402560860899163f,-0.7483137130995764f,-0.09181456618101408f,0f,0f,0f,1f],start_interpolation:0}
execute if entity @s[tag=aj.folklore_microphone.bone.left_bend] run data modify entity @s {} merge value {transformation:[-0.7789982671654739f,0.5876306237643754f,-0.2187508851810204f,0.3690019196191204f,-0.2625058420060259f,-0.6224644915230788f,-0.7373117656091094f,0.4420305193040884f,-0.5694316312481211f,-0.516941202466205f,0.6391552319483098f,0.06509603228371867f,0f,0f,0f,1f],start_interpolation:0}
execute if entity @s[tag=aj.folklore_microphone.bone.right_straight] run data modify entity @s {} merge value {transformation:[-0.7519090301239638f,0.09573468699784075f,-0.6522788361762671f,-0.0950328868382945f,0.2656104104041558f,0.949538439688744f,-0.16681684998345148f,0.3465021212586387f,0.6033936694256711f,-0.2986831452541152f,-0.7393946567551953f,-0.10725712194357981f,0f,0f,0f,1f],start_interpolation:0}
execute if entity @s[tag=aj.folklore_microphone.bone.microphone] run data modify entity @s {} merge value {transformation:[-0.7519090301239638f,0.08433627078192306f,-0.6538502916177665f,-0.10542668197793337f,0.2656104104041558f,0.9464824649186881f,-0.18336317374647554f,0.717387383183719f,0.6033936694256711f,-0.3115418704316362f,-0.734069303720692f,0.26405738846175847f,0f,0f,0f,1f],start_interpolation:0}
execute if entity @s[tag=aj.folklore_microphone.bone.right_bend] run data modify entity @s {} merge value {transformation:[-0.7519090301239638f,-0.6538502916177665f,-0.0843362707819232f,-0.3907599234517828f,0.2656104104041558f,-0.18336317374647532f,-0.9464824649186881f,0.5244465948995852f,0.6033936694256711f,-0.7340693037206921f,0.31154187043163606f,-0.002534833249799126f,0f,0f,0f,1f],start_interpolation:0}