execute if entity @s[tag=aj.folklore_microphone.bone.left_straight] run data modify entity @s {} merge value {transformation:[-0.9963918409879023f,0.030101586601216108f,0.07935485931452589f,-0.025649415580363044f,-0.08356600421531726f,-0.5113594511053177f,-0.8552942386715542f,1.3409237185107483f,0.014833143706722698f,-0.8588395695642798f,0.5120298542061956f,0.24763983587745503f,0f,0f,0f,1f],start_interpolation:0}
execute if entity @s[tag=aj.folklore_microphone.bone.left_bend] run data modify entity @s {} merge value {transformation:[-0.9963918409879023f,0.08114418091455633f,0.024878125259843474f,0.3411314026460955f,-0.08356600421531726f,-0.9891924538703916f,-0.12047826420296198f,1.2008670481510197f,0.014833143706722698f,-0.12212252498854942f,0.9924041851676142f,0.18466858632832234f,0f,0f,0f,1f],start_interpolation:0}
execute if entity @s[tag=aj.folklore_microphone.bone.right_straight] run data modify entity @s {} merge value {transformation:[-0.9255108925079975f,0.1543536865328272f,-0.34583887477086167f,0.017068566521195927f,0.20153126737500998f,0.973873537918535f,-0.10466843082925234f,0.6870310638769798f,0.3206473703607629f,-0.16656911957431203f,-0.93243766133987f,-0.05382292789320573f,0f,0f,0f,1f],start_interpolation:0}
execute if entity @s[tag=aj.folklore_microphone.bone.microphone] run data modify entity @s {} merge value {transformation:[-0.9255108925079975f,0.34519387464700857f,-0.15579081088188526f,-0.19374220247001167f,0.20153126737500998f,0.79718044311502f,0.5691120183102466f,0.7120174207339812f,0.3206473703607629f,0.4953226524409373f,-0.807366542445005f,0.3523298022216542f,0f,0f,0f,1f],start_interpolation:0}
execute if entity @s[tag=aj.folklore_microphone.bone.right_bend] run data modify entity @s {} merge value {transformation:[-0.9255108925079975f,-0.15579081088188518f,-0.3451938746470086f,-0.303737083903532f,0.20153126737500998f,0.5691120183102468f,-0.7971804431150199f,0.8516420181779933f,0.3206473703607629f,-0.8073665424450049f,-0.4953226524409375f,-0.04531164053526544f,0f,0f,0f,1f],start_interpolation:0}
execute if entity @s[tag=aj.folklore_microphone.bone.head] run data modify entity @s {} merge value {transformation:[-1f,-3.5206008423977063e-17f,1.1729507575968153e-16f,0f,0f,0.9577869785912717f,0.28747887512129094f,1.144521484375f,-1.2246467991473532e-16f,0.28747887512129094f,-0.9577869785912717f,0f,0f,0f,0f,1f],start_interpolation:0}
execute if entity @s[tag=aj.folklore_microphone.bone.hair] run data modify entity @s {} merge value {transformation:[-1f,0f,1.2246467991473532e-16f,-0.010937499999999998f,0f,1f,0f,0.738271484375f,-1.2246467991473532e-16f,0f,-1f,-0.007968750000000002f,0f,0f,0f,1f],start_interpolation:0}
execute if entity @s[tag=aj.folklore_microphone.bone.outfit] run data modify entity @s {} merge value {transformation:[-1f,0f,1.2246467991473532e-16f,0f,0f,1f,0f,-0.292978515625f,-1.2246467991473532e-16f,0f,-1f,0f,0f,0f,0f,1f],start_interpolation:0}
execute if entity @s[tag=aj.folklore_microphone.bone.chest] run data modify entity @s {} merge value {transformation:[-1f,0f,1.2246467991473532e-16f,-0.010937499999999998f,0f,1f,0f,0.394521484375f,-1.2246467991473532e-16f,0f,-1f,-0.007968750000000002f,0f,0f,0f,1f],start_interpolation:0}
execute if entity @s[tag=aj.folklore_microphone.bone.right_leg] run data modify entity @s {} merge value {transformation:[-1f,-6.636454374692126e-17f,1.0292397757510905e-16f,0.10625000000000001f,0f,0.8404380564810093f,0.5419076242482881f,0.45311718749999996f,-1.2246467991473532e-16f,0.5419076242482881f,-0.8404380564810093f,-0.062499999999999986f,0f,0f,0f,1f],start_interpolation:0}
execute if entity @s[tag=aj.folklore_microphone.bone.left_leg] run data modify entity @s {} merge value {transformation:[-1f,-6.636454374692126e-17f,1.0292397757510905e-16f,-0.10624999999999998f,0f,0.8404380564810093f,0.5419076242482881f,0.45311718749999996f,-1.2246467991473532e-16f,0.5419076242482881f,-0.8404380564810093f,-0.06250000000000001f,0f,0f,0f,1f],start_interpolation:0}
execute if entity @s[tag=aj.folklore_microphone.bone.waist] run data modify entity @s {} merge value {transformation:[-1f,0f,1.2246467991473532e-16f,0f,0f,1f,0f,1.207021484375f,-1.2246467991473532e-16f,0f,-1f,0f,0f,0f,0f,1f],start_interpolation:0}