execute if entity @s[tag=aj.folklore_microphone.bone.left_straight] run data modify entity @s {} merge value {transformation:[-0.799071990285536f,0.47764037963790895f,0.36516245984556844f,-0.14466925905254435f,-0.070753092324499f,0.5284295696496497f,-0.8460237525308654f,0.6100230370821137f,-0.597057747849932f,-0.7018702569985712f,-0.3884587340672451f,0.018888944988528056f,0f,0f,0f,1f],start_interpolation:0}
execute if entity @s[tag=aj.folklore_microphone.bone.left_bend] run data modify entity @s {} merge value {transformation:[-0.799071990285536f,0.5961803145167334f,-0.07780094423489353f,0.16463485763578414f,-0.070753092324499f,-0.22174647398743946f,-0.9725340617174592f,0.5955889113813813f,-0.597057747849932f,-0.7716200709266618f,0.21937299714299446f,0.20070134637446424f,0f,0f,0f,1f],start_interpolation:0}
execute if entity @s[tag=aj.folklore_microphone.bone.right_straight] run data modify entity @s {} merge value {transformation:[-0.7721094538021664f,0.11211683516130502f,-0.6255212279553214f,-0.09611714156953355f,0.2624574171021473f,0.9527040267879469f,-0.1532029423676337f,0.3455824284413473f,0.578759963678717f,-0.28246212598407555f,-0.7650176807284695f,-0.10394710619076941f,0f,0f,0f,1f],start_interpolation:0}
execute if entity @s[tag=aj.folklore_microphone.bone.microphone] run data modify entity @s {} merge value {transformation:[-0.7721094538021664f,0.10118290851883485f,-0.6273826666182207f,-0.11806885353227553f,0.2624574171021473f,0.9498851653325538f,-0.169806586707396f,0.7116989495340293f,0.578759963678717f,-0.2957705051299335f,-0.7599715210044349f,0.27157278602946f,0f,0f,0f,1f],start_interpolation:0}
execute if entity @s[tag=aj.folklore_microphone.bone.right_bend] run data modify entity @s {} merge value {transformation:[-0.7721094538021664f,-0.6273826666182207f,-0.10118290851883499f,-0.39448003315284175f,0.2624574171021473f,-0.1698065867073958f,-0.9498851653325538f,0.5239916006006138f,0.578759963678717f,-0.759971521004435f,0.29577050512993336f,-0.007847023733443717f,0f,0f,0f,1f],start_interpolation:0}
execute if entity @s[tag=aj.folklore_microphone.bone.head] run data modify entity @s {} merge value {transformation:[-0.9578435026074047f,-0.0028641034983974255f,0.28727621103030665f,0f,-0.0232615326498033f,0.9974402910502452f,-0.06761484221962033f,0.8125f,-0.28634721163573595f,-0.07144692226228141f,-0.9554583254583564f,0f,0f,0f,0f,1f],start_interpolation:0}