execute if entity @s[tag=aj.folklore_microphone.bone.left_straight] run data modify entity @s {} merge value {transformation:[-0.9257503418311879f,0.3503484832343463f,0.14227524343620632f,-0.12812055849018927f,-0.05688782173003906f,0.24293417640461834f,-0.9683732553480713f,0.7322422114540367f,-0.3738316203028445f,-0.9045656008438541f,-0.20496583479142846f,0.16660281067929839f,0f,0f,0f,1f],start_interpolation:0}
execute if entity @s[tag=aj.folklore_microphone.bone.left_bend] run data modify entity @s {} merge value {transformation:[-0.9257503418311879f,0.3733740403244636f,0.059817477472931355f,0.21236931878712012f,-0.05688782173003906f,0.01887120441296633f,-0.9982022106681668f,0.7026496838482681f,-0.3738316203028445f,-0.9274889237375236f,0.0037704119085327226f,0.27671210031644533f,0f,0f,0f,1f],start_interpolation:0}
execute if entity @s[tag=aj.folklore_microphone.bone.right_straight] run data modify entity @s {} merge value {transformation:[-0.7739043865708403f,0.16252817462426075f,-0.6120919807510284f,-0.11578647318596375f,0.2621381217925298f,0.962033931534863f,-0.07598894445022436f,0.33786277999821557f,0.5765029102697542f,-0.2192608196392604f,-0.787127110079194f,-0.12648078199243318f,0f,0f,0f,1f],start_interpolation:0}
execute if entity @s[tag=aj.folklore_microphone.bone.microphone] run data modify entity @s {} merge value {transformation:[-0.7739043865708403f,0.15182094277097366f,-0.6148352639386784f,-0.13064567795821375f,0.2621381217925298f,0.9605612191640889f,-0.09276717814552819f,0.6806628192345106f,0.5765029102697542f,-0.2329646873973223f,-0.7831805978676769f,0.2707668879331778f,0f,0f,0f,1f],start_interpolation:0}
execute if entity @s[tag=aj.folklore_microphone.bone.right_bend] run data modify entity @s {} merge value {transformation:[-0.7739043865708403f,-0.6148352639386784f,-0.1518209427709738f,-0.40808102296584214f,0.2621381217925298f,-0.09276717814552798f,-0.9605612191640889f,0.5238096582777967f,0.5765029102697542f,-0.7831805978676769f,0.23296468739732212f,-0.02611580672780557f,0f,0f,0f,1f],start_interpolation:0}
execute if entity @s[tag=aj.folklore_microphone.bone.head] run data modify entity @s {} merge value {transformation:[-0.994505952086521f,-0.023681778432966906f,-0.10196609551578537f,0f,-0.01511809597748168f,0.9963549745786734f,-0.08395360508248995f,0.8125f,0.10358259717972926f,-0.08195082673520074f,-0.9912389760087721f,0f,0f,0f,0f,1f],start_interpolation:0}