execute if entity @s[tag=aj.folklore_microphone.bone.left_straight] run data modify entity @s {} merge value {transformation:[-0.8928009100142664f,-0.39721695045737215f,0.21242699768871945f,0.16942233581383362f,-0.2674870272341311f,0.08807018510507325f,-0.9595281823672532f,0.7170727694943925f,0.3624323734700653f,-0.9134891005178458f,-0.18487952265178395f,0.4301089703854341f,0f,0f,0f,1f],start_interpolation:0}
execute if entity @s[tag=aj.folklore_microphone.bone.left_bend] run data modify entity @s {} merge value {transformation:[-0.8928009100142664f,-0.29062109378324275f,0.34415972298618747f,0.49270635642151456f,-0.2674870272341311f,-0.27269022354557176f,-0.9241702939632461f,0.7607236805855975f,0.3624323734700653f,-0.9171583406538356f,0.16572070730586896f,0.28005841269419224f,0f,0f,0f,1f],start_interpolation:0}
execute if entity @s[tag=aj.folklore_microphone.bone.right_straight] run data modify entity @s {} merge value {transformation:[-0.7739043865708405f,0.2553907129824833f,-0.5795235837899178f,-0.15354670219656047f,0.2621381217925294f,0.9621915912201632f,0.07396584947322314f,0.3296244645140239f,0.5765029102697541f,-0.09467272842539874f,-0.8115919349913444f,-0.17342456985431381f,0f,0f,0f,1f],start_interpolation:0}
execute if entity @s[tag=aj.folklore_microphone.bone.microphone] run data modify entity @s {} merge value {transformation:[-0.7739043865708405f,0.2452377346155905f,-0.5838925020643989f,-0.15682967093616407f,0.2621381217925294f,0.9633359268478264f,0.057162025395575786f,0.623031552675195f,0.5765029102697541f,-0.10882254162099232f,-0.8098160586736048f,0.2618223449667263f,0f,0f,0f,1f],start_interpolation:0}
execute if entity @s[tag=aj.folklore_microphone.bone.right_bend] run data modify entity @s {} merge value {transformation:[-0.7739043865708405f,-0.5838925020643989f,-0.24523773461559065f,-0.4328906540416881f,0.2621381217925294f,0.057162025395576f,-0.9633359268478264f,0.5284518964879303f,0.5765029102697541f,-0.8098160586736048f,0.10882254162099214f,-0.06153139537516553f,0f,0f,0f,1f],start_interpolation:0}
execute if entity @s[tag=aj.folklore_microphone.bone.head] run data modify entity @s {} merge value {transformation:[-0.9324464643555649f,-0.05483176226660112f,-0.3571233245778621f,0f,-0.007491724618311966f,0.9911391749732003f,-0.13261602427944852f,0.8125f,0.3612304876018212f,-0.12098187335375014f,-0.9245950038512903f,0f,0f,0f,0f,1f],start_interpolation:0}