execute if entity @s[tag=aj.folklore_microphone.bone.left_straight] run data modify entity @s {} merge value {transformation:[-0.9962772460674538f,-0.0005814187291058237f,0.08620505159508687f,-0.014092655176816071f,-0.07850483565616526f,-0.4070394936943613f,-0.9100306815441096f,1.344088308637721f,0.03561796943747114f,-0.913410374653857f,0.40547854163673325f,0.2819685169895945f,0f,0f,0f,1f],start_interpolation:0}
execute if entity @s[tag=aj.folklore_microphone.bone.left_bend] run data modify entity @s {} merge value {transformation:[-0.9962772460674538f,0.06548018224417232f,0.05607133582785526f,0.3490111017609612f,-0.07850483565616526f,-0.9578656425676852f,-0.276279571389189f,1.2149788379319897f,0.03561796943747114f,-0.2796529215325051f,0.9594402554257799f,0.19574218715670755f,0f,0f,0f,1f],start_interpolation:0}
execute if entity @s[tag=aj.folklore_microphone.bone.right_straight] run data modify entity @s {} merge value {transformation:[-0.9098319862229092f,0.15473873282470135f,-0.38504763524722707f,0.013839327804815504f,0.21232595437680338f,0.9708090229775909f,-0.11156849915309897f,0.723810819749596f,0.35654375039208797f,-0.18326419581877176f,-0.9161281507448853f,-0.06018972782728573f,0f,0f,0f,1f],start_interpolation:0}
execute if entity @s[tag=aj.folklore_microphone.bone.microphone] run data modify entity @s {} merge value {transformation:[-0.9098319862229092f,0.35153907068287454f,-0.22051312575240692f,-0.1672976956407376f,0.21232595437680338f,0.8509194428700363f,0.48047246627015655f,0.7950993216888266f,0.35654375039208797f,0.39032855843400444f,-0.8488345955056122f,0.3617342094293783f,0f,0f,0f,1f],start_interpolation:0}
execute if entity @s[tag=aj.folklore_microphone.bone.right_bend] run data modify entity @s {} merge value {transformation:[-0.9098319862229092f,-0.22051312575240684f,-0.3515390706828746f,-0.3050694486683459f,0.21232595437680338f,0.4804724662701567f,-0.8509194428700362f,0.8910873030108233f,0.35654375039208797f,-0.8488345955056121f,-0.3903285584340046f,-0.0401586502486818f,0f,0f,0f,1f],start_interpolation:0}
execute if entity @s[tag=aj.folklore_microphone.bone.head] run data modify entity @s {} merge value {transformation:[-1f,-3.054796904702351e-17f,1.185935049390171e-16f,0f,0f,0.9683894574467227f,0.24944309713047222f,1.183330078125f,-1.2246467991473532e-16f,0.24944309713047222f,-0.9683894574467227f,0f,0f,0f,0f,1f],start_interpolation:0}
execute if entity @s[tag=aj.folklore_microphone.bone.hair] run data modify entity @s {} merge value {transformation:[-1f,0f,1.2246467991473532e-16f,-0.010937499999999998f,0f,1f,0f,0.777080078125f,-1.2246467991473532e-16f,0f,-1f,-0.007968750000000002f,0f,0f,0f,1f],start_interpolation:0}
execute if entity @s[tag=aj.folklore_microphone.bone.outfit] run data modify entity @s {} merge value {transformation:[-1f,0f,1.2246467991473532e-16f,0f,0f,1f,0f,-0.254169921875f,-1.2246467991473532e-16f,0f,-1f,0f,0f,0f,0f,1f],start_interpolation:0}
execute if entity @s[tag=aj.folklore_microphone.bone.chest] run data modify entity @s {} merge value {transformation:[-1f,0f,1.2246467991473532e-16f,-0.010937499999999998f,0f,1f,0f,0.433330078125f,-1.2246467991473532e-16f,0f,-1f,-0.007968750000000002f,0f,0f,0f,1f],start_interpolation:0}
execute if entity @s[tag=aj.folklore_microphone.bone.right_leg] run data modify entity @s {} merge value {transformation:[-1f,-5.837315686642305e-17f,1.0765766291382395e-16f,0.10625000000000001f,0f,0.8790915306256417f,0.4766529982935873f,0.48416406250000005f,-1.2246467991473532e-16f,0.4766529982935873f,-0.8790915306256417f,-0.062499999999999986f,0f,0f,0f,1f],start_interpolation:0}
execute if entity @s[tag=aj.folklore_microphone.bone.left_leg] run data modify entity @s {} merge value {transformation:[-1f,-5.837315686642305e-17f,1.0765766291382395e-16f,-0.10624999999999998f,0f,0.8790915306256417f,0.4766529982935873f,0.48416406250000005f,-1.2246467991473532e-16f,0.4766529982935873f,-0.8790915306256417f,-0.06250000000000001f,0f,0f,0f,1f],start_interpolation:0}
execute if entity @s[tag=aj.folklore_microphone.bone.waist] run data modify entity @s {} merge value {transformation:[-1f,0f,1.2246467991473532e-16f,0f,0f,1f,0f,1.245830078125f,-1.2246467991473532e-16f,0f,-1f,0f,0f,0f,0f,1f],start_interpolation:0}