execute if entity @s[tag=aj.folklore_microphone.bone.left_straight] run data modify entity @s {} merge value {transformation:[-0.9866364879630376f,0.050004857207559254f,0.15507403030686467f,-0.03403089220749034f,-0.12553447147838054f,0.3734498660312181f,-0.9191171274826234f,0.6546332749184517f,-0.10387269655981031f,-0.9263016311207256f,-0.3621819309304052f,0.2793497684192721f,0f,0f,0f,1f],start_interpolation:0}
execute if entity @s[tag=aj.folklore_microphone.bone.left_bend] run data modify entity @s {} merge value {transformation:[-0.9866364879630376f,0.1383191854012395f,0.08611761474808918f,0.3249981785471653f,-0.12553447147838054f,-0.30836143603013794f,-0.9429497978365947f,0.6537063002382932f,-0.10387269655981031f,-0.9411594061153343f,0.3216044701026788f,0.2848631116702722f,0f,0f,0f,1f],start_interpolation:0}
execute if entity @s[tag=aj.folklore_microphone.bone.right_straight] run data modify entity @s {} merge value {transformation:[-0.7437936889520601f,0.1012503085519741f,-0.6606960899636202f,-0.09941207380370376f,0.2666584965748511f,0.9513422846119081f,-0.1544056466384421f,0.34477751673982054f,0.6129145082958357f,-0.29102617155081667f,-0.734601642383781f,-0.11365422250502588f,0f,0f,0f,1f],start_interpolation:0}
execute if entity @s[tag=aj.folklore_microphone.bone.microphone] run data modify entity @s {} merge value {transformation:[-0.7437936889520601f,0.08970415094599554f,-0.6623625242857148f,-0.10302487954569228f,0.2666584965748511f,0.9485026404726862f,-0.17098534212259953f,0.7123512418136673f,0.6129145082958357f,-0.3038024132876504f,-0.7294106519657315f,0.2610655106265548f,0f,0f,0f,1f],start_interpolation:0}
execute if entity @s[tag=aj.folklore_microphone.bone.right_bend] run data modify entity @s {} merge value {transformation:[-0.7437936889520601f,-0.6623625242857148f,-0.0897041509459957f,-0.39255699487738094f,0.2666584965748511f,-0.1709853421225993f,-0.9485026404726862f,0.5243327506348617f,0.6129145082958357f,-0.7294106519657316f,0.30380241328765023f,-0.004514647361922322f,0f,0f,0f,1f],start_interpolation:0}