execute if entity @s[tag=aj.folklore_microphone.bone.left_straight] run data modify entity @s {} merge value {transformation:[-0.849836710241783f,-0.48726464481920817f,0.20087491589204123f,0.2201846314463229f,-0.27857237967973414f,0.0917361703560493f,-0.9560240082382743f,0.7115292772686186f,0.4474092033083291f,-0.8684225014113908f,-0.2136992368666519f,0.4443574576057216f,0f,0f,0f,1f],start_interpolation:0}
execute if entity @s[tag=aj.folklore_microphone.bone.left_bend] run data modify entity @s {} merge value {transformation:[-0.849836710241783f,-0.3837867867563347f,0.3612274466823796f,0.526474241807203f,-0.27857237967973414f,-0.2547304455359134f,-0.9260182662327159f,0.7593489361164815f,0.4474092033083291f,-0.8875923064269557f,0.10956688535631356f,0.2631584380292716f,0f,0f,0f,1f],start_interpolation:0}
execute if entity @s[tag=aj.folklore_microphone.bone.right_straight] run data modify entity @s {} merge value {transformation:[-0.7739043865708405f,0.3080469752033997f,-0.5533344933351317f,-0.17537912764602812f,0.26213812179252943f,0.9511817993511847f,0.16290116539217148f,0.32904100491704785f,0.576502910269754f,-0.0189801383313889f,-0.8168746224479161f,-0.20246737696537642f,0f,0f,0f,1f],start_interpolation:0}
execute if entity @s[tag=aj.folklore_microphone.bone.microphone] run data modify entity @s {} merge value {transformation:[-0.7739043865708405f,0.29834303968356407f,-0.5586263788246867f,-0.1746433341425923f,0.26213812179252943f,0.9538799471035224f,0.1462759433976291f,0.5904862976647433f,0.576502910269754f,-0.03323367548365231f,-0.816418959397901f,0.2527075252823072f,0f,0f,0f,1f],start_interpolation:0}
execute if entity @s[tag=aj.folklore_microphone.bone.right_bend] run data modify entity @s {} merge value {transformation:[-0.7739043865708405f,-0.5586263788246866f,-0.2983430396835642f,-0.4467172678951684f,0.26213812179252943f,0.1462759433976293f,-0.9538799471035224f,0.534293223473957f,0.576502910269754f,-0.816418959397901f,0.03323367548365213f,-0.08274848097807988f,0f,0f,0f,1f],start_interpolation:0}
execute if entity @s[tag=aj.folklore_microphone.bone.head] run data modify entity @s {} merge value {transformation:[-0.8736730495150616f,-0.05291318112368108f,-0.4836275403804308f,0f,-0.003407929747117868f,0.9947092557313598f,-0.10267367032108568f,0.8125f,0.48650158125733917f,-0.08805504997293909f,-0.8692309932396405f,0f,0f,0f,0f,1f],start_interpolation:0}