execute if entity @s[tag=aj.folklore_microphone.bone.left_straight] run data modify entity @s {} merge value {transformation:[-0.9915944926184063f,0.11870618754730013f,0.0514704113722697f,-0.05676156514531383f,-0.10507652048016332f,-0.5067215020102451f,-0.8556823267102472f,1.2536666024245802f,-0.07549362259573504f,-0.8538982143314656f,0.5149354838316218f,0.213528838186325f,0f,0f,0f,1f],start_interpolation:0}
execute if entity @s[tag=aj.folklore_microphone.bone.left_bend] run data modify entity @s {} merge value {transformation:[-0.9915944926184063f,0.11442484041938496f,-0.060393030258828265f,0.31636615459692474f,-0.10507652048016332f,-0.9845420332207427f,-0.14012819011657585f,1.1270998927623446f,-0.07549362259573504f,-0.13260445209933053f,0.9882898219807833f,0.18697424442318988f,0f,0f,0f,1f],start_interpolation:0}
execute if entity @s[tag=aj.folklore_microphone.bone.right_straight] run data modify entity @s {} merge value {transformation:[-0.9524815710703692f,0.14907415120108727f,-0.2656233314582822f,0.02371631157502041f,0.17784651273797758f,0.9801473087940752f,-0.08764628326787252f,0.6137027585811389f,0.24728419819766378f,-0.13072165278716127f,-0.9600845664910624f,-0.04179002024116926f,0f,0f,0f,1f],start_interpolation:0}
execute if entity @s[tag=aj.folklore_microphone.bone.microphone] run data modify entity @s {} merge value {transformation:[-0.9524815710703692f,0.30184620138832896f,-0.040837819221371946f,-0.24306922324538266f,0.17784651273797758f,0.6599557865522735f,0.729951352970258f,0.548873286755792f,0.24728419819766378f,0.6880023477457081f,-0.6822780187124105f,0.3132524401428853f,0f,0f,0f,1f],start_interpolation:0}
execute if entity @s[tag=aj.folklore_microphone.bone.right_bend] run data modify entity @s {} merge value {transformation:[-0.9524815710703692f,-0.04083781922137188f,-0.30184620138832896f,-0.29976197741087374f,0.17784651273797758f,0.7299513529702581f,-0.6599557865522734f,0.7725775052645267f,0.24728419819766378f,-0.6822780187124103f,-0.6880023477457082f,-0.0561456830214165f,0f,0f,0f,1f],start_interpolation:0}
execute if entity @s[tag=aj.folklore_microphone.bone.head] run data modify entity @s {} merge value {transformation:[-1f,-4.4640813828427126e-17f,1.1403857052486359e-16f,0f,0f,0.9311955953688988f,0.36451990777673854f,1.066669921875f,-1.2246467991473532e-16f,0.36451990777673854f,-0.9311955953688988f,0f,0f,0f,0f,1f],start_interpolation:0}
execute if entity @s[tag=aj.folklore_microphone.bone.hair] run data modify entity @s {} merge value {transformation:[-1f,0f,1.2246467991473532e-16f,-0.010937499999999998f,0f,1f,0f,0.660419921875f,-1.2246467991473532e-16f,0f,-1f,-0.007968750000000002f,0f,0f,0f,1f],start_interpolation:0}
execute if entity @s[tag=aj.folklore_microphone.bone.outfit] run data modify entity @s {} merge value {transformation:[-1f,0f,1.2246467991473532e-16f,0f,0f,1f,0f,-0.370830078125f,-1.2246467991473532e-16f,0f,-1f,0f,0f,0f,0f,1f],start_interpolation:0}
execute if entity @s[tag=aj.folklore_microphone.bone.chest] run data modify entity @s {} merge value {transformation:[-1f,0f,1.2246467991473532e-16f,-0.010937499999999998f,0f,1f,0f,0.316669921875f,-1.2246467991473532e-16f,0f,-1f,-0.007968750000000002f,0f,0f,0f,1f],start_interpolation:0}
execute if entity @s[tag=aj.folklore_microphone.bone.right_leg] run data modify entity @s {} merge value {transformation:[-1f,-8.120031593335137e-17f,9.167391405924863e-17f,0.10625000000000001f,0f,0.7485743164729257f,0.6630508975313224f,0.3908359375f,-1.2246467991473532e-16f,0.6630508975313224f,-0.7485743164729257f,-0.062499999999999986f,0f,0f,0f,1f],start_interpolation:0}
execute if entity @s[tag=aj.folklore_microphone.bone.left_leg] run data modify entity @s {} merge value {transformation:[-1f,-8.120031593335137e-17f,9.167391405924863e-17f,-0.10624999999999998f,0f,0.7485743164729257f,0.6630508975313224f,0.3908359375f,-1.2246467991473532e-16f,0.6630508975313224f,-0.7485743164729257f,-0.06250000000000001f,0f,0f,0f,1f],start_interpolation:0}
execute if entity @s[tag=aj.folklore_microphone.bone.waist] run data modify entity @s {} merge value {transformation:[-1f,0f,1.2246467991473532e-16f,0f,0f,1f,0f,1.129169921875f,-1.2246467991473532e-16f,0f,-1f,0f,0f,0f,0f,1f],start_interpolation:0}