execute if entity @s[tag=aj.folklore_microphone.bone.left_straight] run data modify entity @s {} merge value {transformation:[-0.973220462079163f,0.22380050710208704f,0.052490620221798436f,-0.09102420827973179f,-0.1305803153744416f,-0.3503076667786591f,-0.9274876386415097f,1.131177950562028f,-0.1891843371612242f,-0.9095041899941644f,0.37015053013055055f,0.2026467829396854f,0f,0f,0f,1f],start_interpolation:0}
execute if entity @s[tag=aj.folklore_microphone.bone.left_bend] run data modify entity @s {} merge value {transformation:[-0.973220462079163f,0.18903425783044625f,-0.13079748299150393f,0.28531385532886616f,-0.1305803153744416f,-0.9229026247378987f,-0.36221475189258795f,1.0395548766777383f,-0.1891843371612242f,-0.3354352316295801f,0.9228718719055634f,0.20471759771287307f,0f,0f,0f,1f],start_interpolation:0}
execute if entity @s[tag=aj.folklore_microphone.bone.right_straight] run data modify entity @s {} merge value {transformation:[-0.9682396735764116f,0.14128186461468512f,-0.2062798323725361f,0.028744240933023857f,0.1591000345675294f,0.9846020956024979f,-0.07242853260822349f,0.5606377011183185f,0.1928707170963357f,-0.10294730723125946f,-0.9758087611927748f,-0.03358563247271771f,0f,0f,0f,1f],start_interpolation:0}
execute if entity @s[tag=aj.folklore_microphone.bone.microphone] run data modify entity @s {} merge value {transformation:[-0.9682396735764116f,0.24880372504104672f,0.02467064892423866f,-0.27292543938326197f,0.1591000345675294f,0.5370048674545886f,0.8284400710556502f,0.43507488124259525f,0.1928707170963357f,0.8060536450731918f,-0.5595340988277357f,0.26850012249536986f,0f,0f,0f,1f],start_interpolation:0}
execute if entity @s[tag=aj.folklore_microphone.bone.right_bend] run data modify entity @s {} merge value {transformation:[-0.9682396735764116f,0.024670648924238717f,-0.24880372504104672f,-0.29574026335760106f,0.1591000345675294f,0.8284400710556503f,-0.5370048674545884f,0.7150660255165484f,0.1928707170963357f,-0.5595340988277355f,-0.8060536450731919f,-0.06436180396358021f,0f,0f,0f,1f],start_interpolation:0}
execute if entity @s[tag=aj.folklore_microphone.bone.head] run data modify entity @s {} merge value {transformation:[-1f,-5.163397082395744e-17f,1.1104742628070806e-16f,0f,0f,0.9067710490732805f,0.4216233681409776f,1.009921875f,-1.2246467991473532e-16f,0.4216233681409776f,-0.9067710490732805f,0f,0f,0f,0f,1f],start_interpolation:0}
execute if entity @s[tag=aj.folklore_microphone.bone.hair] run data modify entity @s {} merge value {transformation:[-1f,0f,1.2246467991473532e-16f,-0.010937499999999998f,0f,1f,0f,0.6036718750000001f,-1.2246467991473532e-16f,0f,-1f,-0.007968750000000002f,0f,0f,0f,1f],start_interpolation:0}
execute if entity @s[tag=aj.folklore_microphone.bone.outfit] run data modify entity @s {} merge value {transformation:[-1f,0f,1.2246467991473532e-16f,0f,0f,1f,0f,-0.427578125f,-1.2246467991473532e-16f,0f,-1f,0f,0f,0f,0f,1f],start_interpolation:0}
execute if entity @s[tag=aj.folklore_microphone.bone.chest] run data modify entity @s {} merge value {transformation:[-1f,0f,1.2246467991473532e-16f,-0.010937499999999998f,0f,1f,0f,0.259921875f,-1.2246467991473532e-16f,0f,-1f,-0.007968750000000002f,0f,0f,0f,1f],start_interpolation:0}
execute if entity @s[tag=aj.folklore_microphone.bone.right_leg] run data modify entity @s {} merge value {transformation:[-1f,-9.084971111757753e-17f,8.212142117907657e-17f,0.10625000000000001f,0f,0.6705722926500335f,0.7418441887149065f,0.3454375f,-1.2246467991473532e-16f,0.7418441887149065f,-0.6705722926500335f,-0.062499999999999986f,0f,0f,0f,1f],start_interpolation:0}
execute if entity @s[tag=aj.folklore_microphone.bone.left_leg] run data modify entity @s {} merge value {transformation:[-1f,-9.084971111757753e-17f,8.212142117907657e-17f,-0.10624999999999998f,0f,0.6705722926500335f,0.7418441887149065f,0.3454375f,-1.2246467991473532e-16f,0.7418441887149065f,-0.6705722926500335f,-0.06250000000000001f,0f,0f,0f,1f],start_interpolation:0}
execute if entity @s[tag=aj.folklore_microphone.bone.waist] run data modify entity @s {} merge value {transformation:[-1f,0f,1.2246467991473532e-16f,0f,0f,1f,0f,1.072421875f,-1.2246467991473532e-16f,0f,-1f,0f,0f,0f,0f,1f],start_interpolation:0}