execute if entity @s[tag=aj.folklore_microphone.bone.left_straight] run data modify entity @s {} merge value {transformation:[-0.9457246722424434f,-0.22307463080550363f,0.23631029051421212f,0.08186840422153785f,-0.3234416993606596f,0.5757224982862015f,-0.750952110378407f,0.4968871614411855f,0.03146921394969671f,-0.7866265403977181f,-0.6166266086663025f,0.28710494098073314f,0f,0f,0f,1f],start_interpolation:0}
execute if entity @s[tag=aj.folklore_microphone.bone.left_bend] run data modify entity @s {} merge value {transformation:[-0.9394175390914801f,0.15339471277354214f,0.3065367014574767f,0.4274029865520639f,-0.3427276984707522f,-0.4351924222842186f,-0.8325534699269084f,0.5778540631426744f,0.005693149238239745f,-0.8871739500681458f,0.461400011239959f,0.23248495264914432f,0f,0f,0f,1f],start_interpolation:0}
execute if entity @s[tag=aj.folklore_microphone.bone.right_straight] run data modify entity @s {} merge value {transformation:[-0.7739043865708394f,0.3888255417156123f,-0.4998866857158464f,-0.20959539792874998f,0.262138121792532f,0.9152149864821724f,0.3060476002544714f,0.33517219087770456f,0.5765029102697543f,0.10581222343376843f,-0.8102148899042191f,-0.25118758068964847f,0f,0f,0f,1f],start_interpolation:0}
execute if entity @s[tag=aj.folklore_microphone.bone.microphone] run data modify entity @s {} merge value {transformation:[-0.7739043865708394f,0.3800420960905906f,-0.5065964919395742f,-0.207069428656668f,0.262138121792532f,0.9204168619155841f,0.2900282838009979f,0.540789223300178f,0.5765029102697543f,0.09165590815947901f,-0.8119381681815215f,0.2317758025861526f,0f,0f,0f,1f],start_interpolation:0}
execute if entity @s[tag=aj.folklore_microphone.bone.right_bend] run data modify entity @s {} merge value {transformation:[-0.7739043865708394f,-0.5065964919395741f,-0.3800420960905907f,-0.4675135627182748f,0.262138121792532f,0.2900282838009981f,-0.920416861915584f,0.5487698193925981f,0.5765029102697543f,-0.8119381681815215f,-0.09165590815947919f,-0.11724823995202373f,0f,0f,0f,1f],start_interpolation:0}
execute if entity @s[tag=aj.folklore_microphone.bone.head] run data modify entity @s {} merge value {transformation:[-0.9339888529972257f,0.13156811457348988f,-0.3321967093523109f,0f,0.0014594013570789072f,0.9311331037156999f,0.36467658728309743f,0.8125f,0.3572991640412914f,0.3401190591430369f,-0.8698599502121303f,0f,0f,0f,0f,1f],start_interpolation:0}