execute if entity @s[tag=aj.folklore_microphone.bone.left_straight] run data modify entity @s {} merge value {transformation:[-0.9434812424950562f,-0.1510240852762414f,0.29501672957047637f,0.05154319881268832f,-0.18839955536235745f,0.9767279136505914f,-0.10250946412419087f,0.3540349353833319f,-0.2726696767138785f,-0.1522967772549286f,-0.9499773360657147f,-0.048394073165835404f,0f,0f,0f,1f],start_interpolation:0}
execute if entity @s[tag=aj.folklore_microphone.bone.left_bend] run data modify entity @s {} merge value {transformation:[-0.9434812424950562f,0.15822574364130443f,0.2912177177115795f,0.4003840319785905f,-0.18839955536235745f,0.46686014038944496f,-0.864029638875203f,0.4274770323810282f,-0.2726696767138785f,-0.8700610457690333f,-0.41066412557714993f,-0.005388708529401737f,0f,0f,0f,1f],start_interpolation:0}
execute if entity @s[tag=aj.folklore_microphone.bone.right_straight] run data modify entity @s {} merge value {transformation:[-0.836628625281358f,0.14345084287216664f,-0.5286533826989952f,-0.09206860748620799f,0.24637084848109678f,0.9605171377057227f,-0.1292603310854114f,0.3466030385584188f,0.48923813054434934f,-0.23838767554735432f,-0.8389382383516677f,-0.08720099023707714f,0f,0f,0f,1f],start_interpolation:0}
execute if entity @s[tag=aj.folklore_microphone.bone.microphone] run data modify entity @s {} merge value {transformation:[-0.836628625281358f,0.5131139483009943f,-0.19174623703945237f,-0.2546139921679939f,0.24637084848109678f,0.6651271118480137f,0.7049165412326657f,0.309790395430521f,0.48923813054434934f,0.5425126737171074f,-0.6828807000331651f,0.3286587469500613f,0f,0f,0f,1f],start_interpolation:0}
execute if entity @s[tag=aj.folklore_microphone.bone.right_bend] run data modify entity @s {} merge value {transformation:[-0.836628625281358f,-0.19174623703945226f,-0.5131139483009943f,-0.4001676838831649f,0.24637084848109678f,0.7049165412326658f,-0.6651271118480135f,0.5225667857291767f,0.48923813054434934f,-0.682880700033165f,-0.5425126737171075f,-0.022415247686881752f,0f,0f,0f,1f],start_interpolation:0}
execute if entity @s[tag=aj.folklore_microphone.bone.head] run data modify entity @s {} merge value {transformation:[-1f,-7.086679506250485e-17f,9.987740076807924e-17f,0f,0f,0.8155608689592605f,0.5786712961798053f,0.8125f,-1.2246467991473532e-16f,0.5786712961798053f,-0.8155608689592605f,0f,0f,0f,0f,1f],start_interpolation:0}