execute if entity @s[tag=aj.folklore_microphone.bone.left_straight] run data modify entity @s {} merge value {transformation:[-0.8003480382640815f,0.4917668677143765f,0.34294076086873554f,-0.14938409442723544f,-0.06321002146634394f,0.49960852178914406f,-0.8639420224424154f,0.6248437317291757f,-0.5961941888622033f,-0.7131315956918873f,-0.3687761060492966f,0.02248568900154431f,0f,0f,0f,1f],start_interpolation:0}
execute if entity @s[tag=aj.folklore_microphone.bone.left_bend] run data modify entity @s {} merge value {transformation:[-0.8003480382640815f,0.5954013455120385f,-0.07028695049075934f,0.1593374246071088f,-0.06321002146634394f,-0.20038234685222694f,-0.9776765355966248f,0.606396804329071f,-0.5961941888622033f,-0.7780386576722573f,0.19801095003683866f,0.20492434838445778f,0f,0f,0f,1f],start_interpolation:0}
execute if entity @s[tag=aj.folklore_microphone.bone.right_straight] run data modify entity @s {} merge value {transformation:[-0.7724347589977708f,0.11320501905747117f,-0.624923328699012f,-0.09646315138770648f,0.26240003740594553f,0.9529586847335368f,-0.151710136643159f,0.3454214406054105f,0.5783517644664139f,-0.2811660876619462f,-0.7658034132122034f,-0.10427062026574632f,0f,0f,0f,1f],start_interpolation:0}
execute if entity @s[tag=aj.folklore_microphone.bone.microphone] run data modify entity @s {} merge value {transformation:[-0.7724347589977708f,0.10228136146015256f,-0.6268038498524984f,-0.1184579692326822f,0.26240003740594553f,0.9501658375447407f,-0.16831845273843263f,0.7110881055607414f,0.5783517644664139f,-0.29448837712337517f,-0.7607797528048618f,0.271684818924337f,0f,0f,0f,1f],start_interpolation:0}
execute if entity @s[tag=aj.folklore_microphone.bone.right_bend] run data modify entity @s {} merge value {transformation:[-0.7724347589977708f,-0.6268038498524984f,-0.1022813614601527f,-0.3947639999472033f,0.26240003740594553f,-0.1683184527384324f,-0.9501658375447407f,0.5239674240383864f,0.5783517644664139f,-0.7607797528048619f,0.294488377123375f,-0.008232038531902623f,0f,0f,0f,1f],start_interpolation:0}
execute if entity @s[tag=aj.folklore_microphone.bone.head] run data modify entity @s {} merge value {transformation:[-0.9625016574795098f,-0.0036059120809608623f,0.27125183270765363f,0f,-0.023083748631856547f,0.9973736427419662f,-0.0686509818773352f,0.8125f,-0.27029187908314556f,-0.07233819296668481f,-0.9600570222335842f,0f,0f,0f,0f,1f],start_interpolation:0}