execute if entity @s[tag=aj.folklore_microphone.bone.left_straight] run data modify entity @s {} merge value {transformation:[-0.8167720334407166f,0.038329092414886065f,0.5756859613224626f,0.007805770999861961f,-0.24751938561538678f,0.8780282335403424f,-0.40963468462839825f,0.38805991881380214f,-0.5211694533774004f,-0.47707158978572284f,-0.7076617123213779f,-0.02389737170280394f,0f,0f,0f,1f],start_interpolation:0}
execute if entity @s[tag=aj.folklore_microphone.bone.left_bend] run data modify entity @s {} merge value {transformation:[-0.8167720334407166f,0.5421255031836156f,-0.19744210337977125f,0.32937659034441774f,-0.24751938561538678f,-0.6383634718973147f,-0.728852681611166f,0.4644894124223715f,-0.5211694533774004f,-0.5464357387151005f,0.6555840024902865f,0.11640184616964609f,0f,0f,0f,1f],start_interpolation:0}
execute if entity @s[tag=aj.folklore_microphone.bone.right_straight] run data modify entity @s {} merge value {transformation:[-0.7682558499331559f,0.12281958635814043f,-0.6282501876245637f,-0.10139817161399897f,0.2631208452438315f,0.9552698490045283f,-0.13500717159113257f,0.3433751370288616f,0.5835669368989781f,-0.26902576975018794f,-0.766208043137543f,-0.11068860305614925f,0f,0f,0f,1f],start_interpolation:0}
execute if entity @s[tag=aj.folklore_microphone.bone.microphone] run data modify entity @s {} merge value {transformation:[-0.7682558499331559f,0.20883454708220836f,-0.6051207160463546f,-0.1171293577734202f,0.2631208452438315f,0.9647622507992933f,-0.0011046405990115726f,0.6429347151419382f,0.5835669368989781f,-0.16006852088293372f,-0.796132965515619f,0.2996654449047509f,0f,0f,0f,1f],start_interpolation:0}
execute if entity @s[tag=aj.folklore_microphone.bone.right_bend] run data modify entity @s {} merge value {transformation:[-0.7682558499331559f,-0.6051207160463546f,-0.2088345470822085f,-0.3975420158191254f,0.2631208452438315f,-0.0011046405990113584f,-0.9647622507992933f,0.5238465991333927f,0.5835669368989781f,-0.796132965515619f,0.16006852088293355f,-0.01162120913627726f,0f,0f,0f,1f],start_interpolation:0}