execute if entity @s[tag=aj.folklore_microphone.bone.left_straight] run data modify entity @s {} merge value {transformation:[-0.9216936743617024f,0.1375804727104142f,0.36270150836521653f,-0.056254224928492524f,-0.20118540180403588f,0.6298851295335011f,-0.750179417002035f,0.5192197864367916f,-0.33167032538738356f,-0.7644058719825113f,-0.5528819567828955f,0.14621730106320285f,0f,0f,0f,1f],start_interpolation:0}
execute if entity @s[tag=aj.folklore_microphone.bone.left_bend] run data modify entity @s {} merge value {transformation:[-0.9216936743617024f,0.38505724736676067f,-0.047028575270335035f,0.2921573227335947f,-0.20118540180403588f,-0.578144656950076f,-0.7907421765284988f,0.5575430764249371f,-0.33167032538738356f,-0.7193605993452882f,0.6103401702059392f,0.22415220199344182f,0f,0f,0f,1f],start_interpolation:0}
execute if entity @s[tag=aj.folklore_microphone.bone.right_straight] run data modify entity @s {} merge value {transformation:[-0.7539753283804774f,0.11572629575286583f,-0.6466286636585726f,-0.10240005631247631f,0.26532401603428335f,0.9541440457931687f,-0.13860846436232893f,0.34327452599099545f,0.6009362451283752f,-0.276073476358675f,-0.7501060357991033f,-0.11461640222813099f,0f,0f,0f,1f],start_interpolation:0}
execute if entity @s[tag=aj.folklore_microphone.bone.microphone] run data modify entity @s {} merge value {transformation:[-0.7539753283804774f,0.1044234438253228f,-0.6485498813300415f,-0.11053564612206124f,0.26532401603428335f,0.9515796737777948f,-0.15523946330873795f,0.7058731943777782f,0.6009362451283752f,-0.28912258443885924f,-0.7451736445006655f,0.26484952771918113f,0f,0f,0f,1f],start_interpolation:0}
execute if entity @s[tag=aj.folklore_microphone.bone.right_bend] run data modify entity @s {} merge value {transformation:[-0.7539753283804774f,-0.6485498813300415f,-0.10442344382532294f,-0.3961435217455962f,0.26532401603428335f,-0.15523946330873772f,-0.9515796737777948f,0.5240471727524522f,0.6009362451283752f,-0.7451736445006656f,0.2891225844388591f,-0.009157878006465545f,0f,0f,0f,1f],start_interpolation:0}