execute if entity @s[tag=aj.folklore_microphone.bone.left_straight] run data modify entity @s {} merge value {transformation:[-0.7982713806163262f,0.4218060799853876f,0.42993305731970094f,-0.12628152333865583f,-0.09634332607567167f,0.6152040779844834f,-0.782458884512112f,0.563855107359599f,-0.5945424849492097f,-0.6660357147470567f,-0.4504616079887345f,0.00927628639469738f,0f,0f,0f,1f],start_interpolation:0}
execute if entity @s[tag=aj.folklore_microphone.bone.left_bend] run data modify entity @s {} merge value {transformation:[-0.7982713806163262f,0.594161113073209f,-0.09866800190796371f,0.18557272000547964f,-0.09634332607567167f,-0.28767594787574813f,-0.952869619903199f,0.5630484707558187f,-0.5945424849492097f,-0.7511425435464267f,0.28688693393918013f,0.18726339303014633f,0f,0f,0f,1f],start_interpolation:0}
execute if entity @s[tag=aj.folklore_microphone.bone.right_straight] run data modify entity @s {} merge value {transformation:[-0.7709691185573504f,0.10908523742283253f,-0.6274607790191403f,-0.0952161491255919f,0.26265685948570894f,0.9519936976275112f,-0.15722396077762213f,0.3460105752329067f,0.5801878940446851f,-0.28602169612444256f,-0.7626097278097692f,-0.10317431451889883f,0f,0f,0f,1f],start_interpolation:0}
execute if entity @s[tag=aj.folklore_microphone.bone.microphone] run data modify entity @s {} merge value {transformation:[-0.7709691185573504f,0.09811792267391019f,-0.629269013603132f,-0.11688017277488377f,0.26265685948570894f,0.949104767911107f,-0.17381459574359218f,0.7133477981210581f,0.5801878940446851f,-0.29928750855750796f,-0.7575018117637956f,0.27116832116175626f,0f,0f,0f,1f],start_interpolation:0}
execute if entity @s[tag=aj.folklore_microphone.bone.right_bend] run data modify entity @s {} merge value {transformation:[-0.7709691185573504f,-0.629269013603132f,-0.09811792267391033f,-0.3936974810025734f,0.26265685948570894f,-0.17381459574359195f,-0.949104767911107f,0.5240635040730477f,0.5801878940446851f,-0.7575018117637957f,0.2992875085575078f,-0.00678176975944475f,0f,0f,0f,1f],start_interpolation:0}
execute if entity @s[tag=aj.folklore_microphone.bone.head] run data modify entity @s {} merge value {transformation:[-0.9455470005729386f,-0.0010048270770710856f,0.3254840395934405f,0f,-0.023530595908508693f,0.9975896556140886f,-0.06527779153704895f,0.8125f,-0.3246339180734349f,-0.06938205340222449f,-0.9432915508484009f,0f,0f,0f,0f,1f],start_interpolation:0}