execute if entity @s[tag=aj.folklore_microphone.bone.left_straight] run data modify entity @s {} merge value {transformation:[-0.9320140178792212f,-0.2972347002528647f,0.20736779750535111f,0.11704669917373511f,-0.24781483125889162f,0.10515002390758477f,-0.9630842548190479f,0.717625731044274f,0.26445733093404256f,-0.9489968416374333f,-0.1716604633496552f,0.40839684534220944f,0f,0f,0f,1f],start_interpolation:0}
execute if entity @s[tag=aj.folklore_microphone.bone.left_bend] run data modify entity @s {} merge value {transformation:[-0.9320140178792212f,-0.1971823348057135f,0.30408715414696186f,0.4552130125948243f,-0.24781483125889162f,-0.2655159468498247f,-0.9317129876612044f,0.7543187410346557f,0.26445733093404256f,-0.9437268719332983f,0.19859987740739873f,0.2933738156140375f,0f,0f,0f,1f],start_interpolation:0}
execute if entity @s[tag=aj.folklore_microphone.bone.right_straight] run data modify entity @s {} merge value {transformation:[-0.7739043865708405f,0.21553368017055147f,-0.5954974669623285f,-0.13723102616519137f,0.2621381217925294f,0.9649920863261541f,0.008595256306906426f,0.3321040128190531f,0.5765029102697541f,-0.1494506809620981f,-0.8033112027168979f,-0.1526496719281837f,0f,0f,0f,1f],start_interpolation:0}
execute if entity @s[tag=aj.folklore_microphone.bone.microphone] run data modify entity @s {} merge value {transformation:[-0.7739043865708405f,0.20510798952130124f,-0.5991683512010133f,-0.14482481700985284f,0.2621381217925294f,0.9649951212638633f,-0.008247486891587505f,0.6477326204026361f,0.5765029102697541f,-0.16344763250494537f,-0.8005805805033197f,0.2667061323045136f,0f,0f,0f,1f],start_interpolation:0}
execute if entity @s[tag=aj.folklore_microphone.bone.right_bend] run data modify entity @s {} merge value {transformation:[-0.7739043865708405f,-0.5991683512010133f,-0.20510798952130138f,-0.4223046006400074f,0.2621381217925294f,-0.00824748689158729f,-0.9649951212638633f,0.5256301777501292f,0.5765029102697541f,-0.8005805805033197f,0.1634476325049452f,-0.04603750444231958f,0f,0f,0f,1f],start_interpolation:0}
execute if entity @s[tag=aj.folklore_microphone.bone.head] run data modify entity @s {} merge value {transformation:[-0.9721896035573683f,-0.04300345769444726f,-0.2302131129221114f,0f,-0.011397735204911493f,0.9905199895863118f,-0.1368950030575673f,0.8125f,0.23391764868680956f,-0.13046399064973646f,-0.963463378015262f,0f,0f,0f,0f,1f],start_interpolation:0}