execute if entity @s[tag=aj.folklore_microphone.bone.left_straight] run data modify entity @s {} merge value {transformation:[-0.8986272494923069f,0.13357085079510414f,0.41788502520162585f,-0.0495283500179316f,-0.2154551285486786f,0.6953782733269733f,-0.6855859862678566f,0.48525753899235746f,-0.3821624707529035f,-0.7061217209537385f,-0.5961073402881121f,0.10808039392448933f,0f,0f,0f,1f],start_interpolation:0}
execute if entity @s[tag=aj.folklore_microphone.bone.left_bend] run data modify entity @s {} merge value {transformation:[-0.8986272494923069f,0.42924817387961545f,-0.09063703266825773f,0.29366093095183593f,-0.2154551285486786f,-0.6117682486117999f,-0.7611298821965431f,0.532983147502385f,-0.3821624707529035f,-0.6644438390198728f,0.6422353390592656f,0.202295645357652f,0f,0f,0f,1f],start_interpolation:0}
execute if entity @s[tag=aj.folklore_microphone.bone.right_straight] run data modify entity @s {} merge value {transformation:[-0.7562907353800299f,0.11715747853596678f,-0.6436601966887717f,-0.10234591746333632f,0.26499352161176987f,0.9543745727692967f,-0.13765031186021687f,0.3432429402091078f,0.5981661617662154f,-0.2746694378239359f,-0.7528306202880943f,-0.11408997379345834f,0f,0f,0f,1f],start_interpolation:0}
execute if entity @s[tag=aj.folklore_microphone.bone.microphone] run data modify entity @s {} merge value {transformation:[-0.7562907353800299f,0.1059062155244064f,-0.6456068440557549f,-0.11188111063830802f,0.26499352161176987f,0.9518268877104435f,-0.154285479988375f,0.7054719663861475f,0.5981661617662154f,-0.28776631030186417f,-0.7479223178734039f,0.2656962645224472f,0f,0f,0f,1f],start_interpolation:0}
execute if entity @s[tag=aj.folklore_microphone.bone.right_bend] run data modify entity @s {} merge value {transformation:[-0.7562907353800299f,-0.6456068440557549f,-0.10590621552440654f,-0.39644880486433987f,0.26499352161176987f,-0.15428547998837477f,-0.9518268877104435f,0.5240129997029076f,0.5981661617662154f,-0.747922317873404f,0.287766310301864f,-0.00963351948922083f,0f,0f,0f,1f],start_interpolation:0}