execute if entity @s[tag=aj.folklore_microphone.bone.left_straight] run data modify entity @s {} merge value {transformation:[-0.7724714792919898f,-0.009780346753233509f,0.6349741400229081f,0.03892797298237616f,-0.2379503974468783f,0.9314954973030429f,-0.27512860058348976f,0.3634005697011996f,-0.5887846992197723f,-0.363621346075204f,-0.7218809421526095f,-0.09106623127361191f,0f,0f,0f,1f],start_interpolation:0}
execute if entity @s[tag=aj.folklore_microphone.bone.left_bend] run data modify entity @s {} merge value {transformation:[-0.9169866282087991f,0.3972608061646071f,0.03632320982105321f,0.34741763003246257f,-0.21264977381734457f,-0.4097455881471819f,-0.8870674307454602f,0.4444391885113589f,-0.3375138476887876f,-0.8211530946658888f,0.46020864587591537f,0.07385800477820155f,0f,0f,0f,1f],start_interpolation:0}
execute if entity @s[tag=aj.folklore_microphone.bone.right_straight] run data modify entity @s {} merge value {transformation:[-0.7739043865708403f,0.1772073771819451f,-0.6080045607713047f,-0.12169755629783574f,0.2621381217925299f,0.9635836732124085f,-0.0528214901490594f,0.33599890485580625f,0.5765029102697541f,-0.20025995653344744f,-0.7921744405493815f,-0.13356837920623324f,0f,0f,0f,1f],start_interpolation:0}
execute if entity @s[tag=aj.folklore_microphone.bone.microphone] run data modify entity @s {} merge value {transformation:[-0.7739043865708403f,0.16656924492977418f,-0.6110046539020274f,-0.13437716802834865f,0.2621381217925299f,0.9625150526370515f,-0.0696302990814967f,0.6715344210864522f,0.5765029102697541f,-0.2140548062777821f,-0.7885587703905683f,0.2699084093732259f,0f,0f,0f,1f],start_interpolation:0}
execute if entity @s[tag=aj.folklore_microphone.bone.right_bend] run data modify entity @s {} merge value {transformation:[-0.7739043865708403f,-0.6110046539020274f,-0.16656924492977432f,-0.41203594430283175f,0.2621381217925299f,-0.0696302990814965f,-0.9625150526370515f,0.5241026193206408f,0.5765029102697541f,-0.7885587703905683f,0.21405480627778192f,-0.03155815085630315f,0f,0f,0f,1f],start_interpolation:0}
execute if entity @s[tag=aj.folklore_microphone.bone.head] run data modify entity @s {} merge value {transformation:[-0.9994076418568478f,-0.01105420120366381f,0.03259095018381032f,0f,0f,0.9470091322922887f,0.3212066365363681f,0.8125f,-0.03441461024237654f,0.3210163671695812f,-0.9464481637211358f,0f,0f,0f,0f,1f],start_interpolation:0}