execute if entity @s[tag=aj.folklore_microphone.bone.left_straight] run data modify entity @s {} merge value {transformation:[-0.8349533523926892f,-0.5382648704808509f,0.11455927956495977f,0.24993305942077104f,-0.2705811573694316f,0.2202676203373044f,-0.9371595449588933f,0.6635290243008639f,0.47920636118986226f,-0.8134820862423302f,-0.3295575196502083f,0.4406639981468577f,0f,0f,0f,1f],start_interpolation:0}
execute if entity @s[tag=aj.folklore_microphone.bone.left_bend] run data modify entity @s {} merge value {transformation:[-0.8349533523926892f,-0.4749731249931501f,0.27794501230000745f,0.5455993264303192f,-0.2705811573694316f,-0.08547328942942997f,-0.9588952779478747f,0.7111496423735109f,0.47920636118986226f,-0.8758395100292944f,-0.057152568330889164f,0.24255578234087388f,0f,0f,0f,1f],start_interpolation:0}
execute if entity @s[tag=aj.folklore_microphone.bone.right_straight] run data modify entity @s {} merge value {transformation:[-0.7739043865708405f,0.3916050573158815f,-0.49771224571135103f,-0.2107910351553491f,0.26213812179252943f,0.9134953673155026f,0.31114276304648314f,0.335560697708788f,0.5765029102697541f,0.11032539588752943f,-0.8096126860868497f,-0.2529692739423967f,0f,0f,0f,1f],start_interpolation:0}
execute if entity @s[tag=aj.folklore_microphone.bone.microphone] run data modify entity @s {} merge value {transformation:[-0.7739043865708405f,0.38285913756790296f,-0.5044708923487784f,-0.2083140119324703f,0.26213812179252943f,0.918786427507153f,0.29515268206765144f,0.5390849978886034f,0.5765029102697541f,0.09617890314099407f,-0.811414821802695f,0.2308799770857164f,0f,0f,0f,1f],start_interpolation:0}
execute if entity @s[tag=aj.folklore_microphone.bone.right_bend] run data modify entity @s {} merge value {transformation:[-0.7739043865708405f,-0.5044708923487783f,-0.3828591375679031f,-0.46821866424445924f,0.26213812179252943f,0.29515268206765166f,-0.9187864275071529f,0.5494073123105785f,0.5765029102697541f,-0.811414821802695f,-0.09617890314099425f,-0.11848464717143321f,0f,0f,0f,1f],start_interpolation:0}
execute if entity @s[tag=aj.folklore_microphone.bone.head] run data modify entity @s {} merge value {transformation:[-0.8171244034785848f,0.014191602541932824f,-0.5762866540681458f,0f,0.0002830101510861221f,0.9997066748243719f,0.024217436215501563f,0.8125f,0.5764612989134842f,0.01962556314833565f,-0.816888736687004f,0f,0f,0f,0f,1f],start_interpolation:0}