execute if entity @s[tag=aj.folklore_microphone.bone.left_straight] run data modify entity @s {} merge value {transformation:[-0.7800125536099031f,-0.008521808215363035f,0.6257058374313753f,0.036270976627511f,-0.24052187324856697f,0.9271783880149991f,-0.28720979315982265f,0.36482018175958336f,-0.5776933829463156f,-0.374523184305923f,-0.7252604633629172f,-0.082723528202467f,0f,0f,0f,1f],start_interpolation:0}
execute if entity @s[tag=aj.folklore_microphone.bone.left_bend] run data modify entity @s {} merge value {transformation:[-0.9870296981634064f,0.11531337892110188f,0.11169243298117133f,0.34694567808076116f,-0.1536468028167737f,-0.4768939045771642f,-0.8654275612443425f,0.44605810449437533f,-0.04652993582241982f,-0.87136388978368f,0.4884259786839933f,0.07794619411472119f,0f,0f,0f,1f],start_interpolation:0}
execute if entity @s[tag=aj.folklore_microphone.bone.right_straight] run data modify entity @s {} merge value {transformation:[-0.7739043865708405f,0.11220059867830764f,-0.6232840653366973f,-0.0956742191443446f,0.26213812179252927f,0.9526648455407308f,-0.15399122434067636f,0.3457468626462182f,0.5765029102697541f,-0.28256099824123776f,-0.7666835570973328f,-0.10306677528270902f,0f,0f,0f,1f],start_interpolation:0}
execute if entity @s[tag=aj.folklore_microphone.bone.microphone] run data modify entity @s {} merge value {transformation:[-0.7739043865708405f,0.10130570314953466f,-0.6251473066052428f,-0.11893626052343276f,0.26213812179252927f,0.9498322326354508f,-0.1705940648142249f,0.7120083303661844f,0.5765029102697541f,-0.29589843587983566f,-0.761635418093441f,0.2722328234683289f,0f,0f,0f,1f],start_interpolation:0}
execute if entity @s[tag=aj.folklore_microphone.bone.right_bend] run data modify entity @s {} merge value {transformation:[-0.7739043865708405f,-0.6251473066052428f,-0.1013057031495348f,-0.39443341854917613f,0.26213812179252927f,-0.17059406481422468f,-0.9498322326354508f,0.5239778640733381f,0.5765029102697541f,-0.7616354180934412f,0.2958984358798355f,-0.007871583523447453f,0f,0f,0f,1f],start_interpolation:0}
execute if entity @s[tag=aj.folklore_microphone.bone.head] run data modify entity @s {} merge value {transformation:[-0.9999977279163698f,0.00008982144951627049f,-0.002129810837941556f,0f,0.00015266032729292696f,0.9995640995759594f,-0.029522661359132087f,0.8125f,0.002126230684257316f,-0.029522919418796086f,-0.9995618421949032f,0f,0f,0f,0f,1f],start_interpolation:0}