execute if entity @s[tag=aj.folklore_microphone.bone.left_straight] run data modify entity @s {} merge value {transformation:[-0.8372030589923107f,-0.5146380898275102f,0.18503695445129056f,0.23613650339940306f,-0.27531247278876314f,0.10425863452107254f,-0.9556846652817746f,0.7078145658344667f,0.47254003041102666f,-0.8510451066932307f,-0.22897193284910075f,0.44737014659321545f,0f,0f,0f,1f],start_interpolation:0}
execute if entity @s[tag=aj.folklore_microphone.bone.left_bend] run data modify entity @s {} merge value {transformation:[-0.8372030589923107f,-0.42879607028056127f,0.33944803449992966f,0.5367392836853163f,-0.27531247278876314f,-0.20585213976117384f,-0.939056941235558f,0.7546530120545978f,0.47254003041102666f,-0.8796356215318327f,0.05428713467712171f,0.2566419150099616f,0f,0f,0f,1f],start_interpolation:0}
execute if entity @s[tag=aj.folklore_microphone.bone.right_straight] run data modify entity @s {} merge value {transformation:[-0.7739043865708395f,0.3729013248032246f,-0.5118755731683362f,-0.20277099485630617f,0.2621381217925318f,0.9243931019544889f,0.27709384360184125f,0.3331945556746456f,0.5765029102697543f,0.08026203971341572f,-0.8131435294162684f,-0.24112718212462037f,0f,0f,0f,1f],start_interpolation:0}
execute if entity @s[tag=aj.folklore_microphone.bone.microphone] run data modify entity @s {} merge value {transformation:[-0.7739043865708395f,0.3639110695770176f,-0.5183056375206851f,-0.20011913175293822f,0.2621381217925318f,0.9290882667874711f,0.2609187567441954f,0.5505610731201616f,0.5765029102697543f,0.06605850404878943f,-0.8144204494567532f,0.2366626658670312f,0f,0f,0f,1f],start_interpolation:0}
execute if entity @s[tag=aj.folklore_microphone.bone.right_bend] run data modify entity @s {} merge value {transformation:[-0.7739043865708395f,-0.518305637520685f,-0.3639110695770177f,-0.4634592926224073f,0.2621381217925318f,0.2609187567441956f,-0.929088266787471f,0.5453123511314653f,0.5765029102697543f,-0.8144204494567532f,-0.06605850404878962f,-0.11023361508955218f,0f,0f,0f,1f],start_interpolation:0}
execute if entity @s[tag=aj.folklore_microphone.bone.head] run data modify entity @s {} merge value {transformation:[-0.8219818633474861f,-0.004764985675374362f,-0.5694937323968615f,0f,-0.00024829313266691924f,0.9999679013310601f,-0.008008411707422433f,0.8125f,0.5695136123731502f,-0.0064413677948699215f,-0.8219566619370003f,0f,0f,0f,0f,1f],start_interpolation:0}