execute if entity @s[tag=aj.folklore_microphone.bone.left_straight] run data modify entity @s {} merge value {transformation:[-0.9938280823840194f,0.013203563372047575f,0.11014267374266493f,-0.019870996454779966f,-0.10276816033682473f,0.2642467484211609f,-0.9589642126637616f,0.7071973203391534f,-0.041766588152343666f,-0.96436472450164f,-0.2612589333419788f,0.3106240202179059f,0f,0f,0f,1f],start_interpolation:0}
execute if entity @s[tag=aj.folklore_microphone.bone.left_bend] run data modify entity @s {} merge value {transformation:[-0.9938280823840194f,0.06865600999343681f,0.08713262854226259f,0.3387986637354822f,-0.10276816033682473f,-0.27408929489915995f,-0.9561975547148538f,0.6946574693420646f,-0.041766588152343666f,-0.959250442123152f,0.27945329019471227f,0.2991367716881151f,0f,0f,0f,1f],start_interpolation:0}
execute if entity @s[tag=aj.folklore_microphone.bone.right_straight] run data modify entity @s {} merge value {transformation:[-0.7452209441203705f,0.10749763347152755f,-0.6580957401794701f,-0.10149970417349435f,0.2664829338499242f,0.9526956746438928f,-0.14614307195879989f,0.3438609390463169f,0.6112549307867222f,-0.28428016165895076f,-0.7386150548669316f,-0.11549711679890026f,0f,0f,0f,1f],start_interpolation:0}
execute if entity @s[tag=aj.folklore_microphone.bone.microphone] run data modify entity @s {} merge value {transformation:[-0.7452209441203705f,0.09599590672901623f,-0.6598716014010737f,-0.10494017313775539f,0.2664829338499242f,0.9500000261883413f,-0.16274764578600806f,0.7089781803305598f,0.6112549307867222f,-0.2971274745516225f,-0.7335411872931843f,0.26161816719060627f,0f,0f,0f,1f],start_interpolation:0}
execute if entity @s[tag=aj.folklore_microphone.bone.right_bend] run data modify entity @s {} merge value {transformation:[-0.7452209441203705f,-0.6598716014010737f,-0.09599590672901638f,-0.39421327118987703f,0.2664829338499242f,-0.16274764578600784f,-0.9500000261883413f,0.5242145444909547f,0.6112549307867222f,-0.7335411872931844f,0.2971274745516223f,-0.0065163005031959875f,0f,0f,0f,1f],start_interpolation:0}