execute if entity @s[tag=aj.folklore_microphone.bone.left_straight] run data modify entity @s {} merge value {transformation:[-0.9101407590131849f,0.38690540360501036f,0.1481485991973859f,-0.13707012265941299f,-0.05213424885988702f,0.24778916135054618f,-0.9674102292269853f,0.7319944226467062f,-0.41100586234106073f,-0.8882030962445677f,-0.20535199279004798f,0.14709815885250732f,0f,0f,0f,1f],start_interpolation:0}
execute if entity @s[tag=aj.folklore_microphone.bone.left_bend] run data modify entity @s {} merge value {transformation:[-0.9101407590131849f,0.41428713087077146f,-0.0031578438479329396f,0.19866047364812112f,-0.05213424885988702f,-0.12208778702667025f,-0.9911491272027361f,0.7008290644935451f,-0.41100586234106073f,-0.9019205871105251f,0.13271561953095914f,0.27057616109171295f,0f,0f,0f,1f],start_interpolation:0}
execute if entity @s[tag=aj.folklore_microphone.bone.right_straight] run data modify entity @s {} merge value {transformation:[-0.7739043865708405f,0.09885540751798587f,-0.625539454271962f,-0.09037996839184376f,0.2621381217925294f,0.9491565015521428f,-0.1743144878212429f,0.3482145989034706f,0.576502910269754f,-0.29888048441768517f,-0.760470150949236f,-0.09708179919334903f,0f,0f,0f,1f],start_interpolation:0}
execute if entity @s[tag=aj.folklore_microphone.bone.microphone] run data modify entity @s {} merge value {transformation:[-0.7739043865708405f,0.0879231825620931f,-0.6271694463337352f,-0.11610498817969739f,0.2621381217925294f,0.9459697331302505f,-0.1908530039181148f,0.72033244345616f,0.576502910269754f,-0.31210699763003674f,-0.7551381439715968f,0.27224855056222047f,0f,0f,0f,1f],start_interpolation:0}
execute if entity @s[tag=aj.folklore_microphone.bone.right_bend] run data modify entity @s {} merge value {transformation:[-0.7739043865708405f,-0.6271694463337352f,-0.08792318256209324f,-0.3907922681619386f,0.2621381217925294f,-0.19085300391811458f,-0.9459697331302505f,0.5243185202613965f,0.576502910269754f,-0.755138143971597f,0.3121069976300366f,-0.0031385574884949946f,0f,0f,0f,1f],start_interpolation:0}
execute if entity @s[tag=aj.folklore_microphone.bone.head] run data modify entity @s {} merge value {transformation:[-0.9350059157304147f,0.0009158384378895232f,0.35463093320956157f,0f,-0.023160846279363635f,0.9977040281052426f,-0.06364155483798964f,0.8125f,-0.3538749959360686f,-0.06771878278977583f,-0.932837956833189f,0f,0f,0f,0f,1f],start_interpolation:0}