execute if entity @s[tag=aj.folklore_microphone.bone.left_straight] run data modify entity @s {} merge value {transformation:[-0.8073668124917103f,0.17930317370992818f,0.5621469576405468f,-0.042747472402086706f,-0.18684343049141186f,0.825995588602923f,-0.5318090071545533f,0.4364058900853415f,-0.5596859499479833f,-0.534398408966623f,-0.6333798054285955f,-0.019395234382830737f,0f,0f,0f,1f],start_interpolation:0}
execute if entity @s[tag=aj.folklore_microphone.bone.left_bend] run data modify entity @s {} merge value {transformation:[-0.7842625640892593f,0.15303287574536026f,0.6012596523210628f,0.2765113098587769f,-0.19899018943739175f,0.8558627970261155f,-0.47739059183681587f,0.48400165427390385f,-0.587652222897022f,-0.49404434174245887f,-0.6407691107695886f,0.13789940336248369f,0f,0f,0f,1f],start_interpolation:0}
execute if entity @s[tag=aj.folklore_microphone.bone.right_straight] run data modify entity @s {} merge value {transformation:[-0.7739043865708405f,0.07897591051814352f,-0.6283588194688137f,-0.082522919796014f,0.2621381217925294f,0.943153643764933f,-0.20431546528839833f,0.35217669709852023f,0.5765029102697541f,-0.32283743557827965f,-0.7506133389700346f,-0.08833598489685954f,0f,0f,0f,1f],start_interpolation:0}
execute if entity @s[tag=aj.folklore_microphone.bone.microphone] run data modify entity @s {} merge value {transformation:[-0.7739043865708405f,0.06799750859862173f,-0.6296414370662015f,-0.11209500347470436f,0.2621381217925294f,0.9394442003550846f,-0.2207446477772014f,0.7327417076450935f,0.5765029102697541f,-0.33588827494209444f,-0.7448647267839497f,0.27198906105857135f,0f,0f,0f,1f],start_interpolation:0}
execute if entity @s[tag=aj.folklore_microphone.bone.right_bend] run data modify entity @s {} merge value {transformation:[-0.7739043865708405f,-0.6296414370662015f,-0.06799750859862187f,-0.3853513882212591f,0.2621381217925294f,-0.22074464777720118f,-0.9394442003550846f,0.5250505345376155f,0.5765029102697541f,-0.7448647267839498f,0.3358882749420943f,0.0038324949273953884f,0f,0f,0f,1f],start_interpolation:0}
execute if entity @s[tag=aj.folklore_microphone.bone.head] run data modify entity @s {} merge value {transformation:[-0.9980457698462493f,-0.003150815285136731f,0.0624076409988914f,0f,-0.003846969099691357f,0.9999316801237925f,-0.011037930673616265f,0.8125f,-0.06236859883590125f,-0.01125644028316624f,-0.9979897045718448f,0f,0f,0f,0f,1f],start_interpolation:0}