execute if entity @s[tag=aj.folklore_microphone.bone.left_straight] run data modify entity @s {} merge value {transformation:[-0.9022830751591917f,-0.050396099945955744f,0.42818860960038363f,0.019900300391261116f,-0.29057872246073246f,0.804775233906422f,-0.5175913725555638f,0.407059860773141f,-0.3185110019047397f,-0.5914364344552178f,-0.7407791072003435f,0.09410535805282828f,0f,0f,0f,1f],start_interpolation:0}
execute if entity @s[tag=aj.folklore_microphone.bone.left_bend] run data modify entity @s {} merge value {transformation:[-0.8867585939687849f,0.46137777049043904f,0.028102471773413407f,0.3626485374797334f,-0.30190618972587924f,-0.5320751598095717f,-0.791042778185112f,0.4919592872850917f,-0.35001692620172686f,-0.7099482919275817f,0.611115025311442f,0.1592886629207067f,0f,0f,0f,1f],start_interpolation:0}
execute if entity @s[tag=aj.folklore_microphone.bone.right_straight] run data modify entity @s {} merge value {transformation:[-0.7739043865708396f,0.3426868643366542f,-0.5325764860163508f,-0.18993404477176679f,0.2621381217925315f,0.9388656496874094f,0.22319251094094208f,0.3305257504748037f,0.5765029102697544f,0.0331210635117626f,-0.8164235356739499f,-0.22268119100524064f,0f,0f,0f,1f],start_interpolation:0}
execute if entity @s[tag=aj.folklore_microphone.bone.microphone] run data modify entity @s {} merge value {transformation:[-0.7739043865708396f,0.333339930174477f,-0.53847608247506f,-0.18771797922657757f,0.2621381217925315f,0.9426179023161633f,0.20677305273211957f,0.5691375175371707f,0.5765029102697544f,0.01886746364381838f,-0.8168772326770729f,0.24486333928152304f,0f,0f,0f,1f],start_interpolation:0}
execute if entity @s[tag=aj.folklore_microphone.bone.right_bend] run data modify entity @s {} merge value {transformation:[-0.7739043865708396f,-0.5384760824750598f,-0.3333399301744771f,-0.4557027993316429f,0.2621381217925315f,0.2067730527321198f,-0.9426179023161633f,0.5396027571475936f,0.5765029102697544f,-0.8168772326770729f,-0.018867463643818562f,-0.09722503127901995f,0f,0f,0f,1f],start_interpolation:0}
execute if entity @s[tag=aj.folklore_microphone.bone.head] run data modify entity @s {} merge value {transformation:[-0.9892790898787346f,0.07921166874502085f,-0.12268819773446692f,0f,0.0005796726984080777f,0.8422390017496915f,0.5391040047256612f,0.8125f,0.14603611302778943f,0.5332532001463397f,-0.8332553499530756f,0f,0f,0f,0f,1f],start_interpolation:0}