execute if entity @s[tag=aj.folklore_microphone.bone.left_straight] run data modify entity @s {} merge value {transformation:[-0.9201666547922949f,0.36318411271782813f,0.14625535093705647f,-0.13133094115558686f,-0.058471684845316785f,0.24188975003380753f,-0.9685403506823719f,0.7320942621414743f,-0.38713613817326276f,-0.8997703313056872f,-0.20134289513749024f,0.15982813412309088f,0f,0f,0f,1f],start_interpolation:0}
execute if entity @s[tag=aj.folklore_microphone.bone.left_bend] run data modify entity @s {} merge value {transformation:[-0.9201666547922949f,0.39151771483961123f,0.002684469244847859f,0.20755595773081445f,-0.058471684845316785f,-0.13063741820397198f,-0.989704464492482f,0.7030413437373222f,-0.38713613817326276f,-0.9108500117647085f,0.14310089653291128f,0.27491387423963276f,0f,0f,0f,1f],start_interpolation:0}
execute if entity @s[tag=aj.folklore_microphone.bone.right_straight] run data modify entity @s {} merge value {transformation:[-0.7739043865708405f,0.10105301124608145f,-0.6251882031552662f,-0.09125069399893809f,0.26213812179252943f,0.9497632011735797f,-0.17097797167939296f,0.34779755840430354f,0.5765029102697541f,-0.29620626363163494f,-0.7615157541613241f,-0.09806104169778435f,0f,0f,0f,1f],start_interpolation:0}
execute if entity @s[tag=aj.folklore_microphone.bone.microphone] run data modify entity @s {} merge value {transformation:[-0.7739043865708405f,0.09012658176174668f,-0.6268566021877366f,-0.11656348269490696f,0.26213812179252943f,0.9466345705841885f,-0.1875275843122127f,0.7189613310455041f,0.5765029102697541f,-0.3094514324329946f,-0.7562302595213124f,0.27225651221423397f,0f,0f,0f,1f],start_interpolation:0}
execute if entity @s[tag=aj.folklore_microphone.bone.right_bend] run data modify entity @s {} merge value {transformation:[-0.7739043865708405f,-0.6268566021877366f,-0.09012658176174682f,-0.39139250010141846f,0.26213812179252943f,-0.18752758431221248f,-0.9466345705841885f,0.5242540480586171f,0.5765029102697541f,-0.7562302595213125f,0.30945143243299444f,-0.003915000244992972f,0f,0f,0f,1f],start_interpolation:0}
execute if entity @s[tag=aj.folklore_microphone.bone.head] run data modify entity @s {} merge value {transformation:[-0.9396926207859094f,9.850630390461286e-16f,0.34202014332566594f,0f,-0.023497896950311695f,0.9976371398566697f,-0.06455994127565648f,0.8125f,-0.34121199756078563f,-0.06870325449790338f,-0.9374722585452728f,0f,0f,0f,0f,1f],start_interpolation:0}