execute if entity @s[tag=aj.folklore_microphone.bone.left_straight] run data modify entity @s {} merge value {transformation:[-0.8300115578138526f,0.5177692542894919f,0.20735431803539756f,-0.16258760060464672f,-0.0300547577918244f,0.329711378900841f,-0.943603263112936f,0.7067826592132637f,-0.5569358360076107f,-0.7894335981802454f,-0.2581028257007163f,0.05994200967488787f,0f,0f,0f,1f],start_interpolation:0}
execute if entity @s[tag=aj.folklore_microphone.bone.left_bend] run data modify entity @s {} merge value {transformation:[-0.8300115578138526f,0.5575498170031751f,-0.01479917075877446f,0.14958652964144054f,-0.0300547577918244f,-0.07120565374214494f,-0.997008759444584f,0.6701082329121846f,-0.5569358360076107f,-0.827084008087981f,0.07585854029457789f,0.23353759931759205f,0f,0f,0f,1f],start_interpolation:0}
execute if entity @s[tag=aj.folklore_microphone.bone.right_straight] run data modify entity @s {} merge value {transformation:[-0.7738263260979871f,0.12196633270797556f,-0.6215440698160182f,-0.09957930471269943f,0.2621521447931756f,0.9549653600006659f,-0.13898710076527448f,0.34403255264936955f,0.5766013094140785f,-0.27049098854595155f,-0.7709510717921106f,-0.10754393959415329f,0f,0f,0f,1f],start_interpolation:0}
execute if entity @s[tag=aj.folklore_microphone.bone.microphone] run data modify entity @s {} merge value {transformation:[-0.7738263260979871f,0.1111003169196344f,-0.6235780116537535f,-0.1210427190314699f,0.2621521447931756f,0.9523942547787639f,-0.15563237595288731f,0.7059054637617808f,0.5766013094140785f,-0.2839047429064188f,-0.7661129335399647f,0.2720949574870152f,0f,0f,0f,1f],start_interpolation:0}
execute if entity @s[tag=aj.folklore_microphone.bone.right_bend] run data modify entity @s {} merge value {transformation:[-0.7738263260979871f,-0.6235780116537535f,-0.11110031691963454f,-0.3970951384661563f,0.2621521447931756f,-0.1556323759528871f,-0.9523942547787639f,0.5238069123508999f,0.5766013094140785f,-0.7661129335399648f,0.28390474290641865f,-0.011361914804160739f,0f,0f,0f,1f],start_interpolation:0}
execute if entity @s[tag=aj.folklore_microphone.bone.head] run data modify entity @s {} merge value {transformation:[-0.9925911162825715f,-0.011057974600212236f,0.12099833500779968f,0f,-0.02053831997093481f,0.9967895729026137f,-0.07738685137280377f,0.8125f,-0.11975413683748114f,-0.07929860371006528f,-0.9896315870868027f,0f,0f,0f,0f,1f],start_interpolation:0}