execute if entity @s[tag=aj.folklore_microphone.bone.left_straight] run data modify entity @s {} merge value {transformation:[-0.9963584443827491f,-0.08313068289914f,0.018950985935059353f,0.02153383292963923f,-0.0846120631855767f,0.9365941470067105f,-0.3400473534028052f,1.0043521341140123f,0.010518986199637311f,-0.3404125340722561f,-0.9402173459237161f,0.12441203701558577f,0f,0f,0f,1f],start_interpolation:0}
execute if entity @s[tag=aj.folklore_microphone.bone.left_bend] run data modify entity @s {} merge value {transformation:[-0.9963584443827491f,-0.07924188632342928f,0.03147338175495122f,0.3733772470986137f,-0.0846120631855767f,0.8733791182525871f,-0.479634980546471f,1.043625174748895f,0.010518986199637311f,-0.4805513908545457f,-0.876903479111067f,0.04813375492937967f,0f,0f,0f,1f],start_interpolation:0}
execute if entity @s[tag=aj.folklore_microphone.bone.right_straight] run data modify entity @s {} merge value {transformation:[-0.7988027911691641f,0.1328576671426895f,-0.5867392445556673f,-0.0036351676521285126f,0.2570021869954978f,0.9571945261433952f,-0.13314846976459146f,0.9295643332518456f,0.543933798085653f,-0.25715263833475144f,-0.7987543701899806f,-0.10032424557124286f,0f,0f,0f,1f],start_interpolation:0}
execute if entity @s[tag=aj.folklore_microphone.bone.microphone] run data modify entity @s {} merge value {transformation:[-0.7988027911691641f,0.18172902927857545f,-0.5734881522209675f,-0.04136147027536974f,0.2570021869954978f,0.9650010293229386f,-0.05218131164699114f,1.2488336246393972f,0.543933798085653f,-0.18907028672728013f,-0.8175502736694426f,0.3008021760720783f,0f,0f,0f,1f],start_interpolation:0}
execute if entity @s[tag=aj.folklore_microphone.bone.right_bend] run data modify entity @s {} merge value {transformation:[-0.7988027911691641f,-0.5734881522209675f,-0.1817290292785756f,-0.30528664006642514f,0.2570021869954978f,-0.05218131164699093f,-0.9650010293229386f,1.1083693827362247f,0.543933798085653f,-0.8175502736694426f,0.18907028672727993f,-0.015940496531584192f,0f,0f,0f,1f],start_interpolation:0}
execute if entity @s[tag=aj.folklore_microphone.bone.head] run data modify entity @s {} merge value {transformation:[-1f,-4.98238503051724e-18f,1.2236328561307208e-16f,0f,0f,0.9991720526952438f,0.04068426124157733f,1.3975f,-1.2246467991473532e-16f,0.04068426124157733f,-0.9991720526952438f,0f,0f,0f,0f,1f],start_interpolation:0}
execute if entity @s[tag=aj.folklore_microphone.bone.hair] run data modify entity @s {} merge value {transformation:[-1f,0f,1.2246467991473532e-16f,-0.010937499999999998f,0f,1f,0f,0.99125f,-1.2246467991473532e-16f,0f,-1f,-0.007968750000000002f,0f,0f,0f,1f],start_interpolation:0}
execute if entity @s[tag=aj.folklore_microphone.bone.outfit] run data modify entity @s {} merge value {transformation:[-1f,0f,1.2246467991473532e-16f,0f,0f,1f,0f,-0.040000000000000036f,-1.2246467991473532e-16f,0f,-1f,0f,0f,0f,0f,1f],start_interpolation:0}
execute if entity @s[tag=aj.folklore_microphone.bone.chest] run data modify entity @s {} merge value {transformation:[-1f,0f,1.2246467991473532e-16f,-0.010937499999999998f,0f,1f,0f,0.6475f,-1.2246467991473532e-16f,0f,-1f,-0.007968750000000002f,0f,0f,0f,1f],start_interpolation:0}
execute if entity @s[tag=aj.folklore_microphone.bone.right_leg] run data modify entity @s {} merge value {transformation:[-1f,-9.565851001106088e-18f,1.2209050872710465e-16f,0.10625000000000001f,0f,0.996944660387867f,0.07811110115803353f,0.6555f,-1.2246467991473532e-16f,0.07811110115803353f,-0.996944660387867f,-0.062499999999999986f,0f,0f,0f,1f],start_interpolation:0}
execute if entity @s[tag=aj.folklore_microphone.bone.left_leg] run data modify entity @s {} merge value {transformation:[-1f,-9.565851001106088e-18f,1.2209050872710465e-16f,-0.10624999999999998f,0f,0.996944660387867f,0.07811110115803353f,0.6555f,-1.2246467991473532e-16f,0.07811110115803353f,-0.996944660387867f,-0.06250000000000001f,0f,0f,0f,1f],start_interpolation:0}
execute if entity @s[tag=aj.folklore_microphone.bone.waist] run data modify entity @s {} merge value {transformation:[-1f,0f,1.2246467991473532e-16f,0f,0f,1f,0f,1.46f,-1.2246467991473532e-16f,0f,-1f,0f,0f,0f,0f,1f],start_interpolation:0}