execute if entity @s[tag=aj.folklore_microphone.bone.left_straight] run data modify entity @s {} merge value {transformation:[-0.9170309661132819f,-0.3579811498714683f,0.17579449230861008f,0.14762198137318538f,-0.32128561296265074f,0.4019653949786508f,-0.8574376806175892f,0.5707895671192604f,0.23628322431470763f,-0.8427771458555093f,-0.48362890766690836f,0.37425573901434384f,0f,0f,0f,1f],start_interpolation:0}
execute if entity @s[tag=aj.folklore_microphone.bone.left_bend] run data modify entity @s {} merge value {transformation:[-0.9150332289484159f,-0.08647360084156705f,0.3940006424839042f,0.47799293120180064f,-0.3366337997298522f,-0.3744434197086043f,-0.863984843800149f,0.643012976883006f,0.2222428284549981f,-0.9232087747603026f,0.31351823456683175f,0.25354142969581606f,0f,0f,0f,1f],start_interpolation:0}
execute if entity @s[tag=aj.folklore_microphone.bone.right_straight] run data modify entity @s {} merge value {transformation:[-0.7739043865708395f,0.3974359239101758f,-0.4930686431239343f,-0.21330371741423357f,0.26213812179253215f,0.9097699927757346f,0.3218729024753768f,0.3364191524272154f,0.5765029102697542f,0.11984676312068165f,-0.8082580948063551f,-0.2567326713010077f,0f,0f,0f,1f],start_interpolation:0}
execute if entity @s[tag=aj.folklore_microphone.bone.microphone] run data modify entity @s {} merge value {transformation:[-0.7739043865708395f,0.3887701581326613f,-0.4999297596582126f,-0.2109564243953171f,0.26213812179253215f,0.9152488871144134f,0.30594620399493666f,0.5355112950758769f,0.5765029102697542f,0.10572246110138252f,-0.810226607603805f,0.22895774766898247f,0f,0f,0f,1f],start_interpolation:0}
execute if entity @s[tag=aj.folklore_microphone.bone.right_bend] run data modify entity @s {} merge value {transformation:[-0.7739043865708395f,-0.4999297596582125f,-0.3887701581326614f,-0.46969526143514057f,0.26213812179253215f,0.3059462039949369f,-0.9152488871144133f,0.5507787489616043f,0.5765029102697542f,-0.810226607603805f,-0.1057224611013827f,-0.12109044645563821f,0f,0f,0f,1f],start_interpolation:0}
execute if entity @s[tag=aj.folklore_microphone.bone.head] run data modify entity @s {} merge value {transformation:[-0.8828863050114687f,0.11259889627855366f,-0.45588733364730316f,0f,0.0016320096366099351f,0.9715564163157989f,0.23680258963986883f,0.8125f,0.46958397435149124f,0.20832575086257005f,-0.8579576169950381f,0f,0f,0f,0f,1f],start_interpolation:0}