execute if entity @s[tag=aj.folklore_microphone.bone.left_straight] run data modify entity @s {} merge value {transformation:[-0.7922768054890695f,-0.006942940960582005f,0.6101223312212503f,0.0321589768009124f,-0.2447252781079854f,0.919598437989382f,-0.3073243418645162f,0.3673633887174878f,-0.5589338080121871f,-0.39279830500946245f,-0.7302756259404314f,-0.06871464911109171f,0f,0f,0f,1f],start_interpolation:0}
execute if entity @s[tag=aj.folklore_microphone.bone.left_bend] run data modify entity @s {} merge value {transformation:[-0.8319992198495164f,0.5323368750825664f,-0.15618818648388333f,0.34635360286021827f,-0.23839286546782706f,-0.5972722877878618f,-0.765790216661647f,0.44890058575398173f,-0.5009452463731288f,-0.5999027135027661f,0.6238353905223586f,0.08479936437854844f,0f,0f,0f,1f],start_interpolation:0}
execute if entity @s[tag=aj.folklore_microphone.bone.right_straight] run data modify entity @s {} merge value {transformation:[-0.77390438657084f,0.23811768457506796f,-0.5868321469884046f,-0.14645485860176966f,0.26213812179253043f,0.9639599305787698f,0.045440701377265205f,0.33049474499467113f,0.5765029102697543f,-0.11866431869429735f,-0.8084325413535268f,-0.16430011430942792f,0f,0f,0f,1f],start_interpolation:0}
execute if entity @s[tag=aj.folklore_microphone.bone.microphone] run data modify entity @s {} merge value {transformation:[-0.77390438657084f,0.22783978495865287f,-0.5908984962211419f,-0.15147882538455626f,0.26213812179253043f,0.9646061644015291f,0.028610360040632065f,0.6337296901003915f,0.5765029102697543f,-0.13275533883262453f,-0.8062384352422916f,0.2641408990782874f,0f,0f,0f,1f],start_interpolation:0}
execute if entity @s[tag=aj.folklore_microphone.bone.right_bend] run data modify entity @s {} merge value {transformation:[-0.77390438657084f,-0.5908984962211419f,-0.227839784958653f,-0.42831498561582837f,0.26213812179253043f,0.02861036004063228f,-0.9646061644015291f,0.5270686662258192f,0.5765029102697543f,-0.8062384352422916f,0.13275533883262436f,-0.05476000328044631f,0f,0f,0f,1f],start_interpolation:0}
execute if entity @s[tag=aj.folklore_microphone.bone.head] run data modify entity @s {} merge value {transformation:[-0.9993090848136843f,-0.02117891066861271f,0.03054188520258266f,0f,1.734723475976807e-18f,0.8217571687962173f,0.56983783266121f,0.8125f,-0.03716655766730106f,0.569444123048887f,-0.8211894042888322f,0f,0f,0f,0f,1f],start_interpolation:0}