execute if entity @s[tag=aj.folklore_microphone.bone.left_straight] run data modify entity @s {} merge value {transformation:[-0.9766819392837408f,-0.10075032431700795f,0.1895831259025155f,0.02603567049876726f,-0.12231316121929121f,0.9868488183059007f,-0.10568301850719085f,0.37372616063946645f,-0.17644228537823634f,-0.1264072069079342f,-0.9761605083039571f,-0.022867827699818495f,0f,0f,0f,1f],start_interpolation:0}
execute if entity @s[tag=aj.folklore_microphone.bone.left_bend] run data modify entity @s {} merge value {transformation:[-0.9766819392837408f,-0.0984066253544154f,0.19081018202210032f,0.38153137161887796f,-0.12231316121929121f,0.9854716676192471f,-0.11783498170018915f,0.4236816931352872f,-0.17644228537823634f,-0.1384258949983563f,-0.9745288048715693f,-0.015097297409524632f,0f,0f,0f,1f],start_interpolation:0}
execute if entity @s[tag=aj.folklore_microphone.bone.right_straight] run data modify entity @s {} merge value {transformation:[-0.980937274932548f,0.12964872828149204f,-0.14475244351270367f,-0.05962716371028742f,0.13868569780842183f,0.9888549835416751f,-0.05414885731189989f,0.367365164951025f,0.13611884465898805f,-0.07319172617027993f,-0.9879851372105336f,-0.025564194583574118f,0f,0f,0f,1f],start_interpolation:0}
execute if entity @s[tag=aj.folklore_microphone.bone.microphone] run data modify entity @s {} merge value {transformation:[-0.980937274932548f,0.1447524435127037f,0.12964872828149202f,-0.4181926773563706f,0.13868569780842183f,0.05414885731190011f,0.9888549835416751f,0.1104026148045047f,0.13611884465898805f,0.9879851372105336f,-0.07319172617028015f,0.07935700697894965f,0f,0f,0f,1f],start_interpolation:0}
execute if entity @s[tag=aj.folklore_microphone.bone.right_bend] run data modify entity @s {} merge value {transformation:[-0.980937274932548f,0.12964872828149204f,-0.14475244351270367f,-0.38433206641306195f,0.13868569780842183f,0.9888549835416751f,-0.05414885731189989f,0.5170325559114748f,0.13611884465898805f,-0.07319172617027993f,-0.9879851372105336f,-0.07301808669672011f,0f,0f,0f,1f],start_interpolation:0}
execute if entity @s[tag=aj.folklore_microphone.bone.head] run data modify entity @s {} merge value {transformation:[-1f,-1.1920173047884084e-16f,2.808104836839897e-17f,0f,0f,0.22929916109648996f,0.9733559958825166f,0.8125f,-1.2246467991473532e-16f,0.9733559958825166f,-0.22929916109648996f,0f,0f,0f,0f,1f],start_interpolation:0}