execute if entity @s[tag=aj.folklore_microphone.bone.left_straight] run data modify entity @s {} merge value {transformation:[-0.7829265613732854f,-0.008092637471872605f,0.6220614991421282f,0.03526984115816928f,-0.24151815924392223f,0.9254419237020179f,-0.29193530894726627f,0.36539737977466996f,-0.5733192638065029f,-0.37880305578685236f,-0.7265075819803344f,-0.07944562568409858f,0f,0f,0f,1f],start_interpolation:0}
execute if entity @s[tag=aj.folklore_microphone.bone.left_bend] run data modify entity @s {} merge value {transformation:[-0.9877290968076721f,0.11382329825586729f,0.1069368416106257f,0.34678473905195223f,-0.15111556103736462f,-0.5236341500486189f,-0.838433875815632f,0.44670927861174325f,-0.03943752694912184f,-0.8443053557078836f,0.534409157660234f,0.07955114592006966f,0f,0f,0f,1f],start_interpolation:0}
execute if entity @s[tag=aj.folklore_microphone.bone.right_straight] run data modify entity @s {} merge value {transformation:[-0.7739043865708405f,0.1106553080554583f,-0.6235602643253999f,-0.0950603575518878f,0.26213812179252927f,0.9522802179824402f,-0.15635213955172222f,0.3460246494826581f,0.5765029102697541f,-0.2844605231635275f,-0.7659808125612783f,-0.10236903091330349f,0f,0f,0f,1f],start_interpolation:0}
execute if entity @s[tag=aj.folklore_microphone.bone.microphone] run data modify entity @s {} merge value {transformation:[-0.7739043865708405f,0.09975582754492354f,-0.6253964944874878f,-0.1186026392074142f,0.26213812179252927f,0.9494064600059732f,-0.17294790776997454f,0.7129719508734687f,0.5765029102697541f,-0.2977854069120144f,-0.7608996293078015f,0.2722425187012938f,0f,0f,0f,1f],start_interpolation:0}
execute if entity @s[tag=aj.folklore_microphone.bone.right_bend] run data modify entity @s {} merge value {transformation:[-0.7739043865708405f,-0.6253964944874878f,-0.09975582754492368f,-0.39401226581309307f,0.26213812179252927f,-0.17294790776997432f,-0.9494064600059732f,0.5240110600126425f,0.5765029102697541f,-0.7608996293078016f,0.2977854069120142f,-0.007321317387683907f,0f,0f,0f,1f],start_interpolation:0}
execute if entity @s[tag=aj.folklore_microphone.bone.head] run data modify entity @s {} merge value {transformation:[-0.9999964808657656f,0.00010509816075985783f,-0.0026508886172209316f,0f,0.00018999031183298398f,0.9994864364900269f,-0.03204414417875468f,0.8125f,0.0026461594369418134f,-0.03204453505426492f,-0.9994829391307238f,0f,0f,0f,0f,1f],start_interpolation:0}