execute if entity @s[tag=aj.folklore_microphone.bone.left_straight] run data modify entity @s {} merge value {transformation:[-0.9563128144164796f,0.253359219894604f,0.14585920155145993f,-0.1015727836571072f,-0.09007382233059362f,0.21930151277223042f,-0.9714903772176889f,0.7297991895755304f,-0.27812318765897315f,-0.9421867926214041f,-0.1868998135263988f,0.21414244447436354f,0f,0f,0f,1f],start_interpolation:0}
execute if entity @s[tag=aj.folklore_microphone.bone.left_bend] run data modify entity @s {} merge value {transformation:[-0.9563128144164796f,0.28957905224873737f,0.040121982522736285f,0.24874029253952348f,-0.09007382233059362f,-0.1612940370277024f,-0.9827873321070344f,0.7115119327104136f,-0.27812318765897315f,-0.9434660598654457f,0.18033104660147253f,0.2908200472330266f,0f,0f,0f,1f],start_interpolation:0}
execute if entity @s[tag=aj.folklore_microphone.bone.right_straight] run data modify entity @s {} merge value {transformation:[-0.7739043865708404f,0.11072478538347713f,-0.6235479310752254f,-0.09508795256404368f,0.2621381217925295f,0.9522976330599201f,-0.15624603409865717f,0.3460121150771471f,0.5765029102697541f,-0.28437517467292517f,-0.7660125028224063f,-0.10240037534385973f,0f,0f,0f,1f],start_interpolation:0}
execute if entity @s[tag=aj.folklore_microphone.bone.microphone] run data modify entity @s {} merge value {transformation:[-0.7739043865708404f,0.09982550953610354f,-0.6253853756622939f,-0.11861760645569636f,0.2621381217925295f,0.9494257242265446f,-0.1728421224122942f,0.7129286243647832f,0.5765029102697541f,-0.29770062449171786f,-0.7609328042788961f,0.27224212722106716f,0f,0f,0f,1f],start_interpolation:0}
execute if entity @s[tag=aj.folklore_microphone.bone.right_bend] run data modify entity @s {} merge value {transformation:[-0.7739043865708404f,-0.6253853756622939f,-0.09982550953610368f,-0.39403120378088036f,0.2621381217925295f,-0.172842122412294f,-0.9494257242265446f,0.5240095322396267f,0.5765029102697541f,-0.7609328042788962f,0.2977006244917177f,-0.0073460452572929325f,0f,0f,0f,1f],start_interpolation:0}
execute if entity @s[tag=aj.folklore_microphone.bone.head] run data modify entity @s {} merge value {transformation:[-0.9572281750174464f,-0.001584720740874635f,0.2893297592936865f,0f,-0.023282110630745357f,0.9971641311132026f,-0.07156562684578009f,0.8125f,-0.28839584649808475f,-0.07524084184420816f,-0.9545504970619564f,0f,0f,0f,0f,1f],start_interpolation:0}