execute if entity @s[tag=aj.folklore_microphone.bone.left_bend] run data modify entity @s {} merge value {transformation:[-0.8135236274976876f,0.015419940617006524f,0.5813273887701934f,0.3459558612300571f,-0.24872311797177596f,0.8943751534242431f,-0.3717928126305826f,0.45277933702066775f,-0.52565779561365f,-0.4470517983061129f,-0.7237600234482896f,0.09357415277254709f,0f,0f,0f,1f],start_interpolation:0}
execute if entity @s[tag=aj.folklore_microphone.bone.right_straight] run data modify entity @s {} merge value {transformation:[-0.7739043865708406f,0.07576818588065579f,-0.6287536739095568f,-0.08125839459276574f,0.26213812179252927f,0.9420986814220284f,-0.2091259896951133f,0.35284781891544953f,0.576502910269754f,-0.3266638279198203f,-0.7489560320734949f,-0.08694363288121443f,0f,0f,0f,1f],start_interpolation:0}
execute if entity @s[tag=aj.folklore_microphone.bone.microphone] run data modify entity @s {} merge value {transformation:[-0.7739043865708406f,0.06478338135294982f,-0.6299802488545885f,-0.11147103716603363f,0.26213812179252927f,0.9383054434609321f,-0.2255360278861645f,0.7347450870330074f,0.576502910269754f,-0.3396851605119982f,-0.7431408925489446f,0.2719157364562494f,0f,0f,0f,1f],start_interpolation:0}
execute if entity @s[tag=aj.folklore_microphone.bone.right_bend] run data modify entity @s {} merge value {transformation:[-0.7739043865708406f,-0.6299802488545885f,-0.06478338135294996f,-0.38447157900773105f,0.26213812179252927f,-0.22553602788616428f,-0.9383054434609321f,0.5251936170515261f,0.576502910269754f,-0.7431408925489447f,0.33968516051199804f,0.004948501137903252f,0f,0f,0f,1f],start_interpolation:0}
execute if entity @s[tag=aj.folklore_microphone.bone.head] run data modify entity @s {} merge value {transformation:[-1f,0f,1.2246467991473532e-16f,0f,0f,1f,0f,0.8125f,-1.2246467991473532e-16f,0f,-1f,0f,0f,0f,0f,1f],start_interpolation:0}