execute if entity @s[tag=aj.folklore_microphone.bone.left_straight] run data modify entity @s {} merge value {transformation:[-0.9645795725451017f,-0.20438806364982576f,0.16676860515751601f,0.0717319570272209f,-0.19866284950403112f,0.1469189283536949f,-0.9689932408011632f,0.7191960984919206f,0.17354918742433625f,-0.9678018123194836f,-0.18231931223947714f,0.3840210296839282f,0f,0f,0f,1f],start_interpolation:0}
execute if entity @s[tag=aj.folklore_microphone.bone.left_bend] run data modify entity @s {} merge value {transformation:[-0.9645795725451017f,-0.17406024528992567f,0.19821523462720925f,0.4203955238686847f,-0.19866284950403112f,-0.015025990860881716f,-0.9799526987694803f,0.7386554018673643f,0.17354918742433625f,-0.9846203586196356f,-0.020085540473011393f,0.30042567961980643f,0f,0f,0f,1f],start_interpolation:0}
execute if entity @s[tag=aj.folklore_microphone.bone.right_straight] run data modify entity @s {} merge value {transformation:[-0.7739043865708399f,0.28086581100238855f,-0.5676146550754151f,-0.16406771144823665f,0.2621381217925309f,0.9579594260696301f,0.11660764600757997f,0.3289391180425908f,0.5765029102697541f,-0.05855027083041879f,-0.814994638164073f,-0.18723646851498066f,0f,0f,0f,1f],start_interpolation:0}
execute if entity @s[tag=aj.folklore_microphone.bone.microphone] run data modify entity @s {} merge value {transformation:[-0.7739043865708399f,0.27091679211883407f,-0.5724299889020948f,-0.1651554322773699f,0.2621381217925309f,0.9598486082408783f,0.09987118884409707f,0.6072729804503083f,0.5765029102697541f,-0.07276497101002302f,-0.81384866740962f,0.2578112278376641f,0f,0f,0f,1f],start_interpolation:0}
execute if entity @s[tag=aj.folklore_microphone.bone.right_bend] run data modify entity @s {} merge value {transformation:[-0.7739043865708399f,-0.5724299889020947f,-0.2709167921188342f,-0.439603761656146f,0.2621381217925309f,0.09987118884409728f,-0.9598486082408783f,0.530961523562121f,0.5765029102697541f,-0.81384866740962f,0.07276497101002284f,-0.0716842883679171f,0f,0f,0f,1f],start_interpolation:0}
execute if entity @s[tag=aj.folklore_microphone.bone.head] run data modify entity @s {} merge value {transformation:[-0.9074430158565326f,-0.03345715623623149f,-0.41884101001428325f,0f,-0.005606216214673641f,0.9977001107079684f,-0.06755042141291244f,0.8125f,0.4201377670633228f,-0.05895004486760061f,-0.9055435654330237f,0f,0f,0f,0f,1f],start_interpolation:0}