execute if entity @s[tag=aj.folklore_microphone.bone.left_straight] run data modify entity @s {} merge value {transformation:[-0.8384423259554694f,-0.5108701173683005f,0.18980566173452573f,0.233976818001425f,-0.2793998375848506f,0.10390969732764477f,-0.954535753944731f,0.7064373902244596f,0.46792114378807614f,-0.8533548488063895f,-0.22985931613637609f,0.446675300432871f,0f,0f,0f,1f],start_interpolation:0}
execute if entity @s[tag=aj.folklore_microphone.bone.left_bend] run data modify entity @s {} merge value {transformation:[-0.8384423259554694f,-0.41233574690973485f,0.3563617514082753f,0.5353262940131127f,-0.2793998375848506f,-0.23620114969846262f,-0.9306689785518174f,0.7547838635021331f,0.46792114378807614f,-0.8798796785365117f,0.08283450062952696f,0.2575080683023961f,0f,0f,0f,1f],start_interpolation:0}
execute if entity @s[tag=aj.folklore_microphone.bone.right_straight] run data modify entity @s {} merge value {transformation:[-0.7739043865708405f,0.32934638446719877f,-0.5409278690221048f,-0.18430919746782004f,0.2621381217925295f,0.9441221012905047f,0.19979254980575967f,0.3297649046092579f,0.5765029102697542f,0.012822515088160581f,-0.8169944782905927f,-0.214784369276531f,0f,0f,0f,1f],start_interpolation:0}
execute if entity @s[tag=aj.folklore_microphone.bone.microphone] run data modify entity @s {} merge value {transformation:[-0.7739043865708405f,0.3198557303941919f,-0.5465933700479811f,-0.18254550569676842f,0.2621381217925295f,0.9474651677038713f,0.18328491779456313f,0.5773531576590054f,0.5765029102697542f,-0.0014379575351385128f,-0.8170938298192142f,0.24807124586852403f,0f,0f,0f,1f],start_interpolation:0}
execute if entity @s[tag=aj.folklore_microphone.bone.right_bend] run data modify entity @s {} merge value {transformation:[-0.7739043865708405f,-0.546593370047981f,-0.319855730394192f,-0.4522534590868804f,0.2621381217925295f,0.18328491779456335f,-0.9474651677038713f,0.5374095577600084f,0.5765029102697542f,-0.8170938298192142f,0.0014379575351383313f,-0.09159733945547573f,0f,0f,0f,1f],start_interpolation:0}
execute if entity @s[tag=aj.folklore_microphone.bone.head] run data modify entity @s {} merge value {transformation:[-0.8523743360348762f,-0.04435181106901926f,-0.5210478942707685f,0f,-0.0021392904086167605f,0.9966842355766942f,-0.0813385393860032f,0.8125f,0.5229277337315851f,-0.06821621074054769f,-0.8496429449401376f,0f,0f,0f,0f,1f],start_interpolation:0}