execute if entity @s[tag=aj.folklore_microphone.bone.left_straight] run data modify entity @s {} merge value {transformation:[-0.8876077615135574f,-0.1302019222147854f,0.44181435145597847f,0.055287178093555656f,-0.22380078706778472f,0.9602865118236199f,-0.16662239620610667f,0.35134576254835664f,-0.4025738061632078f,-0.24677373170821826f,-0.881497053840833f,-0.06159393961932023f,0f,0f,0f,1f],start_interpolation:0}
execute if entity @s[tag=aj.folklore_microphone.bone.left_bend] run data modify entity @s {} merge value {transformation:[-0.8876077615135574f,0.41182832071767794f,0.20627626125114182f,0.39257572083054454f,-0.22380078706778472f,0.005811053005907674f,-0.9746175862207713f,0.4336425580661425f,-0.4025738061632078f,-0.911242923658571f,0.08700956656281009f,0.03004014939058189f,0f,0f,0f,1f],start_interpolation:0}
execute if entity @s[tag=aj.folklore_microphone.bone.right_straight] run data modify entity @s {} merge value {transformation:[-0.8117834282373236f,0.13673348348663505f,-0.5677249511276287f,-0.09560380139965827f,0.25376589194910565f,0.9582057178489676f,-0.1320782887715449f,0.3451912176037866f,0.5259377698193325f,-0.25128819465934904f,-0.8125538169883347f,-0.09585491325485376f,0f,0f,0f,1f],start_interpolation:0}
execute if entity @s[tag=aj.folklore_microphone.bone.microphone] run data modify entity @s {} merge value {transformation:[-0.8117834282373236f,0.5033518411692327f,-0.2960482893563172f,-0.21167333334453148f,0.25376589194910565f,0.7606718711123381f,0.5974790176916083f,0.36700910811075316f,0.5259377698193325f,0.40989660707304953f,-0.7452343482338083f,0.342628599876673f,0f,0f,0f,1f],start_interpolation:0}
execute if entity @s[tag=aj.folklore_microphone.bone.right_bend] run data modify entity @s {} merge value {transformation:[-0.8117834282373236f,-0.2960482893563171f,-0.5033518411692328f,-0.39952040481745876f,0.25376589194910565f,0.5974790176916085f,-0.760671871112338f,0.5231215881991451f,0.5259377698193325f,-0.7452343482338082f,-0.4098966070730497f,-0.01800277764125406f,0f,0f,0f,1f],start_interpolation:0}
execute if entity @s[tag=aj.folklore_microphone.bone.head] run data modify entity @s {} merge value {transformation:[-1f,-4.897264875877266e-17f,1.1224650328704434e-16f,0f,0f,0.9165622558699761f,0.3998920243197412f,0.8125f,-1.2246467991473532e-16f,0.3998920243197412f,-0.9165622558699761f,0f,0f,0f,0f,1f],start_interpolation:0}