execute if entity @s[tag=aj.folklore_microphone.bone.left_straight] run data modify entity @s {} merge value {transformation:[-0.883145651123991f,-0.4185334469171838f,0.2118572932716801f,0.18113814452364682f,-0.27083951926846045f,0.08618357649873698f,-0.9587587527341358f,0.7165727853512407f,0.38301398630234257f,-0.904102950417433f,-0.18946804834399308f,0.4340220960646258f,0f,0f,0f,1f],start_interpolation:0}
execute if entity @s[tag=aj.folklore_microphone.bone.left_bend] run data modify entity @s {} merge value {transformation:[-0.883145651123991f,-0.31150819921997636f,0.3507369394852919f,0.500700042593944f,-0.27083951926846045f,-0.271875726310701f,-0.9234335624426145f,0.7614311588129736f,0.38301398630234257f,-0.9105197588530172f,0.15573713441254988f,0.27653860640653743f,0f,0f,0f,1f],start_interpolation:0}
execute if entity @s[tag=aj.folklore_microphone.bone.right_straight] run data modify entity @s {} merge value {transformation:[-0.7739043865708405f,0.265754658984003f,-0.5748447283177496f,-0.15781787510961603f,0.26213812179252943f,0.9607084617461582f,0.09122969161635676f,0.32925775829333304f,0.5765029102697541f,-0.08008565887614823f,-0.813160919924757f,-0.17899150059499824f,0f,0f,0f,1f],start_interpolation:0}
execute if entity @s[tag=aj.folklore_microphone.bone.microphone] run data modify entity @s {} merge value {transformation:[-0.7739043865708405f,0.2556817594252969f,-0.5793952350024945f,-0.16015303457127278f,0.26213812179252943f,0.9621543188513751f,0.07444912235031116f,0.6166176736004582f,0.5765029102697541f,-0.09426507631584011f,-0.811639384109515f,0.2602774377937374f,0f,0f,0f,1f],start_interpolation:0}
execute if entity @s[tag=aj.folklore_microphone.bone.right_bend] run data modify entity @s {} merge value {transformation:[-0.7739043865708405f,-0.5793952350024943f,-0.25568175942529703f,-0.4356269122898555f,0.26213812179252943f,0.07444912235031137f,-0.9621543188513751f,0.529403886939861f,0.5765029102697541f,-0.811639384109515f,0.09426507631583993f,-0.06563745487271998f,0f,0f,0f,1f],start_interpolation:0}
execute if entity @s[tag=aj.folklore_microphone.bone.head] run data modify entity @s {} merge value {transformation:[-0.9208914682313771f,-0.05630916075047963f,-0.38573071196656744f,0f,-0.006584788356642578f,0.9916179952714523f,-0.12903639802832476f,0.8125f,0.38976344659415746f,-0.11628856293463545f,-0.9135433354962645f,0f,0f,0f,0f,1f],start_interpolation:0}