execute if entity @s[tag=aj.folklore_microphone.bone.left_straight] run data modify entity @s {} merge value {transformation:[-0.9963948094644935f,-0.0814127881637447f,0.023860880026116436f,0.020587507817589334f,-0.08342641403141199f,0.8891889341241499f,-0.4498700622102095f,1.016640724255026f,0.01540834559824374f,-0.4502388225759342f,-0.8927752155673686f,0.1661168398014597f,0f,0f,0f,1f],start_interpolation:0}
execute if entity @s[tag=aj.folklore_microphone.bone.left_bend] run data modify entity @s {} merge value {transformation:[-0.9963948094644935f,-0.07474676191542065f,0.04012860893894668f,0.37231203374854305f,-0.08342641403141199f,0.7773737852583189f,-0.6234821821311437f,1.0516257934412878f,0.01540834559824374f,-0.6245821960129128f,-0.780807058952218f,0.0809468177624315f,0f,0f,0f,1f],start_interpolation:0}
execute if entity @s[tag=aj.folklore_microphone.bone.right_straight] run data modify entity @s {} merge value {transformation:[-0.8063301957897596f,0.13513269106196282f,-0.5758218224103703f,-0.0026068657469157097f,0.25517482497410526f,0.9577652066200504f,-0.13255797858856727f,0.9174289288929438f,0.5335891903487952f,-0.2538207335786508f,-0.806757467364581f,-0.09773612500900643f,0f,0f,0f,1f],start_interpolation:0}
execute if entity @s[tag=aj.folklore_microphone.bone.microphone] run data modify entity @s {} merge value {transformation:[-0.8063301957897596f,0.20083393075976524f,-0.5563248579860779f,-0.04644095123838382f,0.25517482497410526f,0.9666694906255495f,-0.020878328313723278f,1.223340441763082f,0.5335891903487952f,-0.15879492482230884f,-0.8307025627705712f,0.3088863111902171f,0f,0f,0f,1f],start_interpolation:0}
execute if entity @s[tag=aj.folklore_microphone.bone.right_bend] run data modify entity @s {} merge value {transformation:[-0.8063301957897596f,-0.5563248579860779f,-0.20083393075976536f,-0.30557821165193244f,0.25517482497410526f,-0.020878328313723063f,-0.9666694906255495f,1.0957388807029058f,0.5335891903487952f,-0.8307025627705712f,0.15879492482230864f,-0.01711727932858094f,0f,0f,0f,1f],start_interpolation:0}
execute if entity @s[tag=aj.folklore_microphone.bone.head] run data modify entity @s {} merge value {transformation:[-1f,-6.494683865807816e-18f,1.222923419846958e-16f,0f,0f,0.9985927540074452f,0.053033118367921815f,1.385009765625f,-1.2246467991473532e-16f,0.053033118367921815f,-0.9985927540074452f,0f,0f,0f,0f,1f],start_interpolation:0}
execute if entity @s[tag=aj.folklore_microphone.bone.hair] run data modify entity @s {} merge value {transformation:[-1f,0f,1.2246467991473532e-16f,-0.010937499999999998f,0f,1f,0f,0.978759765625f,-1.2246467991473532e-16f,0f,-1f,-0.007968750000000002f,0f,0f,0f,1f],start_interpolation:0}
execute if entity @s[tag=aj.folklore_microphone.bone.outfit] run data modify entity @s {} merge value {transformation:[-1f,0f,1.2246467991473532e-16f,0f,0f,1f,0f,-0.052490234375f,-1.2246467991473532e-16f,0f,-1f,0f,0f,0f,0f,1f],start_interpolation:0}
execute if entity @s[tag=aj.folklore_microphone.bone.chest] run data modify entity @s {} merge value {transformation:[-1f,0f,1.2246467991473532e-16f,-0.010937499999999998f,0f,1f,0f,0.635009765625f,-1.2246467991473532e-16f,0f,-1f,-0.007968750000000002f,0f,0f,0f,1f],start_interpolation:0}
execute if entity @s[tag=aj.folklore_microphone.bone.right_leg] run data modify entity @s {} merge value {transformation:[-1f,-1.2543607060249704e-17f,1.2182058836065695e-16f,0.10625000000000001f,0f,0.9947405933324873f,0.10242632462668462f,0.6455078125f,-1.2246467991473532e-16f,0.10242632462668462f,-0.9947405933324873f,-0.062499999999999986f,0f,0f,0f,1f],start_interpolation:0}
execute if entity @s[tag=aj.folklore_microphone.bone.left_leg] run data modify entity @s {} merge value {transformation:[-1f,-1.2543607060249704e-17f,1.2182058836065695e-16f,-0.10624999999999998f,0f,0.9947405933324873f,0.10242632462668462f,0.6455078125f,-1.2246467991473532e-16f,0.10242632462668462f,-0.9947405933324873f,-0.06250000000000001f,0f,0f,0f,1f],start_interpolation:0}
execute if entity @s[tag=aj.folklore_microphone.bone.waist] run data modify entity @s {} merge value {transformation:[-1f,0f,1.2246467991473532e-16f,0f,0f,1f,0f,1.447509765625f,-1.2246467991473532e-16f,0f,-1f,0f,0f,0f,0f,1f],start_interpolation:0}