execute if entity @s[tag=aj.folklore_microphone.bone.left_bend] run data modify entity @s {} merge value {transformation:[-0.8196320351643357f,0.03600677768297849f,0.5717576749753848f,0.3459558612300571f,-0.2474963249219605f,0.8778290275712091f,-0.41007531930550123f,0.45277933702066775f,-0.5166709746855271f,-0.4776187918353653f,-0.7105852472457006f,0.09357415277254709f,0f,0f,0f,1f],start_interpolation:0}
execute if entity @s[tag=aj.folklore_microphone.bone.right_straight] run data modify entity @s {} merge value {transformation:[-0.7739043865708405f,0.07484539617196599f,-0.628864188134666f,-0.08089478710181047f,0.2621381217925293f,0.9417907705477256f,-0.21050831245869212f,0.3530425141674432f,0.5765029102697542f,-0.3277625835616121f,-0.7484758401361536f,-0.08654405053660333f,0f,0f,0f,1f],start_interpolation:0}
execute if entity @s[tag=aj.folklore_microphone.bone.microphone] run data modify entity @s {} merge value {transformation:[-0.7739043865708405f,0.06385880345042859f,-0.6300746413467937f,-0.11129271807373708f,0.2621381217925293f,0.9379734546242494f,-0.2269127663295662f,0.735321467150083f,0.5765029102697542f,-0.34077536830312544f,-0.7426415978171254f,0.27189303184651026f,0f,0f,0f,1f],start_interpolation:0}
execute if entity @s[tag=aj.folklore_microphone.bone.right_bend] run data modify entity @s {} merge value {transformation:[-0.7739043865708405f,-0.6300746413467937f,-0.06385880345042873f,-0.38421838168953637f,0.2621381217925293f,-0.22691276632956597f,-0.9379734546242494f,0.5252360571770797f,0.5765029102697542f,-0.7426415978171255f,0.34077536830312527f,0.005269098548818504f,0f,0f,0f,1f],start_interpolation:0}
execute if entity @s[tag=aj.folklore_microphone.bone.head] run data modify entity @s {} merge value {transformation:[-0.999996895004227f,0.00017958654512041948f,-0.0024855040892799553f,0f,0.00017846136468229352f,0.9999998815113692f,0.00045291145800174966f,0.8125f,0.0024855851315799668f,0.0004524664852618907f,-0.9999968085652241f,0f,0f,0f,0f,1f],start_interpolation:0}