execute if entity @s[tag=aj.folklore_microphone.bone.left_straight] run data modify entity @s {} merge value {transformation:[-0.8747704640322825f,0.11968137663498768f,0.46952423083745043f,-0.03850042562036271f,-0.22729756373432927f,0.7544212902529625f,-0.6157794526723784f,0.45437136866849775f,-0.4279164086327886f,-0.6453873913393487f,-0.6327421768169138f,0.07031523478660277f,0f,0f,0f,1f],start_interpolation:0}
execute if entity @s[tag=aj.folklore_microphone.bone.left_bend] run data modify entity @s {} merge value {transformation:[-0.8747704640322825f,0.4661901255999177f,-0.13207347216560264f,0.2988694837618796f,-0.22729756373432927f,-0.6355422804851707f,-0.7378494610936212f,0.510842016155139f,-0.4279164086327886f,-0.6154289370096613f,0.66191749539801f,0.17952027175225582f,0f,0f,0f,1f],start_interpolation:0}
execute if entity @s[tag=aj.folklore_microphone.bone.right_straight] run data modify entity @s {} merge value {transformation:[-0.7588705402806505f,0.11858904960478141f,-0.6403531372672334f,-0.10222239801809496f,0.2646132617042429f,0.9546019669616936f,-0.13680243566218925f,0.3432351444611041f,0.5950590935565941f,-0.27326127055750193f,-0.7557995456395196f,-0.11343966826011699f,0f,0f,0f,1f],start_interpolation:0}
execute if entity @s[tag=aj.folklore_microphone.bone.microphone] run data modify entity @s {} merge value {transformation:[-0.7588705402806505f,0.10739528470315021f,-0.6423252726755214f,-0.11335606473612259f,0.2646132617042429f,0.9520690447496202f,-0.1534417015018663f,0.7051136857292531f,0.5950590935565941f,-0.2864101723980405f,-0.7509153669505833f,0.26663708315102197f,0f,0f,0f,1f],start_interpolation:0}
execute if entity @s[tag=aj.folklore_microphone.bone.right_bend] run data modify entity @s {} merge value {transformation:[-0.7588705402806505f,-0.6423252726755214f,-0.10739528470315035f,-0.39674361496093086f,0.2646132617042429f,-0.1534417015018661f,-0.9520690447496202f,0.5239762518243356f,0.5950590935565941f,-0.7509153669505834f,0.28641017239804034f,-0.010117944927429817f,0f,0f,0f,1f],start_interpolation:0}