execute if entity @s[tag=aj.folklore_microphone.bone.left_straight] run data modify entity @s {} merge value {transformation:[-0.9856958947470226f,0.02373896971427161f,0.1668534218881095f,-0.024161589094700786f,-0.16019538081169826f,0.1755808778084511f,-0.9713438090164619f,0.7218617028030049f,-0.05235497154484511f,-0.9841787523945631f,-0.16926647715841367f,0.3095299251656257f,0f,0f,0f,1f],start_interpolation:0}
execute if entity @s[tag=aj.folklore_microphone.bone.left_bend] run data modify entity @s {} merge value {transformation:[-0.9856958947470226f,0.08572656871330174f,0.14510189004802837f,0.33484788635714813f,-0.16019538081169826f,-0.20911983235439124f,-0.9646793952825292f,0.7279071708218308f,-0.05235497154484511f,-0.9741251722097704f,0.2198615605826167f,0.3065670321479612f,0f,0f,0f,1f],start_interpolation:0}
execute if entity @s[tag=aj.folklore_microphone.bone.right_straight] run data modify entity @s {} merge value {transformation:[-0.7739043865708404f,0.1358428222689105f,-0.6185618223625092f,-0.1050930905978894f,0.26213812179252943f,0.9578357558823333f,-0.11761917299660035f,0.34175972146399053f,0.5765029102697542f,-0.25317462825357595f,-0.776882875380303f,-0.1138978120778098f,0f,0f,0f,1f],start_interpolation:0}
execute if entity @s[tag=aj.folklore_microphone.bone.microphone] run data modify entity @s {} merge value {transformation:[-0.7739043865708404f,0.12502674041865214f,-0.6208383965467167f,-0.12423126134979101f,0.26213812179252943f,0.955637135245377f,-0.134317797938673f,0.6972739822184442f,0.5765029102697542f,-0.2666945442267167f,-0.7723460458435762f,0.271824516740061f,0f,0f,0f,1f],start_interpolation:0}
execute if entity @s[tag=aj.folklore_microphone.bone.right_bend] run data modify entity @s {} merge value {transformation:[-0.7739043865708404f,-0.6208383965467167f,-0.12502674041865228f,-0.40086134189236916f,0.26213812179252943f,-0.13431779793867277f,-0.955637135245377f,0.5236763312390823f,0.5765029102697542f,-0.7723460458435764f,0.2666945442267165f,-0.01636339637260871f,0f,0f,0f,1f],start_interpolation:0}
execute if entity @s[tag=aj.folklore_microphone.bone.head] run data modify entity @s {} merge value {transformation:[-0.9937173481823084f,-0.008861414213784244f,0.1115675009115678f,0f,-0.02033615626018674f,0.9945624613590617f,-0.10213692380312958f,0.8125f,-0.11005577072594695f,-0.10376408720524058f,-0.988494178807534f,0f,0f,0f,0f,1f],start_interpolation:0}