execute if entity @s[tag=aj.folklore_microphone.bone.left_straight] run data modify entity @s {} merge value {transformation:[-0.9902018794626816f,0.03861326663700328f,0.1341985601569287f,-0.02974288517731616f,-0.11602085001196788f,0.3073296526647479f,-0.9445039157967877f,0.6850135935120839f,-0.07771357842149319f,-0.9508193836016307f,-0.29983845566628253f,0.2947290420848105f,0f,0f,0f,1f],start_interpolation:0}
execute if entity @s[tag=aj.folklore_microphone.bone.left_bend] run data modify entity @s {} merge value {transformation:[-0.9902018794626816f,0.11145491839631076f,0.08413108268556174f,0.3292700250111238f,-0.11602085001196788f,-0.32134307727137346f,-0.9398285955706307f,0.6785013802507195f,-0.07771357842149319f,-0.940381001432417f,0.33112561343679026f,0.29405726885061156f,0f,0f,0f,1f],start_interpolation:0}
execute if entity @s[tag=aj.folklore_microphone.bone.right_straight] run data modify entity @s {} merge value {transformation:[-0.7461090473888047f,0.10879643976212407f,-0.6568748922737547f,-0.1017739941044333f,0.2663718161667898f,0.9529433413196533f,-0.1447240262932892f,0.3437245672294305f,0.6102190958635892f,-0.2829528634412828f,-0.7399799538594288f,-0.11559227639970679f,0f,0f,0f,1f],start_interpolation:0}
execute if entity @s[tag=aj.folklore_microphone.bone.microphone] run data modify entity @s {} merge value {transformation:[-0.7461090473888047f,0.09731582193897242f,-0.6586736067316745f,-0.10559824493814784f,0.2663718161667898f,0.9502724209049751f,-0.16133313862751186f,0.7083968330356197f,0.6102190958635892f,-0.29582419925986486f,-0.7349290429529122f,0.2619496256264619f,0f,0f,0f,1f],start_interpolation:0}
execute if entity @s[tag=aj.folklore_microphone.bone.right_bend] run data modify entity @s {} merge value {transformation:[-0.7461090473888047f,-0.6586736067316745f,-0.09731582193897258f,-0.3945363501923956f,0.2663718161667898f,-0.16133313862751164f,-0.9502724209049751f,0.5241900073738062f,0.6102190958635892f,-0.7349290429529123f,0.2958241992598647f,-0.006928108413500431f,0f,0f,0f,1f],start_interpolation:0}