execute if entity @s[tag=aj.folklore_microphone.bone.left_straight] run data modify entity @s {} merge value {transformation:[-0.8283570295761932f,0.043071327257769444f,0.5585422923288441f,0.002793967381251039f,-0.18558264960586207f,0.919641204692454f,-0.3461490066388748f,0.390441125167871f,-0.5285676037338778f,-0.39039072145744713f,-0.7537979655603749f,-0.05759437207513478f,0f,0f,0f,1f],start_interpolation:0}
execute if entity @s[tag=aj.folklore_microphone.bone.left_bend] run data modify entity @s {} merge value {transformation:[-0.8283570295761932f,0.16371737824931976f,0.5357436435562022f,0.32759825227833644f,-0.18558264960586207f,0.8221428449965367f,-0.5381823321015553f,0.4488845482403297f,-0.5285676037338778f,-0.5452318428706912f,-0.6506447001266178f,0.08389652054654272f,0f,0f,0f,1f],start_interpolation:0}
execute if entity @s[tag=aj.folklore_microphone.bone.right_straight] run data modify entity @s {} merge value {transformation:[-0.9961946980917455f,0.08715574274765818f,1.2246467991473532e-16f,-0.0459768023560585f,0.08715574274765818f,0.9961946980917455f,0f,0.37871803385624364f,-1.2199866483456202e-16f,1.0673500138322974e-17f,-1f,-0.007968750000000004f,0f,0f,0f,1f],start_interpolation:0}
execute if entity @s[tag=aj.folklore_microphone.bone.microphone] run data modify entity @s {} merge value {transformation:[-0.9961946980917455f,0.004998942336502304f,0.08701226390235056f,-0.4012838315319253f,0.08715574274765818f,0.05713817236471073f,0.9945547273855394f,0.10816812037551415f,-1.2199866483456202e-16f,0.9983537648721204f,-0.057356430900667686f,0.053625235860336865f,0f,0f,0f,1f],start_interpolation:0}
execute if entity @s[tag=aj.folklore_microphone.bone.right_bend] run data modify entity @s {} merge value {transformation:[-0.9961946980917455f,0.08701226390235056f,-0.0049989423365022845f,-0.36799019095169244f,0.08715574274765818f,0.9945547273855394f,-0.057138172364710506f,0.5166833495932333f,-1.2199866483456202e-16f,-0.057356430900667464f,-0.9983537648721204f,-0.09375000000000004f,0f,0f,0f,1f],start_interpolation:0}
execute if entity @s[tag=aj.folklore_microphone.bone.head] run data modify entity @s {} merge value {transformation:[-1f,-1.1285518387387828e-16f,4.755318390404259e-17f,0f,0f,0.3883012141717185f,0.9215325100465903f,0.8125f,-1.2246467991473532e-16f,0.9215325100465903f,-0.3883012141717185f,0f,0f,0f,0f,1f],start_interpolation:0}