execute if entity @s[tag=aj.folklore_microphone.bone.left_straight] run data modify entity @s {} merge value {transformation:[-0.7987729844298291f,0.39927352686929235f,0.45004707541147315f,-0.11882491415783769f,-0.10567365504455264f,0.6433033716269025f,-0.7582834896547491f,0.5483389655161961f,-0.5922793242842338f,-0.6532544854762313f,-0.471660661101385f,0.006282285715660377f,0f,0f,0f,1f],start_interpolation:0}
execute if entity @s[tag=aj.folklore_microphone.bone.left_bend] run data modify entity @s {} merge value {transformation:[-0.7987729844298291f,0.5924075485841456f,-0.1049524450672159f,0.19402242742401538f,-0.10567365504455264f,-0.30988317418449546f,-0.9448838537020655f,0.5525112356399116f,-0.5922793242842338f,-0.7436569872850417f,0.3101281788028082f,0.18247043205358682f,0f,0f,0f,1f],start_interpolation:0}
execute if entity @s[tag=aj.folklore_microphone.bone.right_straight] run data modify entity @s {} merge value {transformation:[-0.7705380257650082f,0.1081507127337591f,-0.6281517127138503f,-0.09495981640048773f,0.26273157033659844f,0.9517753902800405f,-0.15841631357199795f,0.34613532511330813f,0.5807265043018346f,-0.28710107939967155f,-0.7617937367876655f,-0.10297980673637927f,0f,0f,0f,1f],start_interpolation:0}
execute if entity @s[tag=aj.folklore_microphone.bone.microphone] run data modify entity @s {} merge value {transformation:[-0.7705380257650082f,0.09717148186181208f,-0.6299435323605943f,-0.11647819728080572f,0.26273157033659844f,0.9488656843873187f,-0.17500295694830584f,0.7138378230846114f,0.5807265043018346f,-0.3003524864304691f,-0.756667107185456f,0.27101244772639654f,0f,0f,0f,1f],start_interpolation:0}
execute if entity @s[tag=aj.folklore_microphone.bone.right_bend] run data modify entity @s {} merge value {transformation:[-0.7705380257650082f,-0.6299435323605943f,-0.09717148186181222f,-0.3934591580013846f,0.26273157033659844f,-0.17500295694830562f,-0.9488656843873187f,0.5240869597792388f,0.5807265043018346f,-0.7566671071854562f,0.3003524864304689f,-0.006456066566580945f,0f,0f,0f,1f],start_interpolation:0}
execute if entity @s[tag=aj.folklore_microphone.bone.head] run data modify entity @s {} merge value {transformation:[-0.9423269535945566f,-0.0004833597702766023f,0.3346934102914707f,0f,-0.023535055781304187f,0.9976192684372183f,-0.06482203631605797f,0.8125f,-0.33386526276115214f,-0.0689605800883513f,-0.9400949019728301f,0f,0f,0f,0f,1f],start_interpolation:0}