execute if entity @s[tag=aj.folklore_microphone.bone.left_straight] run data modify entity @s {} merge value {transformation:[-0.9499019104682905f,-0.09399441205238046f,0.29807953802906223f,0.026999850992928398f,-0.14823021298051203f,0.9751104097692785f,-0.16488630240059907f,0.3723107687256619f,-0.2751620694217208f,-0.20081020706756184f,-0.9401920528748576f,-0.03101274337600425f,0f,0f,0f,1f],start_interpolation:0}
execute if entity @s[tag=aj.folklore_microphone.bone.left_bend] run data modify entity @s {} merge value {transformation:[-0.9499019104682905f,-0.06669844166341542f,0.30534845401338423f,0.37899790451964266f,-0.14823021298051203f,0.9562412833497422f,-0.2522506927193465f,0.4280835963365205f,-0.2751620694217208f,-0.28487528130273093f,-0.9182221461358063f,0.012803827650335733f,0f,0f,0f,1f],start_interpolation:0}
execute if entity @s[tag=aj.folklore_microphone.bone.head] run data modify entity @s {} merge value {transformation:[-1f,-8.684962680295405e-17f,8.634083709813209e-17f,0f,0f,0.7050264383024227f,0.7091810215273673f,0.8125f,-1.2246467991473532e-16f,0.7091810215273673f,-0.7050264383024227f,0f,0f,0f,0f,1f],start_interpolation:0}