execute if entity @s[tag=aj.folklore_microphone.bone.left_straight] run data modify entity @s {} merge value {transformation:[-0.7872312566237729f,-0.07920933515504668f,0.6115495317787848f,0.06187397063402428f,-0.2686681402219364f,0.9366993170253736f,-0.22452576670370086f,0.34772945438326086f,-0.5550534920385973f,-0.34105757682317256f,-0.7586800051848371f,-0.08583895540572493f,0f,0f,0f,1f],start_interpolation:0}
execute if entity @s[tag=aj.folklore_microphone.bone.left_bend] run data modify entity @s {} merge value {transformation:[-0.7872312566237729f,0.5791526012717971f,-0.21177632784300085f,0.3734535006831425f,-0.2686681402219364f,-0.631241443504376f,-0.7275655780973956f,0.44248775611548485f,-0.5550534920385973f,-0.5158648121772046f,0.6525328470913447f,0.06539659130868976f,0f,0f,0f,1f],start_interpolation:0}
execute if entity @s[tag=aj.folklore_microphone.bone.right_straight] run data modify entity @s {} merge value {transformation:[-0.755798817637025f,0.09600580109938332f,-0.647727591981182f,-0.0940915586809648f,0.2650645872328294f,0.949380787420728f,-0.168573085252327f,0.34684063799120785f,0.5987561372157824f,-0.2990969853269407f,-0.7429886146602592f,-0.10535734720974585f,0f,0f,0f,1f],start_interpolation:0}
execute if entity @s[tag=aj.folklore_microphone.bone.microphone] run data modify entity @s {} merge value {transformation:[-0.755798817637025f,0.08468677375496275f,-0.6493044721927076f,-0.10720556600410652f,0.2650645872328294f,0.9462941861301642f,-0.18511639012075592f,0.7180866168473463f,0.5987561372157824f,-0.31201837068869176f,-0.7376554917434083f,0.26551031129295033f,0f,0f,0f,1f],start_interpolation:0}
execute if entity @s[tag=aj.folklore_microphone.bone.right_bend] run data modify entity @s {} merge value {transformation:[-0.755798817637025f,-0.6493044721927076f,-0.08468677375496289f,-0.39069310068017793f,0.2650645872328294f,-0.1851163901207557f,-0.9462941861301642f,0.5244355595844749f,0.5987561372157824f,-0.7376554917434084f,0.3120183706886916f,-0.002532045164077776f,0f,0f,0f,1f],start_interpolation:0}