execute if entity @s[tag=aj.folklore_microphone.bone.left_straight] run data modify entity @s {} merge value {transformation:[-0.7844470842486807f,-0.08161225836521989f,0.6148025791246098f,0.06361522177917994f,-0.2686159118900897f,0.9382096504942813f,-0.21819290455661944f,0.346817386011553f,-0.5590064971833503f,-0.33630654320712683f,-0.7578981759463959f,-0.08912469656988097f,0f,0f,0f,1f],start_interpolation:0}
execute if entity @s[tag=aj.folklore_microphone.bone.left_bend] run data modify entity @s {} merge value {transformation:[-0.7844470842486807f,0.5814992558894242f,-0.2156418034931758f,0.37435459688695744f,-0.2686159118900897f,-0.6319519941689823f,-0.7269677908582347f,0.44192138106464446f,-0.5590064971833503f,-0.512342944194504f,0.6519328520951436f,0.0636149537026726f,0f,0f,0f,1f],start_interpolation:0}
execute if entity @s[tag=aj.folklore_microphone.bone.right_straight] run data modify entity @s {} merge value {transformation:[-0.7551306086093416f,0.09589074692620526f,-0.6485234988766558f,-0.09422596170799036f,0.2651603847059515f,0.9493897661658756f,-0.16837173837106983f,0.34679429643382115f,0.5995562811979182f,-0.29910539372174255f,-0.7423396992770116f,-0.1056557730428074f,0f,0f,0f,1f],start_interpolation:0}
execute if entity @s[tag=aj.folklore_microphone.bone.microphone] run data modify entity @s {} merge value {transformation:[-0.7551306086093416f,0.0845578466144665f,-0.6500982498955137f,-0.10688449213343326f,0.2651603847059515f,0.9463066774954121f,-0.18491523060631365f,0.718007710069436f,0.5995562811979182f,-0.31201545266784253f,-0.737006528446393f,0.2652603054340609f,0f,0f,0f,1f],start_interpolation:0}
execute if entity @s[tag=aj.folklore_microphone.bone.right_bend] run data modify entity @s {} merge value {transformation:[-0.7551306086093416f,-0.6500982498955137f,-0.08455784661446664f,-0.3906859733287463f,0.2651603847059515f,-0.18491523060631343f,-0.9463066774954121f,0.52443935446102f,0.5995562811979182f,-0.7370065284463931f,0.31201545266784236f,-0.0025094279735470293f,0f,0f,0f,1f],start_interpolation:0}