execute if entity @s[tag=aj.folklore_microphone.bone.left_straight] run data modify entity @s {} merge value {transformation:[-0.8005069649201195f,0.34960684506306355f,0.48678912580236366f,-0.10219768609845209f,-0.12517638594431174f,0.6967857675690978f,-0.7062722325810804f,0.5178609233602885f,-0.586105341654808f,-0.6263103447957683f,-0.514019338629887f,0.0003411372998315676f,0f,0f,0f,1f],start_interpolation:0}
execute if entity @s[tag=aj.folklore_microphone.bone.left_bend] run data modify entity @s {} merge value {transformation:[-0.8005069649201195f,0.5879109389538781f,-0.11640157633274467f,0.21264743310135117f,-0.12517638594431174f,-0.3539503984955861f,-0.9268494957687232f,0.5324553371615883f,-0.586105341654808f,-0.7273787481520098f,0.3569323258273419f,0.17236637929841314f,0f,0f,0f,1f],start_interpolation:0}
execute if entity @s[tag=aj.folklore_microphone.bone.right_straight] run data modify entity @s {} merge value {transformation:[-0.7696062562483849f,0.10639289964351667f,-0.6295925358903088f,-0.09451019848142872f,0.2628917692944648f,0.9513672832324079f,-0.16058707928165686f,0.3463585249462057f,0.5818884154033067f,-0.2891035165826107f,-0.7601480307933429f,-0.10268030327145196f,0f,0f,0f,1f],start_interpolation:0}
execute if entity @s[tag=aj.folklore_microphone.bone.microphone] run data modify entity @s {} merge value {transformation:[-0.7696062562483849f,0.09538879066333764f,-0.6313534580242126f,-0.11566814427741545f,0.2628917692944648f,0.9484197544109211f,-0.1771662695897676f,0.714731460372872f,0.5818884154033067f,-0.302325897102637f,-0.7549867044925458f,0.27067220563003036f,0f,0f,0f,1f],start_interpolation:0}
execute if entity @s[tag=aj.folklore_microphone.bone.right_bend] run data modify entity @s {} merge value {transformation:[-0.7696062562483849f,-0.6313534580242126f,-0.09538879066333777f,-0.39301529195992524f,0.2628917692944648f,-0.1771662695897674f,-0.9484197544109211f,0.5241326281234348f,0.5818884154033067f,-0.7549867044925459f,0.30232589710263685f,-0.005847710412753421f,0f,0f,0f,1f],start_interpolation:0}
execute if entity @s[tag=aj.folklore_microphone.bone.head] run data modify entity @s {} merge value {transformation:[-0.934823082290151f,0.0009496274810016528f,0.35511252163953483f,0f,-0.023126681909844356f,0.9977107625227538f,-0.0635483353842258f,0.8125f,-0.35435993199201093f,-0.06761902508845047f,-0.9326610885228915f,0f,0f,0f,0f,1f],start_interpolation:0}