execute if entity @s[tag=aj.folklore_microphone.bone.left_straight] run data modify entity @s {} merge value {transformation:[-0.9961713612015348f,-0.06858211266377721f,0.054213586345622664f,0.014039704350634563f,-0.07716952812852128f,0.39844289233162977f,-0.9139409857746981f,1.159867531593935f,0.04107898550722348f,-0.9146254727335001f,-0.402209847687397f,0.328420579113028f,0f,0f,0f,1f],start_interpolation:0}
execute if entity @s[tag=aj.folklore_microphone.bone.left_bend] run data modify entity @s {} merge value {transformation:[-0.9961713612015348f,-0.032950625347453855f,0.08097453557195032f,0.36655205884720793f,-0.07716952812852128f,-0.10379988237557541f,-0.9915999437007035f,1.1382655684615648f,0.04107898550722348f,-0.9940522323842087f,0.10085968590903349f,0.2020347587657283f,0f,0f,0f,1f],start_interpolation:0}
execute if entity @s[tag=aj.folklore_microphone.bone.right_straight] run data modify entity @s {} merge value {transformation:[-0.8486275486492426f,0.14630011791167222f,-0.50835770789141f,0.0034639416025065706f,0.24217079360728427f,0.9618243026237103f,-0.12746496619083825f,0.8454433144234821f,0.47030265829271634f,-0.2312796713536324f,-0.8516602158263354f,-0.0829596346692323f,0f,0f,0f,1f],start_interpolation:0}
execute if entity @s[tag=aj.folklore_microphone.bone.microphone] run data modify entity @s {} merge value {transformation:[-0.8486275486492426f,0.29227478307476695f,-0.4409157911122885f,-0.08423073505757361f,0.24217079360728427f,0.9556832824340162f,0.1674000310626092f,1.0679486142207453f,0.47030265829271634f,0.03528335095682261f,-0.8817995774256541f,0.3467011229717964f,0f,0f,0f,1f],start_interpolation:0}
execute if entity @s[tag=aj.folklore_microphone.bone.right_bend] run data modify entity @s {} merge value {transformation:[-0.8486275486492426f,-0.44091579111228846f,-0.29227478307476706f,-0.3065758986657904f,0.24217079360728427f,0.16740003106260942f,-0.9556832824340162f,1.0203062106393168f,0.47030265829271634f,-0.8817995774256541f,-0.03528335095682281f,-0.02478972314934401f,0f,0f,0f,1f],start_interpolation:0}
execute if entity @s[tag=aj.folklore_microphone.bone.head] run data modify entity @s {} merge value {transformation:[-1f,-1.53913045501781e-17f,1.2149364415829433e-16f,0f,0f,0.9920708913205254f,0.12567953928344178f,1.310546875f,-1.2246467991473532e-16f,0.12567953928344178f,-0.9920708913205254f,0f,0f,0f,0f,1f],start_interpolation:0}
execute if entity @s[tag=aj.folklore_microphone.bone.hair] run data modify entity @s {} merge value {transformation:[-1f,0f,1.2246467991473532e-16f,-0.010937499999999998f,0f,1f,0f,0.904296875f,-1.2246467991473532e-16f,0f,-1f,-0.007968750000000002f,0f,0f,0f,1f],start_interpolation:0}
execute if entity @s[tag=aj.folklore_microphone.bone.outfit] run data modify entity @s {} merge value {transformation:[-1f,0f,1.2246467991473532e-16f,0f,0f,1f,0f,-0.126953125f,-1.2246467991473532e-16f,0f,-1f,0f,0f,0f,0f,1f],start_interpolation:0}
execute if entity @s[tag=aj.folklore_microphone.bone.chest] run data modify entity @s {} merge value {transformation:[-1f,0f,1.2246467991473532e-16f,-0.010937499999999998f,0f,1f,0f,0.560546875f,-1.2246467991473532e-16f,0f,-1f,-0.007968750000000002f,0f,0f,0f,1f],start_interpolation:0}
execute if entity @s[tag=aj.folklore_microphone.bone.right_leg] run data modify entity @s {} merge value {transformation:[-1f,-3.0080340833254466e-17f,1.1871297705800248e-16f,0.10625000000000001f,0f,0.9693650213323145f,0.24562462298678747f,0.5859375f,-1.2246467991473532e-16f,0.24562462298678747f,-0.9693650213323145f,-0.062499999999999986f,0f,0f,0f,1f],start_interpolation:0}
execute if entity @s[tag=aj.folklore_microphone.bone.left_leg] run data modify entity @s {} merge value {transformation:[-1f,-3.0080340833254466e-17f,1.1871297705800248e-16f,-0.10624999999999998f,0f,0.9693650213323145f,0.24562462298678747f,0.5859375f,-1.2246467991473532e-16f,0.24562462298678747f,-0.9693650213323145f,-0.06250000000000001f,0f,0f,0f,1f],start_interpolation:0}
execute if entity @s[tag=aj.folklore_microphone.bone.waist] run data modify entity @s {} merge value {transformation:[-1f,0f,1.2246467991473532e-16f,0f,0f,1f,0f,1.373046875f,-1.2246467991473532e-16f,0f,-1f,0f,0f,0f,0f,1f],start_interpolation:0}