execute if entity @s[tag=aj.folklore_microphone.bone.left_straight] run data modify entity @s {} merge value {transformation:[-0.9923108315889339f,0.025385845992499184f,0.12113947471622807f,-0.02465315038191268f,-0.10900675586769204f,0.28432894149707344f,-0.9525096221048664f,0.696850741778468f,-0.05862372119270436f,-0.9583906363536735f,-0.2793754596651631f,0.3033179635113771f,0f,0f,0f,1f],start_interpolation:0}
execute if entity @s[tag=aj.folklore_microphone.bone.left_bend] run data modify entity @s {} merge value {transformation:[-0.9923108315889339f,0.08875604811999445f,0.08626457809205224f,0.3342303077528128f,-0.10900675586769204f,-0.2965860824645955f,-0.9487645771546838f,0.6871266469385974f,-0.05862372119270436f,-0.9508727883425973f,0.3039805909973443f,0.29689648863262763f,0f,0f,0f,1f],start_interpolation:0}
execute if entity @s[tag=aj.folklore_microphone.bone.right_straight] run data modify entity @s {} merge value {transformation:[-0.7456384473426058f,0.10814208879736618f,-0.657516991776677f,-0.10164204019494649f,0.2664308762139255f,0.9528196934512322f,-0.1454277139041243f,0.3437911978215347f,0.610768281793012f,-0.28361932304066045f,-0.7392713882963208f,-0.1155554382129472f,0f,0f,0f,1f],start_interpolation:0}
execute if entity @s[tag=aj.folklore_microphone.bone.microphone] run data modify entity @s {} merge value {transformation:[-0.7456384473426058f,0.09665036445353774f,-0.6593041884407428f,-0.10525637649979064f,0.2664308762139255f,0.950136510826534f,-0.16203456111046066f,0.708685229127985f,0.610768281793012f,-0.2964781911800226f,-0.734208953983969f,0.2617742009862534f,0f,0f,0f,1f],start_interpolation:0}
execute if entity @s[tag=aj.folklore_microphone.bone.right_bend] run data modify entity @s {} merge value {transformation:[-0.7456384473426058f,-0.6593041884407428f,-0.09665036445353789f,-0.39437442443978865f,0.2664308762139255f,-0.16203456111046044f,-0.950136510826534f,0.5242024066993721f,0.610768281793012f,-0.7342089539839691f,0.29647819118002244f,-0.006720606663576392f,0f,0f,0f,1f],start_interpolation:0}