execute if entity @s[tag=aj.folklore_microphone.bone.left_straight] run data modify entity @s {} merge value {transformation:[-0.9401653037359935f,-0.2682637577026516f,0.21005655894130057f,0.1027826782111495f,-0.3247078303422621f,0.5186839971717827f,-0.7909056429134406f,0.5207192158615366f,0.10321834413236718f,-0.8117890534992173f,-0.5747560404670986f,0.32002067999711714f,0f,0f,0f,1f],start_interpolation:0}
execute if entity @s[tag=aj.folklore_microphone.bone.left_bend] run data modify entity @s {} merge value {transformation:[-0.93565554950041f,0.07369206873147395f,0.34513500502725236f,0.44434890913849434f,-0.3434375203196768f,-0.41524079220670085f,-0.8423928739752152f,0.5992435010605814f,0.08123645933789456f,-0.9067218776965883f,0.4138309729595109f,0.24192089506220654f,0f,0f,0f,1f],start_interpolation:0}
execute if entity @s[tag=aj.folklore_microphone.bone.right_straight] run data modify entity @s {} merge value {transformation:[-0.7739043865708395f,0.39352033226552274f,-0.49619930324421585f,-0.2116157068422464f,0.26213812179253204f,0.9122894386848333f,0.3146610639516678f,0.33583613770693566f,0.5765029102697542f,0.11344482428804131f,-0.8091814792076987f,-0.2542015666977238f,0f,0f,0f,1f],start_interpolation:0}
execute if entity @s[tag=aj.folklore_microphone.bone.microphone] run data modify entity @s {} merge value {transformation:[-0.7739043865708395f,0.3848005252987452f,-0.5029916064669693f,-0.20917722536111572f,0.26213812179253204f,0.9176420853626212f,0.2986914934751638f,0.5379109237019009f,0.5765029102697542f,0.09930538203516477f,-0.811038122130738f,0.2302550451896066f,0f,0f,0f,1f],start_interpolation:0}
execute if entity @s[tag=aj.folklore_microphone.bone.right_bend] run data modify entity @s {} merge value {transformation:[-0.7739043865708395f,-0.5029916064669692f,-0.3848005252987453f,-0.46870407063773023f,0.26213812179253204f,0.29869149347516405f,-0.917642085362621f,0.5498526581142704f,0.5765029102697542f,-0.811038122130738f,-0.09930538203516495f,-0.1193387629803521f,0f,0f,0f,1f],start_interpolation:0}
execute if entity @s[tag=aj.folklore_microphone.bone.head] run data modify entity @s {} merge value {transformation:[-0.9175923461791018f,0.12961592411473105f,-0.37579781591890027f,0f,0.0015613877961157818f,0.9465172193177293f,0.3226495244118357f,0.8125f,0.3975196200210519f,0.295473967975045f,-0.8687193366947696f,0f,0f,0f,0f,1f],start_interpolation:0}