execute if entity @s[tag=aj.folklore_microphone.bone.left_straight] run data modify entity @s {} merge value {transformation:[-0.8594210734888006f,0.40187426936873655f,0.3160577321672445f,-0.13403721459068946f,-0.18138975747996028f,0.3383011734358675f,-0.9233905305629229f,0.7287240836821873f,-0.4780095964776426f,-0.8509109164132631f,-0.21784728137854278f,0.10956343592214927f,0f,0f,0f,1f],start_interpolation:0}
execute if entity @s[tag=aj.folklore_microphone.bone.left_bend] run data modify entity @s {} merge value {transformation:[-0.8594210734888006f,0.5100713859940031f,0.034965692235590984f,0.21794096729812518f,-0.18138975747996028f,-0.24025357506622436f,-0.9536120676403268f,0.7414496710811335f,-0.4780095964776426f,-0.8258967252980572f,0.2990007103958562f,0.21391644940129773f,0f,0f,0f,1f],start_interpolation:0}
execute if entity @s[tag=aj.folklore_microphone.bone.right_straight] run data modify entity @s {} merge value {transformation:[-0.9899821372269436f,0.11421266935454263f,-0.08301104824348872f,0.039747716895484675f,0.11728164834557028f,0.9925479228077352f,-0.033070166183377415f,0.4519570669466798f,0.07861541154836556f,-0.04247454636556019f,-0.9959997640452135f,-0.01789219280619532f,0f,0f,0f,1f],start_interpolation:0}
execute if entity @s[tag=aj.folklore_microphone.bone.microphone] run data modify entity @s {} merge value {transformation:[-0.9899821372269436f,0.10437272201051395f,0.0950878692141583f,-0.3087559570652713f,0.11728164834557028f,0.23290285926552148f,0.9654021302583141f,0.22202844173802522f,0.07861541154836556f,0.9668829262356745f,-0.2428106752616541f,0.13893451514286484f,0f,0f,0f,1f],start_interpolation:0}
execute if entity @s[tag=aj.folklore_microphone.bone.right_bend] run data modify entity @s {} merge value {transformation:[-0.9899821372269436f,0.09508786921415832f,-0.10437272201051392f,-0.2843594939218412f,0.11728164834557028f,0.9654021302583141f,-0.23290285926552126f,0.5967129944008682f,0.07861541154836556f,-0.24281067526165387f,-0.9668829262356745f,-0.08181175941849153f,0f,0f,0f,1f],start_interpolation:0}
execute if entity @s[tag=aj.folklore_microphone.bone.head] run data modify entity @s {} merge value {transformation:[-1f,-6.679839473370142e-17f,1.0264293588756698e-16f,0f,0f,0.8381431769472716f,0.5454502864026515f,0.892548828125f,-1.2246467991473532e-16f,0.5454502864026515f,-0.8381431769472716f,0f,0f,0f,0f,1f],start_interpolation:0}
execute if entity @s[tag=aj.folklore_microphone.bone.hair] run data modify entity @s {} merge value {transformation:[-1f,0f,1.2246467991473532e-16f,-0.010937499999999998f,0f,1f,0f,0.486298828125f,-1.2246467991473532e-16f,0f,-1f,-0.007968750000000002f,0f,0f,0f,1f],start_interpolation:0}
execute if entity @s[tag=aj.folklore_microphone.bone.outfit] run data modify entity @s {} merge value {transformation:[-1f,0f,1.2246467991473532e-16f,0f,0f,1f,0f,-0.544951171875f,-1.2246467991473532e-16f,0f,-1f,0f,0f,0f,0f,1f],start_interpolation:0}
execute if entity @s[tag=aj.folklore_microphone.bone.chest] run data modify entity @s {} merge value {transformation:[-1f,0f,1.2246467991473532e-16f,-0.010937499999999998f,0f,1f,0f,0.14254882812500003f,-1.2246467991473532e-16f,0f,-1f,-0.007968750000000002f,0f,0f,0f,1f],start_interpolation:0}
execute if entity @s[tag=aj.folklore_microphone.bone.right_leg] run data modify entity @s {} merge value {transformation:[-1f,-1.0714578561510821e-16f,5.930749068658903e-17f,0.10625000000000001f,0f,0.48428241292004526f,0.8749117352832447f,0.2515390625000001f,-1.2246467991473532e-16f,0.8749117352832447f,-0.48428241292004526f,-0.062499999999999986f,0f,0f,0f,1f],start_interpolation:0}
execute if entity @s[tag=aj.folklore_microphone.bone.left_leg] run data modify entity @s {} merge value {transformation:[-1f,-1.0714578561510821e-16f,5.930749068658903e-17f,-0.10624999999999998f,0f,0.48428241292004526f,0.8749117352832447f,0.2515390625000001f,-1.2246467991473532e-16f,0.8749117352832447f,-0.48428241292004526f,-0.06250000000000001f,0f,0f,0f,1f],start_interpolation:0}
execute if entity @s[tag=aj.folklore_microphone.bone.waist] run data modify entity @s {} merge value {transformation:[-1f,0f,1.2246467991473532e-16f,0f,0f,1f,0f,0.955048828125f,-1.2246467991473532e-16f,0f,-1f,0f,0f,0f,0f,1f],start_interpolation:0}