execute if entity @s[tag=aj.folklore_microphone.bone.left_straight] run data modify entity @s {} merge value {transformation:[-0.9499019104682906f,0.29989059824460934f,0.08804538359949336f,-0.11417716551341778f,-0.14823021298051192f,-0.18425391715834305f,-0.9716369167397656f,1.026807564848298f,-0.27516206942172045f,-0.9360107494555265f,0.2194759951686276f,0.19063931855446087f,0f,0f,0f,1f],start_interpolation:0}
execute if entity @s[tag=aj.folklore_microphone.bone.left_bend] run data modify entity @s {} merge value {transformation:[-0.9499019104682906f,0.275196242849094f,-0.1481667587903377f,0.2612114818921305f,-0.14823021298051192f,-0.8140199723664269f,-0.5616042098741012f,0.9657989222634229f,-0.27516206942172045f,-0.5115061216743199f,0.8140315245991718f,0.21661830163302698f,0f,0f,0f,1f],start_interpolation:0}
execute if entity @s[tag=aj.folklore_microphone.bone.right_straight] run data modify entity @s {} merge value {transformation:[-0.9765181517906617f,0.13452861405446317f,-0.16826868759200397f,0.03204351131697658f,0.1466000741253782f,0.9872855615497248f,-0.06144622219370534f,0.5269872470336296f,0.15786297060990506f,-0.08467155340508337f,-0.9838241766465116f,-0.02857938082888417f,0f,0f,0f,1f],start_interpolation:0}
execute if entity @s[tag=aj.folklore_microphone.bone.microphone] run data modify entity @s {} merge value {transformation:[-0.9765181517906617f,0.20793403182566356f,0.05635368339402553f,-0.28812377710421316f,0.1466000741253782f,0.44969080159994546f,0.8810712804437745f,0.3657552551267028f,0.15786297060990506f,0.8686435525375886f,-0.46961437493447084f,0.2334355366165794f,0f,0f,0f,1f],start_interpolation:0}
execute if entity @s[tag=aj.folklore_microphone.bone.right_bend] run data modify entity @s {} merge value {transformation:[-0.9765181517906617f,0.05635368339402558f,-0.20793403182566356f,-0.2926741672711477f,0.1466000741253782f,0.8810712804437746f,-0.44969080159994523f,0.6784910087504294f,0.15786297060990506f,-0.46961437493447067f,-0.8686435525375887f,-0.0696952297294147f,0f,0f,0f,1f],start_interpolation:0}
execute if entity @s[tag=aj.folklore_microphone.bone.head] run data modify entity @s {} merge value {transformation:[-1f,-5.617262536394193e-17f,1.0882202895710411e-16f,0f,0f,0.8885993008994123f,0.45868429495795443f,0.97375f,-1.2246467991473532e-16f,0.45868429495795443f,-0.8885993008994123f,0f,0f,0f,0f,1f],start_interpolation:0}
execute if entity @s[tag=aj.folklore_microphone.bone.hair] run data modify entity @s {} merge value {transformation:[-1f,0f,1.2246467991473532e-16f,-0.010937499999999998f,0f,1f,0f,0.5675f,-1.2246467991473532e-16f,0f,-1f,-0.007968750000000002f,0f,0f,0f,1f],start_interpolation:0}
execute if entity @s[tag=aj.folklore_microphone.bone.outfit] run data modify entity @s {} merge value {transformation:[-1f,0f,1.2246467991473532e-16f,0f,0f,1f,0f,-0.46375f,-1.2246467991473532e-16f,0f,-1f,0f,0f,0f,0f,1f],start_interpolation:0}
execute if entity @s[tag=aj.folklore_microphone.bone.chest] run data modify entity @s {} merge value {transformation:[-1f,0f,1.2246467991473532e-16f,-0.010937499999999998f,0f,1f,0f,0.22375f,-1.2246467991473532e-16f,0f,-1f,-0.007968750000000002f,0f,0f,0f,1f],start_interpolation:0}
execute if entity @s[tag=aj.folklore_microphone.bone.right_leg] run data modify entity @s {} merge value {transformation:[-1f,-9.642447648113975e-17f,7.549780236508018e-17f,0.10625000000000001f,0f,0.6164863405321819f,0.7873656024600254f,0.3165f,-1.2246467991473532e-16f,0.7873656024600254f,-0.6164863405321819f,-0.062499999999999986f,0f,0f,0f,1f],start_interpolation:0}
execute if entity @s[tag=aj.folklore_microphone.bone.left_leg] run data modify entity @s {} merge value {transformation:[-1f,-9.642447648113975e-17f,7.549780236508018e-17f,-0.10624999999999998f,0f,0.6164863405321819f,0.7873656024600254f,0.3165f,-1.2246467991473532e-16f,0.7873656024600254f,-0.6164863405321819f,-0.06250000000000001f,0f,0f,0f,1f],start_interpolation:0}
execute if entity @s[tag=aj.folklore_microphone.bone.waist] run data modify entity @s {} merge value {transformation:[-1f,0f,1.2246467991473532e-16f,0f,0f,1f,0f,1.03625f,-1.2246467991473532e-16f,0f,-1f,0f,0f,0f,0f,1f],start_interpolation:0}