execute if entity @s[tag=aj.folklore_microphone.bone.left_straight] run data modify entity @s {} merge value {transformation:[-0.9112441851562705f,0.09867340851241323f,0.399871971350115f,-0.039498386158860754f,-0.20805263954983966f,0.7276207917416033f,-0.6536681746893196f,0.4736486152608219f,-0.3554548272217291f,-0.6788457423287448f,-0.6425109523789505f,0.10951426649409622f,0f,0f,0f,1f],start_interpolation:0}
execute if entity @s[tag=aj.folklore_microphone.bone.left_bend] run data modify entity @s {} merge value {transformation:[-0.9112441851562705f,0.4116112667106128f,-0.014498280441814088f,0.30674747180784506f,-0.20805263954983966f,-0.4904058868290922f,-0.8462955543660359f,0.5208922030968988f,-0.3554548272217291f,-0.7681654973247993f,0.5325163232470103f,0.19206715337327934f,0f,0f,0f,1f],start_interpolation:0}
execute if entity @s[tag=aj.folklore_microphone.bone.right_straight] run data modify entity @s {} merge value {transformation:[-0.7454125150932539f,0.09832002966461349f,-0.6593127892807018f,-0.09781325827510087f,0.26645908676395597f,0.9505566555251714f,-0.159504231033911f,0.3454263462689349f,0.6110316991967506f,-0.29457633374653536f,-0.7347550926486878f,-0.1116435444161374f,0f,0f,0f,1f],start_interpolation:0}
execute if entity @s[tag=aj.folklore_microphone.bone.microphone] run data modify entity @s {} merge value {transformation:[-0.7454125150932539f,0.08679846028004587f,-0.6609282938680738f,-0.10312092877562373f,0.26645908676395597f,0.9476281484739403f,-0.17606943886083878f,0.7144261170150028f,0.6110316991967506f,-0.30735471285286214f,-0.7295021199858617f,0.2616517434611723f,0f,0f,0f,1f],start_interpolation:0}
execute if entity @s[tag=aj.folklore_microphone.bone.right_bend] run data modify entity @s {} merge value {transformation:[-0.7454125150932539f,-0.6609282938680738f,-0.08679846028004602f,-0.39169878291549254f,0.26645908676395597f,-0.17606943886083856f,-0.9476281484739403f,0.524391922962252f,0.6110316991967506f,-0.7295021199858618f,0.307354712852862f,-0.0035320538220163927f,0f,0f,0f,1f],start_interpolation:0}