execute if entity @s[tag=aj.folklore_microphone.bone.left_straight] run data modify entity @s {} merge value {transformation:[-0.815072369903902f,0.5237974637356768f,0.2475747337740849f,-0.1618180580989831f,-0.03702633949637654f,0.3793565935422233f,-0.9245093969882292f,0.6840311932667817f,-0.5781747849938942f,-0.7627088513450676f,-0.28980877501751307f,0.04378194560636563f,0f,0f,0f,1f],start_interpolation:0}
execute if entity @s[tag=aj.folklore_microphone.bone.left_bend] run data modify entity @s {} merge value {transformation:[-0.8133899840961083f,0.5752777580180641f,0.08632632797612835f,0.1473259510991212f,-0.040737091292475054f,0.09170434142487294f,-0.994952663776955f,0.6514912774216662f,-0.5802906368063859f,-0.8128012148696259f,-0.05115625026620926f,0.2235158192544004f,0f,0f,0f,1f],start_interpolation:0}
execute if entity @s[tag=aj.folklore_microphone.bone.right_straight] run data modify entity @s {} merge value {transformation:[-0.7739043865708405f,0.08431420360022013f,-0.6276648114381367f,-0.08462935349074158f,0.2621381217925294f,0.9448562832554583f,-0.19629113351286692f,0.3510793474538072f,0.5765029102697541f,-0.3164454440562255f,-0.7533303892626144f,-0.09066471746288826f,0f,0f,0f,1f],start_interpolation:0}
execute if entity @s[tag=aj.folklore_microphone.bone.microphone] run data modify entity @s {} merge value {transformation:[-0.7739043865708405f,0.07334710074302744f,-0.6290407007968588f,-0.11314758037282963f,0.2621381217925294f,0.9412866244249027f,-0.21275125330267095f,0.7294083236646782f,0.5765029102697541f,-0.329544676017326f,-0.7476929188905962f,0.272091771966222f,0f,0f,0f,1f],start_interpolation:0}
execute if entity @s[tag=aj.folklore_microphone.bone.right_bend] run data modify entity @s {} merge value {transformation:[-0.7739043865708405f,-0.6290407007968588f,-0.07334710074302758f,-0.386814413233753f,0.2621381217925294f,-0.21275125330267072f,-0.9412866244249027f,0.5248277482972985f,0.5765029102697541f,-0.7476929188905963f,0.32954467601732584f,0.001969814463680955f,0f,0f,0f,1f],start_interpolation:0}
execute if entity @s[tag=aj.folklore_microphone.bone.head] run data modify entity @s {} merge value {transformation:[-0.9802715711077785f,-0.005023520980510958f,0.19759152591861295f,0f,-0.011664949936258108f,0.9994048849581683f,-0.032462360738784064f,0.8125f,-0.19731086087915212f,-0.03412682462094479f,-0.9797467958714737f,0f,0f,0f,0f,1f],start_interpolation:0}