execute if entity @s[tag=aj.folklore_microphone.bone.left_straight] run data modify entity @s {} merge value {transformation:[-0.8899766410810159f,0.42913480070649745f,0.15422354279664063f,-0.14661332772531988f,-0.041604862488239996f,0.26038000769214287f,-0.9646093960829814f,0.7306973784856471f,-0.45410418820738385f,-0.8648962795716226f,-0.21387803027819038f,0.12324526541780491f,0f,0f,0f,1f],start_interpolation:0}
execute if entity @s[tag=aj.folklore_microphone.bone.left_bend] run data modify entity @s {} merge value {transformation:[-0.8899766410810159f,0.455892114362302f,-0.010195998843775894f,0.18282444973506345f,-0.041604862488239996f,-0.10344504192883575f,-0.9937646394985464f,0.6961074971154464f,-0.45410418820738385f,-0.8840031127561776f,0.1110309996798266f,0.26183610483935854f,0f,0f,0f,1f],start_interpolation:0}
execute if entity @s[tag=aj.folklore_microphone.bone.right_straight] run data modify entity @s {} merge value {transformation:[-0.7739043865708405f,0.09471877049805862f,-0.6261791716128438f,-0.08874213696037703f,0.2621381217925295f,0.9479836448312308f,-0.18058409186741775f,0.34901097022846694f,0.5765029102697541f,-0.3039002527932991f,-0.7584781017291619f,-0.09524526788183083f,0f,0f,0f,1f],start_interpolation:0}
execute if entity @s[tag=aj.folklore_microphone.bone.microphone] run data modify entity @s {} merge value {transformation:[-0.7739043865708405f,0.08377601096498218f,-0.6277368719720121f,-0.11525018867393233f,0.2621381217925295f,0.9446876353630832f,-0.19710118390103984f,0.722913714363247f,0.5765029102697541f,-0.3170912354179814f,-0.7530587911123554f,0.27222232967070026f,0f,0f,0f,1f],start_interpolation:0}
execute if entity @s[tag=aj.folklore_microphone.bone.right_bend] run data modify entity @s {} merge value {transformation:[-0.7739043865708405f,-0.6277368719720121f,-0.08377601096498231f,-0.3896617571576739f,0.2621381217925295f,-0.19710118390103962f,-0.9446876353630832f,0.5244487959104571f,0.5765029102697541f,-0.7530587911123555f,0.31709123541798123f,-0.0016801828709000488f,0f,0f,0f,1f],start_interpolation:0}
execute if entity @s[tag=aj.folklore_microphone.bone.head] run data modify entity @s {} merge value {transformation:[-0.9360521943318452f,0.0006674588775098946f,0.3518605462185047f,0f,-0.021580386381897635f,0.9980067153421142f,-0.05930331403599845f,0.8125f,-0.3511987705134312f,-0.06310428377448775f,-0.9341719718334325f,0f,0f,0f,0f,1f],start_interpolation:0}