execute if entity @s[tag=aj.folklore_microphone.bone.left_straight] run data modify entity @s {} merge value {transformation:[-0.9961946980917455f,-0.08715574274765818f,1.2246467991473532e-16f,0.02418504333530158f,-0.08715574274765818f,0.9961946980917455f,0f,0.3768115019836386f,-1.2199866483456202e-16f,-1.0673500138322974e-17f,-1f,-0.007968749999999997f,0f,0f,0f,1f],start_interpolation:0}
execute if entity @s[tag=aj.folklore_microphone.bone.left_bend] run data modify entity @s {} merge value {transformation:[-0.9961946980917455f,-0.08715574274765818f,1.2246467991473532e-16f,0.3764334035303718f,-0.08715574274765818f,0.9961946980917455f,0f,0.42017698821559535f,-1.2199866483456202e-16f,-1.0673500138322974e-17f,-1f,-0.06249999999999995f,0f,0f,0f,1f],start_interpolation:0}
execute if entity @s[tag=aj.folklore_microphone.bone.right_straight] run data modify entity @s {} merge value {transformation:[-0.9143533835283382f,0.15477729506517085f,-0.37416824953834416f,-0.07901410402459086f,0.20938655657524594f,0.9716549024919071f,-0.10974525223900947f,0.3535318077103454f,0.34657634073294863f,-0.1786917440615305f,-0.9208442325650997f,-0.058387100519275856f,0f,0f,0f,1f],start_interpolation:0}
execute if entity @s[tag=aj.folklore_microphone.bone.microphone] run data modify entity @s {} merge value {transformation:[-0.9143533835283382f,0.40005997238489666f,0.0625292613555863f,-0.37291905236045886f,0.20938655657524594f,0.33497407108531835f,0.9186673182529621f,0.17730672859720414f,0.34657634073294863f,0.8530793575019404f,-0.3900518553323844f,0.22594038225892268f,0f,0f,0f,1f],start_interpolation:0}
execute if entity @s[tag=aj.folklore_microphone.bone.right_bend] run data modify entity @s {} merge value {transformation:[-0.9143533835283382f,0.06252926135558638f,-0.40005997238489666f,-0.39849019298807387f,0.20938655657524594f,0.9186673182529622f,-0.3349740710853181f,0.5200789411119693f,0.34657634073294863f,-0.39005185533238423f,-0.8530793575019405f,-0.041577740950546255f,0f,0f,0f,1f],start_interpolation:0}
execute if entity @s[tag=aj.folklore_microphone.bone.head] run data modify entity @s {} merge value {transformation:[-1f,-1.155923699230686e-16f,4.0447519604878696e-17f,0f,0f,0.3302790619551681f,0.9438833303083672f,0.8125f,-1.2246467991473532e-16f,0.9438833303083672f,-0.3302790619551681f,0f,0f,0f,0f,1f],start_interpolation:0}