execute if entity @s[tag=aj.folklore_microphone.bone.left_bend] run data modify entity @s {} merge value {transformation:[-0.9204365873088824f,0.26702827775435456f,0.2854687156637682f,0.3459558612300571f,-0.21600710725945355f,0.2612057263819475f,-0.9408041762867987f,0.45277933702066775f,-0.32578738213224445f,-0.9276138568309673f,-0.18274330154234547f,0.09357415277254709f,0f,0f,0f,1f],start_interpolation:0}
execute if entity @s[tag=aj.folklore_microphone.bone.right_straight] run data modify entity @s {} merge value {transformation:[-0.7739043865708406f,0.07009027939784385f,-0.6294119105802995f,-0.07902231136222465f,0.2621381217925292f,0.9401728410845944f,-0.21762038964675876f,0.35405729229356836f,0.5765029102697539f,-0.3334102302282492f,-0.7459772200474019f,-0.08449184032999608f,0f,0f,0f,1f],start_interpolation:0}
execute if entity @s[tag=aj.folklore_microphone.bone.microphone] run data modify entity @s {} merge value {transformation:[-0.7739043865708406f,0.05909485182888706f,-0.6305392921410471f,-0.110382201040985f,0.2621381217925292f,0.9362316487179126f,-0.23399552355125153f,0.738291918856135f,0.5765029102697539f,-0.34637854787249894f,-0.7400447932552752f,0.27176464480095164f,0f,0f,0f,1f],start_interpolation:0}
execute if entity @s[tag=aj.folklore_microphone.bone.right_bend] run data modify entity @s {} merge value {transformation:[-0.7739043865708406f,-0.6305392921410471f,-0.0590948518288872f,-0.3829129811631597f,0.2621381217925292f,-0.23399552355125133f,-0.9362316487179126f,0.5254637913968859f,0.5765029102697539f,-0.7400447932552753f,0.3463785478724988f,0.006917932155750442f,0f,0f,0f,1f],start_interpolation:0}
execute if entity @s[tag=aj.folklore_microphone.bone.head] run data modify entity @s {} merge value {transformation:[-0.9996684358534508f,0.0014285519057487f,-0.025709484587749683f,0f,0.001843603104470815f,0.9998682447391892f,-0.016127439033091148f,0.8125f,0.025683058344136946f,-0.016169489838132434f,-0.9995393579606889f,0f,0f,0f,0f,1f],start_interpolation:0}