execute if entity @s[tag=aj.folklore_microphone.bone.left_straight] run data modify entity @s {} merge value {transformation:[-0.9409570061710899f,-0.2898055802304645f,0.1749646770203155f,0.11276293166923246f,-0.21941030997366254f,0.1285055586897319f,-0.9671325851521606f,0.7188709504730242f,0.25779648642834685f,-0.9484192359147527f,-0.18450453797149677f,0.4065109082832792f,0f,0f,0f,1f],start_interpolation:0}
execute if entity @s[tag=aj.folklore_microphone.bone.left_bend] run data modify entity @s {} merge value {transformation:[-0.9409570061710899f,-0.2539381476487709f,0.22386453427519634f,0.4524270925864242f,-0.21941030997366254f,-0.04611277836963468f,-0.9745423169612977f,0.7455604154913504f,0.25779648642834685f,-0.9661206078123702f,-0.0123265058088321f,0.2931572134680323f,0f,0f,0f,1f],start_interpolation:0}
execute if entity @s[tag=aj.folklore_microphone.bone.right_straight] run data modify entity @s {} merge value {transformation:[-0.7739043865708398f,0.3008059968694388f,-0.5573040038379369f,-0.17235678617201242f,0.2621381217925311f,0.9532249692141604f,0.15048509284891645f,0.3289263405510186f,0.5765029102697541f,-0.0296295513642378f,-0.8165577041069773f,-0.1983580113684268f,0f,0f,0f,1f],start_interpolation:0}
execute if entity @s[tag=aj.folklore_microphone.bone.microphone] run data modify entity @s {} merge value {transformation:[-0.7739043865708398f,0.29103388667502395f,-0.5624689122549276f,-0.17205227565574305f,0.2621381217925311f,0.9557061154374519f,0.13382610365149195f,0.5949553565512797f,0.5765029102697541f,-0.04387593557162123f,-0.8159162314405927f,0.2541536946099649f,0f,0f,0f,1f],start_interpolation:0}
execute if entity @s[tag=aj.folklore_microphone.bone.right_bend] run data modify entity @s {} merge value {transformation:[-0.7739043865708398f,-0.5624689122549275f,-0.29103388667502406f,-0.4448274179992482f,0.2621381217925311f,0.13382610365149217f,-0.9557061154374519f,0.5333369645888402f,0.5765029102697541f,-0.8159162314405927f,0.04387593557162105f,-0.07977670928016445f,0f,0f,0f,1f],start_interpolation:0}
execute if entity @s[tag=aj.folklore_microphone.bone.head] run data modify entity @s {} merge value {transformation:[-0.8878342371739366f,-0.031565453345517885f,-0.4590795023270655f,0f,-0.004293184371878936f,0.9981692851479901f,-0.0603294849563593f,0.8125f,0.4601433862066511f,-0.05159166931048522f,-0.8863443821608136f,0f,0f,0f,0f,1f],start_interpolation:0}