execute if entity @s[tag=aj.folklore_microphone.bone.left_straight] run data modify entity @s {} merge value {transformation:[-0.9793038882678987f,0.08029773680948185f,0.185785273600063f,-0.04484332408469793f,-0.140477514276839f,0.3911561520336885f,-0.9095399566312624f,0.6419497235019279f,-0.1457050527812113f,-0.9168146694885905f,-0.3717807141374486f,0.2613595905863007f,0f,0f,0f,1f],start_interpolation:0}
execute if entity @s[tag=aj.folklore_microphone.bone.left_bend] run data modify entity @s {} merge value {transformation:[-0.9793038882678987f,0.191008308297406f,0.06693071480821176f,0.3136383486964443f,-0.140477514276839f,-0.40340166574312813f,-0.9041754055813895f,0.6470664429873667f,-0.1457050527812113f,-0.8948647508070886f,0.42188519215183623f,0.2813055010582215f,0f,0f,0f,1f],start_interpolation:0}
execute if entity @s[tag=aj.folklore_microphone.bone.right_straight] run data modify entity @s {} merge value {transformation:[-0.747850687199868f,0.1108118608926338f,-0.6545533447628213f,-0.10210192718059191f,0.2661497093344673f,0.9533111884984871f,-0.1426958657592456f,0.34354534824864275f,0.6081806326050376f,-0.2809243837211602f,-0.7424269720013025f,-0.11556644727996854f,0f,0f,0f,1f],start_interpolation:0}
execute if entity @s[tag=aj.folklore_microphone.bone.microphone] run data modify entity @s {} merge value {transformation:[-0.747850687199868f,0.09937145270180635f,-0.6563875867523836f,-0.10678259907794213f,0.2661497093344673f,0.950675608340862f,-0.15931170681061302f,0.7075640586884641f,0.6081806326050376f,-0.2938387348422002f,-0.7374110902545957f,0.26259600972563524f,0f,0f,0f,1f],start_interpolation:0}
execute if entity @s[tag=aj.folklore_microphone.bone.right_bend] run data modify entity @s {} merge value {transformation:[-0.747850687199868f,-0.6563875867523836f,-0.0993714527018065f,-0.3950243408346019f,0.2661497093344673f,-0.1593117068106128f,-0.950675608340862f,0.5241510798938819f,0.6081806326050376f,-0.7374110902545958f,0.2938387348422f,-0.007568748652593077f,0f,0f,0f,1f],start_interpolation:0}