execute if entity @s[tag=aj.folklore_microphone.bone.left_bend] run data modify entity @s {} merge value {transformation:[-0.9701021785870939f,0.22347653270936824f,0.0946572893588912f,0.3459558612300571f,-0.1801125424100818f,-0.40151082786576725f,-0.8979691125941485f,0.45277933702066775f,-0.16266909714863076f,-0.8881707574755797f,0.4297574553141626f,0.09357415277254709f,0f,0f,0f,1f],start_interpolation:0}
execute if entity @s[tag=aj.folklore_microphone.bone.right_straight] run data modify entity @s {} merge value {transformation:[-0.7739043865708405f,0.08144516679441356f,-0.6280435377043866f,-0.08349694931178508f,0.26213812179252916f,0.9439494529372715f,-0.200606668389939f,0.3516660757133701f,0.5765029102697542f,-0.3198845340200992f,-0.7518765053818665f,-0.08941135220725929f,0f,0f,0f,1f],start_interpolation:0}
execute if entity @s[tag=aj.folklore_microphone.bone.microphone] run data modify entity @s {} merge value {transformation:[-0.7739043865708405f,0.07047189122069583f,-0.6293692977848455f,-0.11257967523579143f,0.26213812179252916f,0.9403046157526969f,-0.21705030453159582f,0.7311997336158247f,0.5765029102697542f,-0.3329578684187412f,-0.7461792360475813f,0.2720395735077096f,0f,0f,0f,1f],start_interpolation:0}
execute if entity @s[tag=aj.folklore_microphone.bone.right_bend] run data modify entity @s {} merge value {transformation:[-0.7739043865708405f,-0.6293692977848455f,-0.07047189122069597f,-0.38602829756795837f,0.26213812179252916f,-0.2170503045315956f,-0.9403046157526969f,0.5249451000146357f,0.5765029102697542f,-0.7461792360475814f,0.33295786841874103f,0.0029717452311567166f,0f,0f,0f,1f],start_interpolation:0}
execute if entity @s[tag=aj.folklore_microphone.bone.head] run data modify entity @s {} merge value {transformation:[-0.9998051960016137f,0.0006245430656353841f,-0.019727645428032025f,0f,0.0014133077440217515f,0.9991989158927655f,-0.03999411256600999f,0.8125f,0.019686863879137134f,-0.04001420278702497f,-0.9990051506203175f,0f,0f,0f,0f,1f],start_interpolation:0}