execute if entity @s[tag=aj.folklore_microphone.bone.left_straight] run data modify entity @s {} merge value {transformation:[-0.882699139895538f,-0.03196064566750366f,0.46885045116347457f,0.0174853978494508f,-0.2810597719499794f,0.8354866337633199f,-0.4721943343521413f,0.3960598888483455f,-0.3766266493745536f,-0.5485805336788323f,-0.7464661847997834f,0.05719592624037377f,0f,0f,0f,1f],start_interpolation:0}
execute if entity @s[tag=aj.folklore_microphone.bone.left_bend] run data modify entity @s {} merge value {transformation:[-0.8671557128609664f,0.497256201282529f,-0.027879023273032343f,0.3557352421253139f,-0.28966610700100986f,-0.5490963059291847f,-0.7839558618122596f,0.480442512338755f,-0.40513518251007125f,-0.6717361960628534f,0.620190266604966f,0.14321770012956214f,0f,0f,0f,1f],start_interpolation:0}
execute if entity @s[tag=aj.folklore_microphone.bone.right_straight] run data modify entity @s {} merge value {transformation:[-0.7739043865708398f,0.32974655126527647f,-0.5406840226741203f,-0.1844775593482389f,0.2621381217925313f,0.9439740072974827f,0.2004910936920042f,0.3297841985602565f,0.5765029102697541f,0.013427042689602915f,-0.81698476667262f,-0.21501915330875743f,0f,0f,0f,1f],start_interpolation:0}
execute if entity @s[tag=aj.folklore_microphone.bone.microphone] run data modify entity @s {} merge value {transformation:[-0.7739043865708398f,0.3202600919505013f,-0.5463565447125793f,-0.18269810082552956f,0.2621381217925313f,0.9473292875380989f,0.18398593988574746f,0.5771066023923902f,0.5765029102697541f,-0.0008333525150739505f,-0.817094670141771f,0.24797850998799964f,0f,0f,0f,1f],start_interpolation:0}
execute if entity @s[tag=aj.folklore_microphone.bone.right_bend] run data modify entity @s {} merge value {transformation:[-0.7739043865708398f,-0.5463565447125792f,-0.3202600919505014f,-0.4523571352792213f,0.2621381217925313f,0.18398593988574768f,-0.9473292875380989f,0.5374725758982628f,0.5765029102697541f,-0.817094670141771f,0.0008333525150737691f,-0.09176517020656523f,0f,0f,0f,1f],start_interpolation:0}
execute if entity @s[tag=aj.folklore_microphone.bone.head] run data modify entity @s {} merge value {transformation:[-0.9941523701987873f,0.06113202545771089f,-0.08901651695933178f,0f,0.00039767257371304057f,0.8263977143598809f,0.5630867247212359f,0.8125f,0.10798567814602698f,0.5597586025816865f,-0.8215895569876361f,0f,0f,0f,0f,1f],start_interpolation:0}