execute if entity @s[tag=aj.folklore_microphone.bone.left_straight] run data modify entity @s {} merge value {transformation:[-0.9959288576383429f,-0.013163693384250502f,0.08917638532521252f,-0.009255485269468178f,-0.08985584916289252f,0.22383646323335438f,-0.9704757411179318f,0.728063879254949f,-0.007185881602200667f,-0.9745378160459802f,-0.22410802797296336f,0.32480555223743746f,0f,0f,0f,1f],start_interpolation:0}
execute if entity @s[tag=aj.folklore_microphone.bone.left_bend] run data modify entity @s {} merge value {transformation:[-0.9959288576383429f,0.027415266081768204f,0.08587265984497738f,0.34868638501909394f,-0.08985584916289252f,-0.2259891366222313f,-0.9699767195659669f,0.7098113262874921f,-0.007185881602200667f,-0.9737439670233673f,0.2275325246886581f,0.3029516810172426f,0f,0f,0f,1f],start_interpolation:0}
execute if entity @s[tag=aj.folklore_microphone.bone.right_straight] run data modify entity @s {} merge value {transformation:[-0.7442754248814262f,0.10563044371753205f,-0.6594666794293778f,-0.10101608973456078f,0.2665996538612352f,0.9523224513078558f,-0.14834612666351077f,0.3440868525371331f,0.6123550575267931f,-0.28622396492088864f,-0.7369512368035783f,-0.1152007590443464f,0f,0f,0f,1f],start_interpolation:0}
execute if entity @s[tag=aj.folklore_microphone.bone.microphone] run data modify entity @s {} merge value {transformation:[-0.7442754248814262f,0.094105075168074f,-0.6612097448958111f,-0.10414089732659987f,0.2665996538612352f,0.949588411089916f,-0.1649438513094643f,0.7098791920945067f,0.6123550575267931f,-0.29904194413382923f,-0.7318436985928194f,0.26126248488107595f,0f,0f,0f,1f],start_interpolation:0}
execute if entity @s[tag=aj.folklore_microphone.bone.right_bend] run data modify entity @s {} merge value {transformation:[-0.7442754248814262f,-0.6612097448958111f,-0.09410507516807415f,-0.39373680089110663f,0.2665996538612352f,-0.16494385130946407f,-0.949588411089916f,0.5242495017717679f,0.6123550575267931f,-0.7318436985928195f,0.29904194413382906f,-0.0059236859064897285f,0f,0f,0f,1f],start_interpolation:0}