execute if entity @s[tag=aj.folklore_microphone.bone.left_straight] run data modify entity @s {} merge value {transformation:[-0.8992523601175321f,0.38569611354189304f,0.2063581857395721f,-0.13591378529278164f,-0.17078159625531777f,0.12474747262340102f,-0.9773800256064986f,0.8487883083329784f,-0.4027143394560643f,-0.9141534751193332f,-0.046309661235133776f,0.15142205304714718f,0f,0f,0f,1f],start_interpolation:0}
execute if entity @s[tag=aj.folklore_microphone.bone.left_bend] run data modify entity @s {} merge value {transformation:[-0.8992523601175321f,0.4299821478732804f,-0.08037751758625697f,0.2292599887046603f,-0.17078159625531777f,-0.5142748025181249f,-0.8404493285590926f,0.8351818190971656f,-0.4027143394560643f,-0.7420490415095383f,0.5358958674884904f,0.2225093152230207f,0f,0f,0f,1f],start_interpolation:0}
execute if entity @s[tag=aj.folklore_microphone.bone.right_straight] run data modify entity @s {} merge value {transformation:[-0.9857470531982903f,0.12271221555854864f,-0.11508457439465712f,0.03679366331107703f,0.1285113263398985f,0.990714748375573f,-0.04437483919390754f,0.48015197153176065f,0.10857065033077394f,-0.05853203826826246f,-0.9923640533508433f,-0.021837652449970844f,0f,0f,0f,1f],start_interpolation:0}
execute if entity @s[tag=aj.folklore_microphone.bone.microphone] run data modify entity @s {} merge value {transformation:[-0.9857470531982903f,0.1446176592668263f,0.08595626643282744f,-0.3033435305547318f,0.1285113263398985f,0.3175588681807097f,0.9394898638315088f,0.274050680093072f,0.10857065033077394f,0.937145718588081f,-0.3316177257306702f,0.1768542934955784f,0f,0f,0f,1f],start_interpolation:0}
execute if entity @s[tag=aj.folklore_microphone.bone.right_bend] run data modify entity @s {} merge value {transformation:[-0.9857470531982903f,0.08595626643282747f,-0.14461765926682627f,-0.28772572790205436f,0.1285113263398985f,0.9394898638315089f,-0.3175588681807095f,0.6274750437582342f,0.10857065033077394f,-0.33161772573067f,-0.9371457185880812f,-0.07723215352385339f,0f,0f,0f,1f],start_interpolation:0}
execute if entity @s[tag=aj.folklore_microphone.bone.head] run data modify entity @s {} merge value {transformation:[-1f,-6.269416653656642e-17f,1.0519999671532244e-16f,0f,0f,0.8590231631566487f,0.5119367198788789f,0.923154296875f,-1.2246467991473532e-16f,0.5119367198788789f,-0.8590231631566487f,0f,0f,0f,0f,1f],start_interpolation:0}
execute if entity @s[tag=aj.folklore_microphone.bone.hair] run data modify entity @s {} merge value {transformation:[-1f,0f,1.2246467991473532e-16f,-0.010937499999999998f,0f,1f,0f,0.516904296875f,-1.2246467991473532e-16f,0f,-1f,-0.007968750000000002f,0f,0f,0f,1f],start_interpolation:0}
execute if entity @s[tag=aj.folklore_microphone.bone.outfit] run data modify entity @s {} merge value {transformation:[-1f,0f,1.2246467991473532e-16f,0f,0f,1f,0f,-0.514345703125f,-1.2246467991473532e-16f,0f,-1f,0f,0f,0f,0f,1f],start_interpolation:0}
execute if entity @s[tag=aj.folklore_microphone.bone.chest] run data modify entity @s {} merge value {transformation:[-1f,0f,1.2246467991473532e-16f,-0.010937499999999998f,0f,1f,0f,0.17315429687499995f,-1.2246467991473532e-16f,0f,-1f,-0.007968750000000002f,0f,0f,0f,1f],start_interpolation:0}
execute if entity @s[tag=aj.folklore_microphone.bone.right_leg] run data modify entity @s {} merge value {transformation:[-1f,-1.034080432959224e-16f,6.560773131519803e-17f,0.10625000000000001f,0f,0.5357277817643151f,0.8443907530556493f,0.2760234374999999f,-1.2246467991473532e-16f,0.8443907530556493f,-0.5357277817643151f,-0.062499999999999986f,0f,0f,0f,1f],start_interpolation:0}
execute if entity @s[tag=aj.folklore_microphone.bone.left_leg] run data modify entity @s {} merge value {transformation:[-1f,-1.034080432959224e-16f,6.560773131519803e-17f,-0.10624999999999998f,0f,0.5357277817643151f,0.8443907530556493f,0.2760234374999999f,-1.2246467991473532e-16f,0.8443907530556493f,-0.5357277817643151f,-0.06250000000000001f,0f,0f,0f,1f],start_interpolation:0}
execute if entity @s[tag=aj.folklore_microphone.bone.waist] run data modify entity @s {} merge value {transformation:[-1f,0f,1.2246467991473532e-16f,0f,0f,1f,0f,0.985654296875f,-1.2246467991473532e-16f,0f,-1f,0f,0f,0f,0f,1f],start_interpolation:0}