execute if entity @s[tag=aj.folklore_microphone.bone.left_straight] run data modify entity @s {} merge value {transformation:[-0.9319488924517553f,-0.07778607977740469f,0.35414769186147477f,0.02402936680044132f,-0.15379408158064578f,0.9693068024267095f,-0.19181163478807428f,0.37405450395855194f,-0.32835749165918615f,-0.2332244596138474f,-0.9153074396666491f,-0.03867696090317972f,0f,0f,0f,1f],start_interpolation:0}
execute if entity @s[tag=aj.folklore_microphone.bone.left_bend] run data modify entity @s {} merge value {transformation:[-0.9319488924517553f,-0.05078840513169092f,0.3590150411363375f,0.37291977991652675f,-0.15379408158064578f,0.9520307975573836f,-0.26454629268431945f,0.4302599490899839f,-0.32835749165918615f,-0.30175801299457017f,-0.8950550034857391f,0.02495917235519282f,0f,0f,0f,1f],start_interpolation:0}
execute if entity @s[tag=aj.folklore_microphone.bone.right_straight] run data modify entity @s {} merge value {transformation:[-0.9926854434583152f,0.10649594761513022f,-0.05687023375653985f,-0.051537850615356096f,0.10795737097667536f,0.9938832293195887f,-0.023266553871818356f,0.3739594403763072f,0.054044577875791935f,-0.029235930271177803f,-0.9981104367670975f,-0.014729578339249857f,0f,0f,0f,1f],start_interpolation:0}
execute if entity @s[tag=aj.folklore_microphone.bone.microphone] run data modify entity @s {} merge value {transformation:[-0.9926854434583152f,0.057893005898404855f,0.105943429310247f,-0.4098160028276336f,0.10795737097667536f,0.03283519382851341f,0.9936131320076484f,0.10542202180041138f,0.054044577875791935f,0.9977826666736055f,-0.03884499566142652f,0.053882065118645434f,0f,0f,0f,1f],start_interpolation:0}
execute if entity @s[tag=aj.folklore_microphone.bone.right_bend] run data modify entity @s {} merge value {transformation:[-0.9926854434583152f,0.10594342931024701f,-0.057893005898404834f,-0.37514638023534996f,0.10795737097667536f,0.9936131320076484f,-0.03283519382851319f,0.516599147036995f,0.054044577875791935f,-0.038844995661426296f,-0.9977826666736055f,-0.08555970804230051f,0f,0f,0f,1f],start_interpolation:0}
execute if entity @s[tag=aj.folklore_microphone.bone.head] run data modify entity @s {} merge value {transformation:[-1f,-1.1705526953529324e-16f,3.5995301091092754e-17f,0f,0f,0.2939239388544851f,0.9558288121668361f,0.8125f,-1.2246467991473532e-16f,0.9558288121668361f,-0.2939239388544851f,0f,0f,0f,0f,1f],start_interpolation:0}