execute if entity @s[tag=aj.folklore_microphone.bone.left_straight] run data modify entity @s {} merge value {transformation:[-0.7934759351679659f,-0.06868553938121498f,0.6047133510922621f,0.05595387582858302f,-0.2670507581758995f,0.9321407513692731f,-0.24453529846303224f,0.3511607085482045f,-0.5468819185774926f,-0.35552203351780964f,-0.7579737797683784f,-0.07737413482930874f,0f,0f,0f,1f],start_interpolation:0}
execute if entity @s[tag=aj.folklore_microphone.bone.left_bend] run data modify entity @s {} merge value {transformation:[-0.7934759351679659f,0.5741324623055648f,-0.2019105149225051f,0.3695070772679556f,-0.2670507581758995f,-0.6265698567819932f,-0.7321844761601204f,0.44419721823652253f,-0.5468819185774926f,-0.5270504058428774f,0.6504906124102476f,0.07082076256917867f,0f,0f,0f,1f],start_interpolation:0}
execute if entity @s[tag=aj.folklore_microphone.bone.right_straight] run data modify entity @s {} merge value {transformation:[-0.7571490679681735f,0.09632249041131098f,-0.6461015916370189f,-0.09385356343226905f,0.2648684175392211f,0.9493853756327936f,-0.16885535207640998f,0.3469195401479372f,0.5971348342419783f,-0.2989805785925609f,-0.7443390379116647f,-0.10478922465542065f,0f,0f,0f,1f],start_interpolation:0}
execute if entity @s[tag=aj.folklore_microphone.bone.microphone] run data modify entity @s {} merge value {transformation:[-0.7571490679681735f,0.08503179245244778f,-0.6476842464868589f,-0.10787356082864097f,0.2648684175392211f,0.9462938474080853f,-0.1853986940295762f,0.7181948577828555f,0.5971348342419783f,-0.31192554981906734f,-0.739007740896452f,0.26601591597277047f,0f,0f,0f,1f],start_interpolation:0}
execute if entity @s[tag=aj.folklore_microphone.bone.right_bend] run data modify entity @s {} merge value {transformation:[-0.7571490679681735f,-0.6476842464868589f,-0.08503179245244792f,-0.3907303673843027f,0.2648684175392211f,-0.18539869402957598f,-0.9462938474080853f,0.5244254626497415f,0.5971348342419783f,-0.7390077408964522f,0.31192554981906717f,-0.0026066215136835713f,0f,0f,0f,1f],start_interpolation:0}