execute if entity @s[tag=aj.folklore_microphone.bone.left_straight] run data modify entity @s {} merge value {transformation:[-0.8738668965734395f,-0.4382535566647666f,0.21045300459672178f,0.19214732292229025f,-0.273598510941646f,0.08549136757390208f,-0.9580370978625294f,0.7158230837083139f,0.4018712503820341f,-0.8947765341922116f,-0.19461359658398544f,0.4373771388080802f,0f,0f,0f,1f],start_interpolation:0}
execute if entity @s[tag=aj.folklore_microphone.bone.left_bend] run data modify entity @s {} merge value {transformation:[-0.8738668965734395f,-0.331318109730075f,0.3557877980454017f,0.5080950837492875f,-0.273598510941646f,-0.2697892273991499f,-0.9232321634290498f,0.7616907371597866f,0.4018712503820341f,-0.9041250372289552f,0.14511173340609165f,0.2730412003220794f,0f,0f,0f,1f],start_interpolation:0}
execute if entity @s[tag=aj.folklore_microphone.bone.right_straight] run data modify entity @s {} merge value {transformation:[-0.7739043865708405f,0.276227501599788f,-0.569886276204604f,-0.1621464922150277f,0.26213812179252943f,0.958878520632092f,0.10879148759666678f,0.32900919378798243f,0.5765029102697541f,-0.06519470860698597f,-0.8144900517625455f,-0.18468926460376922f,0f,0f,0f,1f],start_interpolation:0}
execute if entity @s[tag=aj.folklore_microphone.bone.microphone] run data modify entity @s {} merge value {transformation:[-0.7739043865708405f,0.2662395438980036f,-0.5746203143915068f,-0.1635998436167273f,0.26213812179252943f,0.9606311520474211f,0.0920401804601099f,0.6101403910496452f,0.5765029102697541f,-0.07939959055957159f,-0.8132281964304215f,0.25859564583659694f,0f,0f,0f,1f],start_interpolation:0}
execute if entity @s[tag=aj.folklore_microphone.bone.right_bend] run data modify entity @s {} merge value {transformation:[-0.7739043865708405f,-0.5746203143915067f,-0.2662395438980037f,-0.4383847200138349f,0.26213812179252943f,0.0920401804601101f,-0.9606311520474211f,0.5304616454365952f,0.5765029102697541f,-0.8132281964304215f,0.07939959055957141f,-0.06982053578626163f,0f,0f,0f,1f],start_interpolation:0}
execute if entity @s[tag=aj.folklore_microphone.bone.head] run data modify entity @s {} merge value {transformation:[-0.9090359997371518f,-0.056960574499638254f,-0.41280630340941754f,0f,-0.005718395125096594f,0.992225866226932f,-0.12431866451747174f,0.8125f,0.41667835453629004f,-0.11064955193260195f,-0.9022947553422019f,0f,0f,0f,0f,1f],start_interpolation:0}