execute if entity @s[tag=aj.folklore_microphone.bone.left_straight] run data modify entity @s {} merge value {transformation:[-0.9636635945790606f,0.22276718932075973f,0.14740168196154615f,-0.09240971503352047f,-0.09928124564289333f,0.2135901686186069f,-0.9718654609219687f,0.7287670312622272f,-0.24798328723234453f,-0.9511855861142998f,-0.18371246561362317f,0.22814591281956192f,0f,0f,0f,1f],start_interpolation:0}
execute if entity @s[tag=aj.folklore_microphone.bone.left_bend] run data modify entity @s {} merge value {transformation:[-0.9636635945790606f,0.2618904581231548f,0.05259148625973706f,0.26021230400471507f,-0.09928124564289333f,-0.16837853214389228f,-0.9807098980721383f,0.7136536867680223f,-0.24798328723234453f,-0.9502957738815387f,0.18826107244018392f,0.2941945947928625f,0f,0f,0f,1f],start_interpolation:0}
execute if entity @s[tag=aj.folklore_microphone.bone.right_straight] run data modify entity @s {} merge value {transformation:[-0.7739043865708405f,0.11336707450690615f,-0.6230729546884191f,-0.09613774065546543f,0.26213812179252943f,0.9529514196825183f,-0.15220774233973083f,0.3455385596634114f,0.5765029102697541f,-0.28112541354850595f,-0.767211115865565f,-0.10359429591206243f,0f,0f,0f,1f],start_interpolation:0}
execute if entity @s[tag=aj.folklore_microphone.bone.microphone] run data modify entity @s {} merge value {transformation:[-0.7739043865708405f,0.10247568570705151f,-0.6249565859203987f,-0.1191891037490877f,0.26213812179252943f,0.9501498891833625f,-0.1688158558546235f,0.7112809785364609f,0.5765029102697541f,-0.29447227700364875f,-0.7621879509194502f,0.27222413341866236f,0f,0f,0f,1f],start_interpolation:0}
execute if entity @s[tag=aj.folklore_microphone.bone.right_bend] run data modify entity @s {} merge value {transformation:[-0.7739043865708405f,-0.6249565859203987f,-0.10247568570705165f,-0.39475124743124634f,0.26213812179252943f,-0.16881585585462328f,-0.9501498891833625f,0.5239538944526829f,0.5765029102697541f,-0.7621879509194504f,0.2944722770036486f,-0.008287341727620738f,0f,0f,0f,1f],start_interpolation:0}
execute if entity @s[tag=aj.folklore_microphone.bone.head] run data modify entity @s {} merge value {transformation:[-0.9628856184958836f,-0.0019952129711904307f,0.2699023986907104f,0f,-0.0230673478454479f,0.9969224162895909f,-0.07492391716068249f,0.8125f,-0.2689222622937282f,-0.0783690948303175f,-0.9599682816730457f,0f,0f,0f,0f,1f],start_interpolation:0}