execute if entity @s[tag=aj.folklore_microphone.bone.left_straight] run data modify entity @s {} merge value {transformation:[-0.853682030745507f,0.49028785890674914f,0.17562689370043222f,-0.15860404465351396f,-0.029825598020902733f,0.2906492254576647f,-0.9563647115214754f,0.7226964215122714f,-0.5199398273694013f,-0.8216695461981629f,-0.2334988924290262f,0.08421377810947393f,0f,0f,0f,1f],start_interpolation:0}
execute if entity @s[tag=aj.folklore_microphone.bone.left_bend] run data modify entity @s {} merge value {transformation:[-0.853682030745507f,0.5207727711304235f,-0.004765630217167777f,0.15989205290996908f,-0.029825598020902733f,-0.05802349164080384f,-0.9978695847256318f,0.6847565404533758f,-0.5199398273694013f,-0.8517211957365796f,0.06506597150683388f,0.24562607982431112f,0f,0f,0f,1f],start_interpolation:0}
execute if entity @s[tag=aj.folklore_microphone.bone.right_straight] run data modify entity @s {} merge value {transformation:[-0.7739043865708404f,0.08745535575466101f,-0.6272348533015659f,-0.08586999610522228f,0.26213812179252943f,0.9458271137419673f,-0.19155854461136618f,0.35044507665175006f,0.5765029102697543f,-0.3126701643271475f,-0.7549051349607699f,-0.09204176550655352f,0f,0f,0f,1f],start_interpolation:0}
execute if entity @s[tag=aj.folklore_microphone.bone.microphone] run data modify entity @s {} merge value {transformation:[-0.7739043865708404f,0.07649527828893114f,-0.6286656288090754f,-0.11377523094191216f,0.26213812179252943f,0.9423399021142359f,-0.20803632852561493f,0.7274472715041175f,0.5765029102697543f,-0.32579745438359636f,-0.7493333124636007f,0.2721409044180367f,0f,0f,0f,1f],start_interpolation:0}
execute if entity @s[tag=aj.folklore_microphone.bone.right_bend] run data modify entity @s {} merge value {transformation:[-0.7739043865708404f,-0.6286656288090754f,-0.07649527828893128f,-0.387674609984939f,0.26213812179252943f,-0.2080363285256147f,-0.9423399021142359f,0.5247056294714101f,0.5765029102697543f,-0.7493333124636008f,0.3257974543835962f,0.0008706039859637804f,0f,0f,0f,1f],start_interpolation:0}
execute if entity @s[tag=aj.folklore_microphone.bone.head] run data modify entity @s {} merge value {transformation:[-0.9642813885209295f,-0.0036481713391830505f,0.26485485571918116f,0f,-0.015601351355552101f,0.9989514644327033f,-0.04304148630842248f,0.8125f,-0.2644201232660421f,-0.0456361978437892f,-0.9633272215910509f,0f,0f,0f,0f,1f],start_interpolation:0}