execute if entity @s[tag=aj.folklore_microphone.bone.left_straight] run data modify entity @s {} merge value {transformation:[-0.9961946980917455f,0.046828746443493365f,0.0735064078868433f,-0.031742342531349055f,-0.08715574274765818f,-0.5352550211218774f,-0.8401820867347286f,1.3285644475961707f,-1.2199866483456202e-16f,-0.8433914458128858f,0.5372996083468238f,0.2350145659848305f,0f,0f,0f,1f],start_interpolation:0}
execute if entity @s[tag=aj.folklore_microphone.bone.left_bend] run data modify entity @s {} merge value {transformation:[-0.9961946980917455f,0.0868240888334652f,0.007596123493895865f,0.3366369638820544f,-0.08715574274765818f,-0.9924038765061042f,-0.08682408883346526f,1.1875523748595487f,-1.2199866483456202e-16f,-0.08715574274765836f,0.9961946980917455f,0.181929086974898f,0f,0f,0f,1f],start_interpolation:0}
execute if entity @s[tag=aj.folklore_microphone.bone.right_straight] run data modify entity @s {} merge value {transformation:[-0.9328429171218076f,0.15360355947688178f,-0.3258988163398395f,0.018712073885841785f,0.19583574630278255f,0.9754416618632762f,-0.10080637267277391f,0.6685868692213979f,0.3024110653493165f,-0.1578591486656444f,-0.9400149130396014f,-0.05071557435194146f,0f,0f,0f,1f],start_interpolation:0}
execute if entity @s[tag=aj.folklore_microphone.bone.microphone] run data modify entity @s {} merge value {transformation:[-0.9328429171218076f,0.33798330738551613f,-0.12478531926642715f,-0.20673312951442085f,0.19583574630278255f,0.7663903239544937f,0.6117959069975528f,0.670561438850661f,0.3024110653493165f,0.5462720524406075f,-0.7811109986913624f,0.3450482094691279f,0f,0f,0f,1f],start_interpolation:0}
execute if entity @s[tag=aj.folklore_microphone.bone.right_bend] run data modify entity @s {} merge value {transformation:[-0.9328429171218076f,-0.12478531926642708f,-0.33798330738551613f,-0.3029053279901277f,0.19583574630278255f,0.611795906997553f,-0.7663903239544936f,0.8318050886482522f,0.3024110653493165f,-0.7811109986913622f,-0.5462720524406077f,-0.04797089030985523f,0f,0f,0f,1f],start_interpolation:0}
execute if entity @s[tag=aj.folklore_microphone.bone.head] run data modify entity @s {} merge value {transformation:[-1f,-3.755896268499352e-17f,1.1656295358580205e-16f,0f,0f,0.9518087473625678f,0.30669220473318126f,1.125f,-1.2246467991473532e-16f,0.30669220473318126f,-0.9518087473625678f,0f,0f,0f,0f,1f],start_interpolation:0}
execute if entity @s[tag=aj.folklore_microphone.bone.hair] run data modify entity @s {} merge value {transformation:[-1f,0f,1.2246467991473532e-16f,-0.010937499999999998f,0f,1f,0f,0.71875f,-1.2246467991473532e-16f,0f,-1f,-0.007968750000000002f,0f,0f,0f,1f],start_interpolation:0}
execute if entity @s[tag=aj.folklore_microphone.bone.outfit] run data modify entity @s {} merge value {transformation:[-1f,0f,1.2246467991473532e-16f,0f,0f,1f,0f,-0.3125f,-1.2246467991473532e-16f,0f,-1f,0f,0f,0f,0f,1f],start_interpolation:0}
execute if entity @s[tag=aj.folklore_microphone.bone.chest] run data modify entity @s {} merge value {transformation:[-1f,0f,1.2246467991473532e-16f,-0.010937499999999998f,0f,1f,0f,0.375f,-1.2246467991473532e-16f,0f,-1f,-0.007968750000000002f,0f,0f,0f,1f],start_interpolation:0}
execute if entity @s[tag=aj.folklore_microphone.bone.right_leg] run data modify entity @s {} merge value {transformation:[-1f,-7.024285468436541e-17f,1.0031719290535247e-16f,0.10625000000000001f,0f,0.8191520442889918f,0.573576436351046f,0.4375f,-1.2246467991473532e-16f,0.573576436351046f,-0.8191520442889918f,-0.062499999999999986f,0f,0f,0f,1f],start_interpolation:0}
execute if entity @s[tag=aj.folklore_microphone.bone.left_leg] run data modify entity @s {} merge value {transformation:[-1f,-7.024285468436541e-17f,1.0031719290535247e-16f,-0.10624999999999998f,0f,0.8191520442889918f,0.573576436351046f,0.4375f,-1.2246467991473532e-16f,0.573576436351046f,-0.8191520442889918f,-0.06250000000000001f,0f,0f,0f,1f],start_interpolation:0}
execute if entity @s[tag=aj.folklore_microphone.bone.waist] run data modify entity @s {} merge value {transformation:[-1f,0f,1.2246467991473532e-16f,0f,0f,1f,0f,1.1875f,-1.2246467991473532e-16f,0f,-1f,0f,0f,0f,0f,1f],start_interpolation:0}