execute if entity @s[tag=aj.folklore_microphone.bone.left_straight] run data modify entity @s {} merge value {transformation:[-0.9962108613195443f,-0.0868443997340473f,0.004687219197425878f,0.02380306510080782f,-0.0869672942244531f,0.9942391421312653f,-0.06265156015106899f,0.988161963143387f,0.0007807203398912426f,-0.06282179947214671f,-0.9980244546036096f,0.016543880081115153f,0f,0f,0f,1f],start_interpolation:0}
execute if entity @s[tag=aj.folklore_microphone.bone.left_bend] run data modify entity @s {} merge value {transformation:[-0.9962108613195443f,-0.08668397354098975f,0.007057515151716008f,0.37600175242452905f,-0.0869672942244531f,0.9921569538995837f,-0.08978456751567471f,1.0316080535265613f,0.0007807203398912426f,-0.0900581343346859f,-0.9959362042399638f,-0.041035534813344744f,0f,0f,0f,1f],start_interpolation:0}
execute if entity @s[tag=aj.folklore_microphone.bone.right_straight] run data modify entity @s {} merge value {transformation:[-0.7801940275046295f,0.12694073743951487f,-0.6125221046006565f,-0.09987961496242295f,0.2609667745825847f,0.9559618949678077f,-0.13428774305021507f,0.9508940145224152f,0.5685012066918308f,-0.26461841309302403f,-0.7789630757886165f,-0.10668684255198019f,0f,0f,0f,1f],start_interpolation:0}
execute if entity @s[tag=aj.folklore_microphone.bone.microphone] run data modify entity @s {} merge value {transformation:[-0.7801940275046295f,0.12960272331867867f,-0.6119643891228372f,-0.12469173980751858f,0.2609667745825847f,0.9565367289274194f,-0.130130045634339f,1.3027487233469146f,0.5685012066918308f,-0.2612290571916049f,-0.780106247679582f,0.27887846025194574f,0f,0f,0f,1f],start_interpolation:0}
execute if entity @s[tag=aj.folklore_microphone.bone.right_bend] run data modify entity @s {} merge value {transformation:[-0.7801940275046295f,-0.6119643891228372f,-0.1296027233186788f,-0.39819670836913557f,0.2609667745825847f,-0.13013004563433878f,-0.9565367289274194f,1.1307859809917593f,0.5685012066918308f,-0.7801062476795821f,0.2612290571916047f,-0.013245599976897005f,0f,0f,0f,1f],start_interpolation:0}
execute if entity @s[tag=aj.folklore_microphone.bone.head] run data modify entity @s {} merge value {transformation:[-1f,-4.1000820339610565e-18f,1.2239602589109405e-16f,0f,0f,0.9994393973536773f,0.03347971053217706f,1.4196093749999998f,-1.2246467991473532e-16f,0.03347971053217706f,-0.9994393973536773f,0f,0f,0f,0f,1f],start_interpolation:0}
execute if entity @s[tag=aj.folklore_microphone.bone.hair] run data modify entity @s {} merge value {transformation:[-1f,0f,1.2246467991473532e-16f,-0.010937499999999998f,0f,1f,0f,1.0133593749999998f,-1.2246467991473532e-16f,0f,-1f,-0.007968750000000002f,0f,0f,0f,1f],start_interpolation:0}
execute if entity @s[tag=aj.folklore_microphone.bone.outfit] run data modify entity @s {} merge value {transformation:[-1f,0f,1.2246467991473532e-16f,0f,0f,1f,0f,-0.01789062500000005f,-1.2246467991473532e-16f,0f,-1f,0f,0f,0f,0f,1f],start_interpolation:0}
execute if entity @s[tag=aj.folklore_microphone.bone.chest] run data modify entity @s {} merge value {transformation:[-1f,0f,1.2246467991473532e-16f,-0.010937499999999998f,0f,1f,0f,0.669609375f,-1.2246467991473532e-16f,0f,-1f,-0.007968750000000002f,0f,0f,0f,1f],start_interpolation:0}
execute if entity @s[tag=aj.folklore_microphone.bone.right_leg] run data modify entity @s {} merge value {transformation:[-1f,-4.2819660955535856e-18f,1.223897977487303e-16f,0.10625000000000001f,0f,0.9993885407118431f,0.03496490660437652f,0.6731875f,-1.2246467991473532e-16f,0.03496490660437652f,-0.9993885407118431f,-0.062499999999999986f,0f,0f,0f,1f],start_interpolation:0}
execute if entity @s[tag=aj.folklore_microphone.bone.left_leg] run data modify entity @s {} merge value {transformation:[-1f,-4.2819660955535856e-18f,1.223897977487303e-16f,-0.10624999999999998f,0f,0.9993885407118431f,0.03496490660437652f,0.6731875f,-1.2246467991473532e-16f,0.03496490660437652f,-0.9993885407118431f,-0.06250000000000001f,0f,0f,0f,1f],start_interpolation:0}
execute if entity @s[tag=aj.folklore_microphone.bone.waist] run data modify entity @s {} merge value {transformation:[-1f,0f,1.2246467991473532e-16f,0f,0f,1f,0f,1.482109375f,-1.2246467991473532e-16f,0f,-1f,0f,0f,0f,0f,1f],start_interpolation:0}