execute if entity @s[tag=aj.folklore_microphone.bone.left_straight] run data modify entity @s {} merge value {transformation:[-0.7993726109058698f,-0.00631527021304979f,0.6008024186832714f,0.029907187383058975f,-0.2471701129536365f,0.914871226929864f,-0.31924531852218585f,0.3689780964020978f,-0.5476407254724756f,-0.40369636547531795f,-0.7328839473654741f,-0.06034390043955943f,0f,0f,0f,1f],start_interpolation:0}
execute if entity @s[tag=aj.folklore_microphone.bone.left_bend] run data modify entity @s {} merge value {transformation:[-0.8164611151681882f,0.5497638431352024f,-0.17649635746816722f,0.3461182263298937f,-0.2442557002545794f,-0.6058298848297698f,-0.7571719114839729f,0.45067328990130096f,-0.5231925078892697f,-0.5750911818384633f,0.6289194958499664f,0.08888613705324426f,0f,0f,0f,1f],start_interpolation:0}
execute if entity @s[tag=aj.folklore_microphone.bone.right_straight] run data modify entity @s {} merge value {transformation:[-0.77390438657084f,0.254192566133948f,-0.5800501183248308f,-0.15305370770639617f,0.26213812179253065f,0.9623423891552008f,0.07197729599078168f,0.32967446862128585f,0.5765029102697541f,-0.09634970346243266f,-0.811394558210249f,-0.1727855052300573f,0f,0f,0f,1f],start_interpolation:0}
execute if entity @s[tag=aj.folklore_microphone.bone.microphone] run data modify entity @s {} merge value {transformation:[-0.77390438657084f,0.244030580955917f,-0.5843980458597798f,-0.15645098853816952f,0.26213812179253065f,0.9634519967720102f,0.055171142992609286f,0.6237732921460964f,0.5765029102697541f,-0.11049581654680052f,-0.8095894447040177f,0.2619934209065123f,0f,0f,0f,1f],start_interpolation:0}
execute if entity @s[tag=aj.folklore_microphone.bone.right_bend] run data modify entity @s {} merge value {transformation:[-0.77390438657084f,-0.5843980458597798f,-0.24403058095591715f,-0.43257387365365524f,0.26213812179253065f,0.0551711429926095f,-0.9634519967720102f,0.5283478135159217f,0.5765029102697541f,-0.8095894447040177f,0.11049581654680034f,-0.06105881866858125f,0f,0f,0f,1f],start_interpolation:0}
execute if entity @s[tag=aj.folklore_microphone.bone.head] run data modify entity @s {} merge value {transformation:[-0.9997367152722844f,-0.013734516011179199f,0.018381055642214948f,0f,-8.673617379884035e-19f,0.8010713610518937f,0.5985688552726968f,0.8125f,-0.022945590787415777f,0.5984112612346172f,-0.8008604511967183f,0f,0f,0f,0f,1f],start_interpolation:0}