execute if entity @s[tag=aj.folklore_microphone.bone.left_bend] run data modify entity @s {} merge value {transformation:[-0.9423846659634565f,0.268735589070051f,0.19922932646605346f,0.3459558612300571f,-0.20373575222783907f,0.011312987350478365f,-0.9789605505746206f,0.45277933702066775f,-0.265335419085167f,-0.9631475481380725f,0.044089861584248824f,0.09357415277254709f,0f,0f,0f,1f],start_interpolation:0}
execute if entity @s[tag=aj.folklore_microphone.bone.right_straight] run data modify entity @s {} merge value {transformation:[-0.7739043865708406f,0.07303793064175754f,-0.6290766734937646f,-0.0801828071166163f,0.26213812179252916f,0.9411819476456752f,-0.21321385163487522f,0.353425969475189f,0.576502910269754f,-0.329912112711042f,-0.7475308638023186f,-0.0857626387319036f,0f,0f,0f,1f],start_interpolation:0}
execute if entity @s[tag=aj.folklore_microphone.bone.microphone] run data modify entity @s {} merge value {transformation:[-0.7739043865708406f,0.06204790482512609f,-0.6302555497202884f,-0.110944973415187f,0.26213812179252916f,0.9373175062795411f,-0.22960726801429326f,0.7364504900839862f,0.576502910269754f,-0.3429080779578027f,-0.7416592509513984f,0.2718464772945428f,0f,0f,0f,1f],start_interpolation:0}
execute if entity @s[tag=aj.folklore_microphone.bone.right_bend] run data modify entity @s {} merge value {transformation:[-0.7739043865708406f,-0.6302555497202884f,-0.06204790482512623f,-0.38372232050641897f,0.26213812179252916f,-0.22960726801429307f,-0.9373175062795411f,0.5253208379474568f,0.576502910269754f,-0.7416592509513985f,0.34290807795780254f,0.005896466853936036f,0f,0f,0f,1f],start_interpolation:0}
execute if entity @s[tag=aj.folklore_microphone.bone.head] run data modify entity @s {} merge value {transformation:[-0.9996826039315769f,0.0011548420747217868f,-0.025166599618626523f,0f,0.001803806849998064f,0.9996660305889826f,-0.02577932441541396f,0.8125f,0.02512842369568176f,-0.025816537843981142f,-0.9993508236331827f,0f,0f,0f,0f,1f],start_interpolation:0}