execute if entity @s[tag=aj.folklore_microphone.bone.left_bend] run data modify entity @s {} merge value {transformation:[-0.8649200253277285f,0.17158830339199554f,0.47166810781113666f,0.3459558612300571f,-0.23654336195037073f,0.6894828681636798f,-0.6845879143148831f,0.45277933702066775f,-0.44267435853491394f,-0.7036837561347018f,-0.5557594656394618f,0.09357415277254709f,0f,0f,0f,1f],start_interpolation:0}
execute if entity @s[tag=aj.folklore_microphone.bone.right_straight] run data modify entity @s {} merge value {transformation:[-0.7739043865708405f,0.06995691471181757f,-0.6294267475492399f,-0.07896982346792703f,0.26213812179252927f,0.9401267094248573f,-0.2178195935380356f,0.3540860311489127f,0.5765029102697541f,-0.33356828432870145f,-0.745906558585263f,-0.08443444762392814f,0f,0f,0f,1f],start_interpolation:0}
execute if entity @s[tag=aj.folklore_microphone.bone.microphone] run data modify entity @s {} merge value {transformation:[-0.7739043865708405f,0.05896124851413619f,-0.6305517993155402f,-0.11035686576507503f,0.26213812179252927f,0.9361820474969763f,-0.23419389199433552f,0.7383752389030094f,0.5765029102697541f,-0.34653534468798947f,-0.739971384130819f,0.27176076922739617f,0f,0f,0f,1f],start_interpolation:0}
execute if entity @s[tag=aj.folklore_microphone.bone.right_bend] run data modify entity @s {} merge value {transformation:[-0.7739043865708405f,-0.6305517993155402f,-0.05896124851413633f,-0.382876352765138f,0.26213812179252927f,-0.23419389199433532f,-0.9361820474969763f,0.525470396643148f,0.5765029102697541f,-0.7399713841308191f,0.3465353446879893f,0.006964099123130563f,0f,0f,0f,1f],start_interpolation:0}
execute if entity @s[tag=aj.folklore_microphone.bone.head] run data modify entity @s {} merge value {transformation:[-0.9998487679194279f,0.001222435871784729f,-0.017347822357327392f,0f,0.0012453086972408747f,0.9999983695063136f,-0.0013077426974744113f,0.8125f,0.01734619544022811f,-0.001329148318885189f,-0.9998486599823474f,0f,0f,0f,0f,1f],start_interpolation:0}