execute if entity @s[tag=aj.folklore_microphone.bone.left_straight] run data modify entity @s {} merge value {transformation:[-0.7981059647170085f,0.44250391751589596f,0.4089219388418997f,-0.13309750187544594f,-0.0873749593359936f,0.5865137034356018f,-0.8052125757607667f,0.5793943823011733f,-0.5961480399734337f,-0.6783744973577206f,-0.4294363233012472f,0.012341559303060606f,0f,0f,0f,1f],start_interpolation:0}
execute if entity @s[tag=aj.folklore_microphone.bone.left_bend] run data modify entity @s {} merge value {transformation:[-0.7981059647170085f,0.5954472858978496f,-0.09202933662706597f,0.17781103093153902f,-0.0873749593359936f,-0.2655073810052471f,-0.9601413682957151f,0.5738073612116492f,-0.5961480399734337f,-0.758253493462852f,0.26393020684873136f,0.19189043650914528f,0f,0f,0f,1f],start_interpolation:0}
execute if entity @s[tag=aj.folklore_microphone.bone.right_straight] run data modify entity @s {} merge value {transformation:[-0.7713754857961634f,0.11005744649563351f,-0.6267912079660927f,-0.09549414859112135f,0.26258608925026544f,0.9522213445886928f,-0.15595850936051436f,0.3458769086068431f,0.5796795715263601f,-0.2848892229982784f,-0.7634197567357376f,-0.1033997998772882f,0f,0f,0f,1f],start_interpolation:0}
execute if entity @s[tag=aj.folklore_microphone.bone.microphone] run data modify entity @s {} merge value {transformation:[-0.7713754857961634f,0.0991016693007168f,-0.6286165119168795f,-0.11727954995786699f,0.26258608925026544f,0.9493544653730118f,-0.17255331004815536f,0.7128283062157343f,0.5796795715263601f,-0.29816934486652813f,-0.7583314816997122f,0.27131401386376874f,0f,0f,0f,1f],start_interpolation:0}
execute if entity @s[tag=aj.folklore_microphone.bone.right_bend] run data modify entity @s {} merge value {transformation:[-0.7713754857961634f,-0.6286165119168795f,-0.09910166930071694f,-0.39394695255553847f,0.26258608925026544f,-0.17255331004815513f,-0.9493544653730118f,0.5240397351187538f,0.5796795715263601f,-0.7583314816997123f,0.29816934486652796f,-0.007122052251595665f,0f,0f,0f,1f],start_interpolation:0}
execute if entity @s[tag=aj.folklore_microphone.bone.head] run data modify entity @s {} merge value {transformation:[-0.9492681039400347f,-0.0015707381301194798f,0.3144639878011759f,0f,-0.02348403874795245f,0.9975493005762069f,-0.0659082152998015f,0.8125f,-0.3135898065406084f,-0.0699494510460726f,-0.9469786204197943f,0f,0f,0f,0f,1f],start_interpolation:0}