execute if entity @s[tag=aj.folklore_microphone.bone.left_straight] run data modify entity @s {} merge value {transformation:[-0.7745086508885075f,0.2759053937679864f,0.5692210145353002f,-0.06891221064599029f,-0.19275247719908797f,0.7541307045057872f,-0.6278004165777689f,0.46739219921396236f,-0.6024805658546001f,-0.595955614296348f,-0.5308993064190077f,-0.016308922358557076f,0f,0f,0f,1f],start_interpolation:0}
execute if entity @s[tag=aj.folklore_microphone.bone.left_bend] run data modify entity @s {} merge value {transformation:[-0.7745086508885075f,0.5001901914757122f,0.3872287722398149f,0.2441171290042409f,-0.19275247719908797f,0.39642783267614845f,-0.8976031729073304f,0.5139603739680625f,-0.6024805658546001f,-0.7698407275736859f,-0.210623887383029f,0.1550948427902898f,0f,0f,0f,1f],start_interpolation:0}
execute if entity @s[tag=aj.folklore_microphone.bone.right_straight] run data modify entity @s {} merge value {transformation:[-0.9953600911696872f,0.09421141532546183f,-0.0195575593836603f,-0.047922144936064726f,0.09438803690579041f,0.9955007898333305f,-0.008311193072380142f,0.3770331451541043f,0.018686556551253987f,-0.010118629531145286f,-0.9997741874746858f,-0.010279214498166503f,0f,0f,0f,1f],start_interpolation:0}
execute if entity @s[tag=aj.folklore_microphone.bone.microphone] run data modify entity @s {} merge value {transformation:[-0.9953600911696872f,0.03556136013537565f,0.08940737425958878f,-0.4010814341404052f,0.09438803690579041f,0.18040880661396436f,0.9790523790815262f,0.12979742565893687f,0.018686556551253987f,0.9829486518437509f,-0.18292829317196796f,0.10694045142997227f,0f,0f,0f,1f],start_interpolation:0}
execute if entity @s[tag=aj.folklore_microphone.bone.right_bend] run data modify entity @s {} merge value {transformation:[-0.9953600911696872f,0.08940737425958879f,-0.03556136013537563f,-0.37056372361813344f,0.09438803690579041f,0.9790523790815262f,-0.18040880661396413f,0.5166166180440931f,0.018686556551253987f,-0.18292829317196774f,-0.9829486518437509f,-0.09092869952023419f,0f,0f,0f,1f],start_interpolation:0}
execute if entity @s[tag=aj.folklore_microphone.bone.head] run data modify entity @s {} merge value {transformation:[-1f,-1.0549390230953014e-16f,6.219834726201243e-17f,0f,0f,0.5078880482545445f,0.8614230844597732f,0.8125f,-1.2246467991473532e-16f,0.8614230844597732f,-0.5078880482545445f,0f,0f,0f,0f,1f],start_interpolation:0}