execute if entity @s[tag=aj.folklore_microphone.bone.left_straight] run data modify entity @s {} merge value {transformation:[-0.8394916500873401f,0.02023159540790827f,0.542995812120946f,0.008542821759361774f,-0.18522132349201778f,0.928802573698642f,-0.3209654816559622f,0.3856459634372528f,-0.5108295515702869f,-0.37002224478810625f,-0.7759746823218335f,-0.057986367321832426f,0f,0f,0f,1f],start_interpolation:0}
execute if entity @s[tag=aj.folklore_microphone.bone.left_bend] run data modify entity @s {} merge value {transformation:[-0.8394916500873401f,0.12200175092264147f,0.5294991427806515f,0.33616315172203437f,-0.18522132349201778f,0.8518554863640818f,-0.48993396664783195f,0.4454490348630092f,-0.5108295515702869f,-0.5093700061087454f,-0.6925282421095015f,0.07625834179553988f,0f,0f,0f,1f],start_interpolation:0}
execute if entity @s[tag=aj.folklore_microphone.bone.head] run data modify entity @s {} merge value {transformation:[-1f,-8.337810352977625e-17f,8.969776852517844e-17f,0f,0f,0.7324378636161015f,0.6808338827801398f,0.8125f,-1.2246467991473532e-16f,0.6808338827801398f,-0.7324378636161015f,0f,0f,0f,0f,1f],start_interpolation:0}