execute if entity @s[tag=aj.folklore_microphone.bone.left_straight] run data modify entity @s {} merge value {transformation:[-0.980830037377728f,0.13486895289468565f,0.14065135378906188f,-0.06406976726541336f,-0.11076611481338779f,0.207967837911751f,-0.9718437354860394f,0.7268709601620461f,-0.16032250492913397f,-0.9687929314045405f,-0.18904219231125383f,0.2663515795016803f,0f,0f,0f,1f],start_interpolation:0}
execute if entity @s[tag=aj.folklore_microphone.bone.left_bend] run data modify entity @s {} merge value {transformation:[-0.980830037377728f,0.1569223838493789f,0.11553269331506552f,0.2931741426644929f,-0.11076611481338779f,0.03881800334198873f,-0.9930881282271422f,0.7157620607830933f,-0.16032250492913397f,-0.9868477735008422f,-0.02069218088260072f,0.3007973492767027f,0f,0f,0f,1f],start_interpolation:0}
execute if entity @s[tag=aj.folklore_microphone.bone.right_straight] run data modify entity @s {} merge value {transformation:[-0.77390438657084f,0.20864296881630262f,-0.59794657956203f,-0.13442732234396756f,0.2621381217925302f,0.9650270002947804f,-0.0025482945556815906f,0.3326981554141856f,0.5765029102697543f,-0.15871672963357486f,-0.8015319046581529f,-0.14915610541525248f,0f,0f,0f,1f],start_interpolation:0}
execute if entity @s[tag=aj.folklore_microphone.bone.microphone] run data modify entity @s {} merge value {transformation:[-0.77390438657084f,0.19817558474726688f,-0.601496831293807f,-0.14286941900937566f,0.2621381217925302f,0.9648355481361146f,-0.019389949870174956f,0.6520084920648879f,0.5765029102697543f,-0.17268121687943408f,-0.798639838592805f,0.2673868263938268f,0f,0f,0f,1f],start_interpolation:0}
execute if entity @s[tag=aj.folklore_microphone.bone.right_bend] run data modify entity @s {} merge value {transformation:[-0.77390438657084f,-0.601496831293807f,-0.19817558474726701f,-0.4204646563133476f,0.2621381217925302f,-0.01938994987017474f,-0.9648355481361146f,0.5252722313381492f,0.5765029102697543f,-0.798639838592805f,0.1726812168794339f,-0.04340478159122932f,0f,0f,0f,1f],start_interpolation:0}
execute if entity @s[tag=aj.folklore_microphone.bone.head] run data modify entity @s {} merge value {transformation:[-0.9690377689288857f,-0.030894680169414844f,-0.24497208234114543f,0f,-0.011017519393939527f,0.996563229325516f,-0.08209959940647137f,0.8125f,0.2466666103381881f,-0.07685862797063496f,-0.9660477910800997f,0f,0f,0f,0f,1f],start_interpolation:0}