execute if entity @s[tag=aj.folklore_microphone.bone.left_bend] run data modify entity @s {} merge value {transformation:[-0.8752252912052795f,0.19666648929371147f,0.44193096929669906f,0.3459558612300571f,-0.23347474544645713f,0.6283932813246375f,-0.7420319583581068f,0.45277933702066775f,-0.42363927210935687f,-0.7526248573990508f,-0.5040690341130993f,0.09357415277254709f,0f,0f,0f,1f],start_interpolation:0}
execute if entity @s[tag=aj.folklore_microphone.bone.right_straight] run data modify entity @s {} merge value {transformation:[-0.7739043865708406f,0.06939081399766615f,-0.629489408472575f,-0.07874704246271763f,0.26213812179252927f,0.9399304340481681f,-0.21866500463747593f,0.35420818918139607f,0.576502910269754f,-0.33423897750376685f,-0.7456062636323144f,-0.08419092947774326f,0f,0f,0f,1f],start_interpolation:0}
execute if entity @s[tag=aj.folklore_microphone.bone.microphone] run data modify entity @s {} merge value {transformation:[-0.7739043865708406f,0.058394140435963734f,-0.6306045708755654f,-0.11024944599221626f,0.26213812179252927f,0.9359710475558636f,-0.23503574885592293f,0.7387289177852824f,0.576502910269754f,-0.3472006948436658f,-0.7396594297043604f,0.27174415164520155f,0f,0f,0f,1f],start_interpolation:0}
execute if entity @s[tag=aj.folklore_microphone.bone.right_bend] run data modify entity @s {} merge value {transformation:[-0.7739043865708406f,-0.6306045708755654f,-0.05839414043596387f,-0.3827208641578689f,0.26213812179252927f,-0.23503574885592274f,-0.9359710475558636f,0.5254985666354322f,0.576502910269754f,-0.7396594297043605f,0.3472006948436656f,0.007160019879725268f,0f,0f,0f,1f],start_interpolation:0}
execute if entity @s[tag=aj.folklore_microphone.bone.head] run data modify entity @s {} merge value {transformation:[-0.9998031967398536f,0.0013610388603240715f,-0.019791800372636916f,0f,0.0014205389882747937f,0.9999945133301045f,-0.00299255387091979f,0.8125f,0.019787618799451696f,-0.003020079950639312f,-0.9997996445585182f,0f,0f,0f,0f,1f],start_interpolation:0}