execute if entity @s[tag=aj.folklore_microphone.bone.left_bend] run data modify entity @s {} merge value {transformation:[-0.9319036040803534f,0.2712603304406581f,0.24077687976895293f,0.3459558612300571f,-0.21004500591811248f,0.13758482839996294f,-0.9679625563434843f,0.45277933702066775f,-0.29569708857360755f,-0.9526217760073397f,-0.07123891973994528f,0.09357415277254709f,0f,0f,0f,1f],start_interpolation:0}
execute if entity @s[tag=aj.folklore_microphone.bone.right_straight] run data modify entity @s {} merge value {transformation:[-0.7739043865708406f,0.07134725511634758f,-0.6292706648444482f,-0.07951709175967797f,0.2621381217925292f,0.9406056159675746f,-0.21574216164983767f,0.3537871699059564f,0.5765029102697541f,-0.33191963545054454f,-0.7466416476817253f,-0.08503321373692249f,0f,0f,0f,1f],start_interpolation:0}
execute if entity @s[tag=aj.folklore_microphone.bone.microphone] run data modify entity @s {} merge value {transformation:[-0.7739043865708406f,0.060354101181890184f,-0.6304200051687265f,-0.11062152865488856f,0.2621381217925292f,0.9366971372855661f,-0.23212513458070538f,0.7375066432813037f,0.5765029102697541f,-0.34489977598072113f,-0.7407351341599454f,0.27180043642260804f,0f,0f,0f,1f],start_interpolation:0}
execute if entity @s[tag=aj.folklore_microphone.bone.right_bend] run data modify entity @s {} merge value {transformation:[-0.7739043865708406f,-0.6304200051687265f,-0.06035410118189032f,-0.38325816360562315f,0.2621381217925292f,-0.2321251345807052f,-0.9366971372855661f,0.5254021205074608f,0.5765029102697541f,-0.7407351341599455f,0.34489977598072097f,0.006482597119628716f,0f,0f,0f,1f],start_interpolation:0}
execute if entity @s[tag=aj.folklore_microphone.bone.head] run data modify entity @s {} merge value {transformation:[-0.9996673629264525f,0.0013073313730318703f,-0.025757608280919376f,0f,0.0018465817978774723f,0.9997793862623683f,-0.02092292858339803f,0.8125f,0.025724572597731286f,-0.020963532372272414f,-0.9994492366674461f,0f,0f,0f,0f,1f],start_interpolation:0}