execute if entity @s[tag=aj.folklore_microphone.bone.left_straight] run data modify entity @s {} merge value {transformation:[-0.9026738093949124f,-0.3743630028441446f,0.21220823719637386f,0.1570765663977333f,-0.2635201788000625f,0.0910313581026525f,-0.960349106943496f,0.7173770725550874f,0.34020157142150376f,-0.922803139322522f,-0.18082382823853102f,0.4256120107346743f,0f,0f,0f,1f],start_interpolation:0}
execute if entity @s[tag=aj.folklore_microphone.bone.left_bend] run data modify entity @s {} merge value {transformation:[-0.9026738093949124f,-0.2687009599875409f,0.33612466130031493f,0.4841361260665542f,-0.2635201788000625f,-0.2723485241386282f,-0.9254098533972365f,0.7596132407115053f,0.34020157142150376f,-0.92391886846264f,0.17503375474763255f,0.2835511772459458f,0f,0f,0f,1f],start_interpolation:0}
execute if entity @s[tag=aj.folklore_microphone.bone.right_straight] run data modify entity @s {} merge value {transformation:[-0.7739043865708405f,0.24516113318200153f,-0.5839246691340656f,-0.1493427433387007f,0.26213812179252943f,0.9633434174941912f,0.05703564739439297f,0.33010135691494924f,0.5765029102697541f,-0.10892877832569971f,-0.8098017755617571f,-0.16799797014934187f,0f,0f,0f,1f],start_interpolation:0}
execute if entity @s[tag=aj.folklore_microphone.bone.microphone] run data modify entity @s {} merge value {transformation:[-0.7739043865708405f,0.23493290329946923f,-0.5881143863175712f,-0.15363280092392306f,0.26213812179252943f,0.9641921049253888f,0.04021429972824601f,0.6293660353975272f,0.5765029102697541f,-0.12304517766589004f,-0.8077773695169193f,0.2632335474219403f,0f,0f,0f,1f],start_interpolation:0}
execute if entity @s[tag=aj.folklore_microphone.bone.right_bend] run data modify entity @s {} merge value {transformation:[-0.7739043865708405f,-0.5881143863175712f,-0.23493290329946936f,-0.4301830860766837f,0.26213812179252943f,0.04021429972824622f,-0.9641921049253888f,0.5276024759905029f,0.5765029102697541f,-0.8077773695169193f,0.12304517766588986f,-0.05751048901446973f,0f,0f,0f,1f],start_interpolation:0}
execute if entity @s[tag=aj.folklore_microphone.bone.head] run data modify entity @s {} merge value {transformation:[-0.9435159523483921f,-0.0526433397242378f,-0.3271182147890654f,0f,-0.008433401775825702f,0.9907927758043601f,-0.13512421377524658f,0.8125f,0.33121975393776576f,-0.12473313191197245f,-0.9352727518776736f,0f,0f,0f,0f,1f],start_interpolation:0}