execute if entity @s[tag=aj.folklore_microphone.bone.left_straight] run data modify entity @s {} merge value {transformation:[-0.9577589459901615f,-0.20893568466646378f,0.19759473942585323f,0.07423236351805329f,-0.22648433336667606f,0.12462763356542972f,-0.9660086954532726f,0.7178032916763393f,0.17720792339866515f,-0.9699555828102838f,-0.16668389022306815f,0.3853007045581757f,0f,0f,0f,1f],start_interpolation:0}
execute if entity @s[tag=aj.folklore_microphone.bone.left_bend] run data modify entity @s {} merge value {transformation:[-0.9577589459901615f,-0.11806413839032666f,0.2622187266424056f,0.4221008817499239f,-0.22648433336667606f,-0.2522082832760051f,-0.9407953170517076f,0.7470146374129638f,0.17720792339866515f,-0.9604435647517873f,0.21481506188257057f,0.3012333435538565f,0f,0f,0f,1f],start_interpolation:0}
execute if entity @s[tag=aj.folklore_microphone.bone.right_straight] run data modify entity @s {} merge value {transformation:[-0.7739043865708405f,0.1880303680034718f,-0.6047450546758445f,-0.12606921018294534f,0.26213812179252943f,0.9643729172663748f,-0.03561574857035689f,0.33475482218943087f,0.5765029102697542f,-0.1860899168456497f,-0.7956223584709539f,-0.13887125031109415f,0f,0f,0f,1f],start_interpolation:0}
execute if entity @s[tag=aj.folklore_microphone.bone.microphone] run data modify entity @s {} merge value {transformation:[-0.7739043865708405f,0.17744747358253918f,-0.6079345314798175f,-0.13722284641403576f,0.26213812179252943f,0.9636044580804121f,-0.05244095222858255f,0.6648082995123414f,0.5765029102697542f,-0.19994709922059262f,-0.7922534644694048f,0.26914673046190524f,0f,0f,0f,1f],start_interpolation:0}
execute if entity @s[tag=aj.folklore_microphone.bone.right_bend] run data modify entity @s {} merge value {transformation:[-0.7739043865708405f,-0.6079345314798175f,-0.17744747358253932f,-0.4149442290595857f,0.26213812179252943f,-0.05244095222858233f,-0.9636044580804121f,0.5244207902424658f,0.5765029102697542f,-0.7922534644694048f,0.19994709922059245f,-0.03560694057952103f,0f,0f,0f,1f],start_interpolation:0}
execute if entity @s[tag=aj.folklore_microphone.bone.head] run data modify entity @s {} merge value {transformation:[-0.9914680593951385f,-0.031196014262479897f,-0.12656182636708949f,0f,-0.014403293306629152f,0.9912129869365875f,-0.13148900969347793f,0.8125f,0.12955165896722962f,-0.12854424616599325f,-0.9832053419486975f,0f,0f,0f,0f,1f],start_interpolation:0}