execute if entity @s[tag=aj.folklore_microphone.bone.left_straight] run data modify entity @s {} merge value {transformation:[-0.9000240469600096f,0.40892023850128667f,0.150801039246344f,-0.14215724074677916f,-0.046502036446188194f,0.25392873779308434f,-0.9661044233048354f,0.7315418048865142f,-0.43335236874867084f,-0.8765297682719407f,-0.2095263463936081f,0.13487635049160934f,0f,0f,0f,1f],start_interpolation:0}
execute if entity @s[tag=aj.folklore_microphone.bone.left_bend] run data modify entity @s {} merge value {transformation:[-0.9000240469600096f,0.43577628057041223f,-0.00746647078236598f,0.1904049105620175f,-0.046502036446188194f,-0.11304752319135264f,-0.9925007899778509f,0.6985267233275934f,-0.43335236874867084f,-0.8929273715104259f,0.12200997380295636f,0.2661986631019778f,0f,0f,0f,1f],start_interpolation:0}
execute if entity @s[tag=aj.folklore_microphone.bone.right_straight] run data modify entity @s {} merge value {transformation:[-0.7739043865708405f,0.09674427934598545f,-0.6258694311597565f,-0.08954391217303104f,0.26213812179252943f,0.9485629632273065f,-0.17751594265450257f,0.34861917433822087f,0.5765029102697542f,-0.30144460387815464f,-0.7594574018621757f,-0.09614342937607095f,0f,0f,0f,1f],start_interpolation:0}
execute if entity @s[tag=aj.folklore_microphone.bone.microphone] run data modify entity @s {} merge value {transformation:[-0.7739043865708405f,0.08580661703437806f,-0.6274625286975525f,-0.11566739842351259f,0.26213812179252943f,0.9453204121132353f,-0.1940436124822156f,0.7216497316891543f,0.5765029102697542f,-0.3146530516540064f,-0.7540807990761501f,0.2722370001757297f,0f,0f,0f,1f],start_interpolation:0}
execute if entity @s[tag=aj.folklore_microphone.bone.right_bend] run data modify entity @s {} merge value {transformation:[-0.7739043865708405f,-0.6274625286975525f,-0.0858066170343782f,-0.3902154224168446f,0.26213812179252943f,-0.19404361248221538f,-0.9453204121132353f,0.5243835526444521f,0.5765029102697542f,-0.7540807990761502f,0.31465305165400625f,-0.002393763354581288f,0f,0f,0f,1f],start_interpolation:0}
execute if entity @s[tag=aj.folklore_microphone.bone.head] run data modify entity @s {} merge value {transformation:[-0.9339042314970787f,0.001096196994141552f,0.3575215864028366f,0f,-0.022509004870564373f,0.9978312002093f,-0.061856613135578345f,0.8125f,-0.35681400069446245f,-0.06581560788306774f,-0.9318541058917938f,0f,0f,0f,0f,1f],start_interpolation:0}