execute if entity @s[tag=aj.folklore_microphone.bone.left_straight] run data modify entity @s {} merge value {transformation:[-0.9739757557479103f,0.08119377466025371f,0.21161001434645538f,-0.044708972142515346f,-0.14919676862784925f,0.47315461448008256f,-0.8682540152669682f,0.6048313347863046f,-0.1706210756216685f,-0.8772298910505869f,-0.4487272744118419f,0.24137907920531265f,0f,0f,0f,1f],start_interpolation:0}
execute if entity @s[tag=aj.folklore_microphone.bone.left_bend] run data modify entity @s {} merge value {transformation:[-0.9739757557479103f,0.2143958943260746f,0.07352297403811794f,0.31330233450240486f,-0.14919676862784925f,-0.3622682324381592f,-0.9200554613702046f,0.616317019569969f,-0.1706210756216685f,-0.9070811034644337f,0.38482765011294384f,0.26646120914397015f,0f,0f,0f,1f],start_interpolation:0}
execute if entity @s[tag=aj.folklore_microphone.bone.right_straight] run data modify entity @s {} merge value {transformation:[-0.7440831068671404f,0.10031780884814497f,-0.6605124278186224f,-0.09896442359495175f,0.26662319553105185f,0.9511077223196372f,-0.1559043686006341f,0.34496188543871575f,0.6125784861385145f,-0.292113741155494f,-0.7344502437526909f,-0.11312921286558157f,0f,0f,0f,1f],start_interpolation:0}
execute if entity @s[tag=aj.folklore_microphone.bone.microphone] run data modify entity @s {} merge value {transformation:[-0.7440831068671404f,0.08877499861278962f,-0.6621626157495174f,-0.10295743896983839f,0.26662319553105185f,0.9482419576005681f,-0.1724797421457179f,0.7129616258386973f,0.6125784861385145f,-0.30488717497976536f,-0.7292402956866165f,0.26116829049499174f,0f,0f,0f,1f],start_interpolation:0}
execute if entity @s[tag=aj.folklore_microphone.bone.right_bend] run data modify entity @s {} merge value {transformation:[-0.7440831068671404f,-0.6621626157495174f,-0.08877499861278977f,-0.3922919039552223f,0.26662319553105185f,-0.17247974214571768f,-0.9482419576005681f,0.5243511532110811f,0.6125784861385145f,-0.7292402956866166f,0.3048871749797652f,-0.0042074358583998744f,0f,0f,0f,1f],start_interpolation:0}