execute if entity @s[tag=aj.folklore_microphone.bone.left_bend] run data modify entity @s {} merge value {transformation:[-0.9122488636632636f,0.2601038084830216f,0.3164617189451386f,0.3459558612300571f,-0.21979269037124216f,0.34112542225768866f,-0.9139609507790171f,0.45277933702066775f,-0.3456778616059403f,-0.9033158113872143f,-0.2540223629789379f,0.09357415277254709f,0f,0f,0f,1f],start_interpolation:0}
execute if entity @s[tag=aj.folklore_microphone.bone.right_straight] run data modify entity @s {} merge value {transformation:[-0.7739043865708406f,0.06950705038051742f,-0.6294765844682478f,-0.07879278337005846f,0.26213812179252927f,0.9399707953320016f,-0.2184914392510826f,0.35418308444643387f,0.576502910269754f,-0.3341012928294721f,-0.7456679693940053f,-0.08424091739671527f,0f,0f,0f,1f],start_interpolation:0}
execute if entity @s[tag=aj.folklore_microphone.bone.microphone] run data modify entity @s {} merge value {transformation:[-0.7739043865708406f,0.05851058292518655f,-0.6305937774289926f,-0.11027148613788051f,0.26213812179252927f,0.9360144318261449f,-0.23486291430590844f,0.7386562968453496f,0.576502910269754f,-0.3470641080534464f,-0.7397235289968608f,0.2717475857152665f,0f,0f,0f,1f],start_interpolation:0}
execute if entity @s[tag=aj.folklore_microphone.bone.right_bend] run data modify entity @s {} merge value {transformation:[-0.7739043865708406f,-0.6305937774289926f,-0.05851058292518669f,-0.38275279165171416f,0.26213812179252927f,-0.23486291430590825f,-0.9360144318261449f,0.5254927650716907f,0.576502910269754f,-0.7397235289968609f,0.34706410805344623f,0.007119798024634208f,0f,0f,0f,1f],start_interpolation:0}
execute if entity @s[tag=aj.folklore_microphone.bone.head] run data modify entity @s {} merge value {transformation:[-0.999679351015091f,0.0014825070608523738f,-0.02527839644560148f,0f,0.0018130213022412678f,0.9999131092035207f,-0.013057066925835303f,0.8125f,0.02525684279168903f,-0.013098710461822021f,-0.9995951758969395f,0f,0f,0f,0f,1f],start_interpolation:0}