execute if entity @s[tag=aj.folklore_microphone.bone.left_straight] run data modify entity @s {} merge value {transformation:[-0.7660684450681745f,-0.01100898969405381f,0.6426647178869753f,0.04125577149905357f,-0.2357743996613017f,0.934969974372423f,-0.2650312802036459f,0.36227538954942323f,-0.5979544881804819f,-0.3545559887633361f,-0.718846632388906f,-0.09799693145826438f,0f,0f,0f,1f],start_interpolation:0}
execute if entity @s[tag=aj.folklore_microphone.bone.left_bend] run data modify entity @s {} merge value {transformation:[-0.9621154134509403f,0.2391538386897203f,0.13091742680062698f,0.3478783711352702f,-0.18951064455669495f,-0.2413992040321315f,-0.9517416350524757f,0.4431362596103413f,-0.196009302840024f,-0.9404955426436772f,0.27757609311239884f,0.07045849578625109f,0f,0f,0f,1f],start_interpolation:0}
execute if entity @s[tag=aj.folklore_microphone.bone.right_straight] run data modify entity @s {} merge value {transformation:[-0.7739043865708405f,0.1411080671963301f,-0.6173819837171531f,-0.10719771108339407f,0.26213812179252954f,0.9588031108589781f,-0.10945409864519072f,0.3409396196998153f,0.576502910269754f,-0.24654636070983113f,-0.779011737056151f,-0.11635017626274975f,0f,0f,0f,1f],start_interpolation:0}
execute if entity @s[tag=aj.folklore_microphone.bone.microphone] run data modify entity @s {} merge value {transformation:[-0.7739043865708405f,0.13031177444733563f,-0.6197506287909661f,-0.12545972461427896f,0.26213812179252954f,0.9567468430853447f,-0.12617084983985705f,0.693994785631363f,0.576502910269754f,-0.26010443995943916f,-0.7745902625026282f,0.2716664764714356f,0f,0f,0f,1f],start_interpolation:0}
execute if entity @s[tag=aj.folklore_microphone.bone.right_bend] run data modify entity @s {} merge value {transformation:[-0.7739043865708405f,-0.6197506287909661f,-0.13031177444733577f,-0.4022888681801403f,0.26213812179252954f,-0.12617084983985682f,-0.9567468430853447f,0.5236624442096844f,0.576502910269754f,-0.7745902625026283f,0.260104439959439f,-0.018273410210582985f,0f,0f,0f,1f],start_interpolation:0}
execute if entity @s[tag=aj.folklore_microphone.bone.head] run data modify entity @s {} merge value {transformation:[-0.9999658769959608f,-0.000799010101232628f,0.008222312725573418f,0f,0f,0.9953116074506009f,0.09672023611479132f,0.8125f,-0.008261043741501335f,0.0967169357297837f,-0.9952776444285996f,0f,0f,0f,0f,1f],start_interpolation:0}