execute if entity @s[tag=aj.folklore_microphone.bone.left_straight] run data modify entity @s {} merge value {transformation:[-0.9859470487048292f,0.08625242881875769f,0.1430696881701447f,-0.0471776789377909f,-0.12350458688877901f,0.20035877460023666f,-0.971906877462097f,0.7253047385918995f,-0.11249459617096878f,-0.9759184801834407f,-0.18689057190980493f,0.28595936049114934f,0f,0f,0f,1f],start_interpolation:0}
execute if entity @s[tag=aj.folklore_microphone.bone.left_bend] run data modify entity @s {} merge value {transformation:[-0.9859470487048292f,0.10868283814527177f,0.1268718165824308f,0.31140533919296587f,-0.12350458688877901f,0.0372000712852108f,-0.9916464953368248f,0.7186154595249112f,-0.11249459617096878f,-0.9933801867306716f,-0.023254471468231036f,0.30346943006879035f,0f,0f,0f,1f],start_interpolation:0}
execute if entity @s[tag=aj.folklore_microphone.bone.right_straight] run data modify entity @s {} merge value {transformation:[-0.77390438657084f,0.2187600260905714f,-0.5943198225124787f,-0.1385454536331051f,0.2621381217925303f,0.9649312813723372f,0.013828497106485274f,0.3318421995763048f,0.5765029102697542f,-0.14509194744710005f,-0.8041098937561406f,-0.1542951275445118f,0f,0f,0f,1f],start_interpolation:0}
execute if entity @s[tag=aj.folklore_microphone.bone.microphone] run data modify entity @s {} merge value {transformation:[-0.77390438657084f,0.20835439678278778f,-0.5980471936124208f,-0.14575224896712713f,0.2621381217925303f,0.9650256582163538f,-0.0030139819471627924f,0.6457311213911392f,0.5765029102697542f,-0.15910350192680836f,-0.8014552202869041f,0.2663712259841851f,0f,0f,0f,1f],start_interpolation:0}
execute if entity @s[tag=aj.folklore_microphone.bone.right_bend] run data modify entity @s {} merge value {transformation:[-0.77390438657084f,-0.5980471936124208f,-0.20835439678278792f,-0.4231651267099551f,0.2621381217925303f,-0.003013981947162578f,-0.9650256582163538f,0.5258106279028965f,0.5765029102697542f,-0.8014552202869041f,0.1591035019268082f,-0.04727473629615474f,0f,0f,0f,1f],start_interpolation:0}
execute if entity @s[tag=aj.folklore_microphone.bone.head] run data modify entity @s {} merge value {transformation:[-0.9616830240840076f,-0.03195354699213573f,-0.2722953029768587f,0f,-0.010194519372765404f,0.9966657865147763f,-0.0809529602030746f,0.8125f,0.2739741465237116f,-0.0750751678353345f,-0.958802318630436f,0f,0f,0f,0f,1f],start_interpolation:0}