execute if entity @s[tag=aj.folklore_microphone.bone.left_straight] run data modify entity @s {} merge value {transformation:[-0.8027848350048323f,0.29551566846336746f,0.517887051758309f,-0.08374109598652663f,-0.14536479811778558f,0.74534416038007f,-0.6506390382197367f,0.48885022107324083f,-0.5782781200723746f,-0.5976056996715959f,-0.5553934133257099f,-0.00574951502000931f,0f,0f,0f,1f],start_interpolation:0}
execute if entity @s[tag=aj.folklore_microphone.bone.left_bend] run data modify entity @s {} merge value {transformation:[-0.8027848350048323f,0.5827265789290361f,-0.12635759928047882f,0.2329316243262372f,-0.14536479811778558f,-0.3967864743511013f,-0.9063275176448071f,0.5142459398574737f,-0.5782781200723746f,-0.709218039802771f,0.40324209584798526f,0.16160213737684853f,0f,0f,0f,1f],start_interpolation:0}
execute if entity @s[tag=aj.folklore_microphone.bone.right_straight] run data modify entity @s {} merge value {transformation:[-0.7685893755132972f,0.10478052416890349f,-0.6311033303691003f,-0.09414144809324088f,0.2630646077858406f,0.9509977779559623f,-0.16248150188038063f,0.346547490662754f,0.583152967906845f,-0.29090250613858953f,-0.7584908357677936f,-0.10249442261483097f,0f,0f,0f,1f],start_interpolation:0}
execute if entity @s[tag=aj.folklore_microphone.bone.microphone] run data modify entity @s {} merge value {transformation:[-0.7685893755132972f,0.09375029376203188f,-0.6328358825695748f,-0.11485283076451558f,0.2630646077858406f,0.9480172431787619f,-0.1790539549024885f,0.7155132209021526f,0.583152967906845f,-0.30409569062266123f,-0.7532983651689182f,0.2702973458899841f,0f,0f,0f,1f],start_interpolation:0}
execute if entity @s[tag=aj.folklore_microphone.bone.right_bend] run data modify entity @s {} merge value {transformation:[-0.7685893755132972f,-0.6328358825695748f,-0.09375029376203202f,-0.39261406235851065f,0.2630646077858406f,-0.17905395490248827f,-0.9480172431787619f,0.5241761960722361f,0.583152967906845f,-0.7532983651689183f,0.30409569062266106f,-0.005295579097948394f,0f,0f,0f,1f],start_interpolation:0}
execute if entity @s[tag=aj.folklore_microphone.bone.head] run data modify entity @s {} merge value {transformation:[-0.936824901761244f,0.0005227363980454248f,0.349798270702835f,0f,-0.02136393335660324f,0.9980465647023496f,-0.0587080662036597f,0.8125f,-0.3491456512568505f,-0.06247224529738653f,-0.9349837072248548f,0f,0f,0f,0f,1f],start_interpolation:0}