execute if entity @s[tag=aj.folklore_microphone.bone.left_straight] run data modify entity @s {} merge value {transformation:[-0.9744121723328713f,-0.21706901533207595f,-0.05832633189476089f,0.08543303385300027f,-0.15532349864130018f,0.8378570270810197f,-0.5233261057321537f,0.4425267252849752f,0.16246700951073373f,-0.5008758775921618f,-0.8501340047703778f,0.23557328995043575f,0f,0f,0f,1f],start_interpolation:0}
execute if entity @s[tag=aj.folklore_microphone.bone.left_bend] run data modify entity @s {} merge value {transformation:[-0.9744121723328713f,-0.22162370746207477f,-0.03746799568030733f,0.42515088074952845f,-0.15532349864130018f,0.7844248448627533f,-0.6004600515703533f,0.47955361484461756f,0.16246700951073373f,-0.5792759230736333f,-0.7987764867394564f,0.12532845409706073f,0f,0f,0f,1f],start_interpolation:0}
execute if entity @s[tag=aj.folklore_microphone.bone.right_straight] run data modify entity @s {} merge value {transformation:[-0.7739043865708405f,0.5318822164896928f,-0.3437634480691958f,-0.2735434547066248f,0.2621381217925294f,0.7631634452659654f,0.5906480855068159f,0.37857254288756864f,0.5765029102697541f,0.36699163967561094f,-0.7300421432073017f,-0.3567665245766786f,0f,0f,0f,1f],start_interpolation:0}
execute if entity @s[tag=aj.folklore_microphone.bone.microphone] run data modify entity @s {} merge value {transformation:[-0.7739043865708405f,0.5258017088379063f,-0.3529937158499406f,-0.28810953353343205f,0.2621381217925294f,0.7733554422264546f,0.5772390883176656f,0.4538410473642959f,0.5765029102697541f,0.35419475287172497f,-0.7363358415075566f,0.16252227340537329f,0f,0f,0f,1f],start_interpolation:0}
execute if entity @s[tag=aj.folklore_microphone.bone.right_bend] run data modify entity @s {} merge value {transformation:[-0.7739043865708405f,-0.3529937158499405f,-0.5258017088379064f,-0.5024223492133582f,0.2621381217925294f,0.5772390883176658f,-0.7733554422264545f,0.5999529194574913f,0.5765029102697541f,-0.7363358415075565f,-0.35419475287172514f,-0.1873833667600075f,0f,0f,0f,1f],start_interpolation:0}
execute if entity @s[tag=aj.folklore_microphone.bone.head] run data modify entity @s {} merge value {transformation:[-0.9514753143956313f,0.2278937377898494f,-0.20678290638228758f,0f,0.001293659097606148f,0.6749291970049146f,0.7378813627382388f,0.8125f,0.30772236275882475f,0.7018083950099716f,-0.6424732867222214f,0f,0f,0f,0f,1f],start_interpolation:0}