execute if entity @s[tag=aj.folklore_microphone.bone.left_straight] run data modify entity @s {} merge value {transformation:[-0.9791185816336805f,-0.19661760729120326f,-0.05165577995473396f,0.07547505515280178f,-0.14666451191413926f,0.8591586363902899f,-0.49024071481361586f,0.43553939830889643f,0.14077046581096841f,-0.47242772359278395f,-0.8700550108678778f,0.21794045479592067f,0f,0f,0f,1f],start_interpolation:0}
execute if entity @s[tag=aj.folklore_microphone.bone.left_bend] run data modify entity @s {} merge value {transformation:[-0.9791185816336805f,-0.20021407039833616f,-0.03522966241932794f,0.4174816027342012f,-0.14666451191413926f,0.8157037119595199f,-0.5595685616977139f,0.4715655113536412f,0.14077046581096841f,-0.5427170352126336f,-0.8280349604004483f,0.11466039634729401f,0f,0f,0f,1f],start_interpolation:0}
execute if entity @s[tag=aj.folklore_microphone.bone.right_straight] run data modify entity @s {} merge value {transformation:[-0.7739043865708405f,0.536889495396538f,-0.3358893719355558f,-0.2759131584971898f,0.2621381217925294f,0.7543779854971215f,0.6018284307843803f,0.3813672303445785f,0.5765029102697542f,0.3777082534578184f,-0.7245556360420835f,-0.36121839851113735f,0f,0f,0f,1f],start_interpolation:0}
execute if entity @s[tag=aj.folklore_microphone.bone.microphone] run data modify entity @s {} merge value {transformation:[-0.7739043865708405f,0.5309456466889231f,-0.34520822804286183f,-0.29187173799202953f,0.2621381217925294f,0.7647664444555802f,0.5885710581891154f,0.4508393886915354f,0.5765029102697542f,0.36500548721471476f,-0.7310372006633127f,0.1588367111487125f,0f,0f,0f,1f],start_interpolation:0}
execute if entity @s[tag=aj.folklore_microphone.bone.right_bend] run data modify entity @s {} merge value {transformation:[-0.7739043865708405f,-0.3452082280428617f,-0.5309456466889232f,-0.5035689337801482f,0.2621381217925294f,0.5885710581891156f,-0.7647664444555801f,0.602745761245625f,0.5765029102697542f,-0.7310372006633126f,-0.36500548721471493f,-0.1901924716192709f,0f,0f,0f,1f],start_interpolation:0}
execute if entity @s[tag=aj.folklore_microphone.bone.head] run data modify entity @s {} merge value {transformation:[-0.9592934377516665f,0.21871135751174245f,-0.17866572805650274f,0f,0.0011959794041695865f,0.635784360863623f,0.7718658018817128f,0.8125f,0.2824086930670765f,0.7402321180390685f,-0.610165339480653f,0f,0f,0f,0f,1f],start_interpolation:0}