execute if entity @s[tag=aj.folklore_microphone.bone.left_bend] run data modify entity @s {} merge value {transformation:[-0.9355072821725394f,0.27113036006352165f,0.2265269362658088f,0.3459558612300571f,-0.2079808508874727f,0.09568503646238963f,-0.9734414925722624f,0.45277933702066775f,-0.28560478053819677f,-0.9577748700237528f,-0.033124125418072525f,0.09357415277254709f,0f,0f,0f,1f],start_interpolation:0}
execute if entity @s[tag=aj.folklore_microphone.bone.right_straight] run data modify entity @s {} merge value {transformation:[-0.7739043865708406f,0.07186400803436269f,-0.6292118600246248f,-0.07972054021573982f,0.26213812179252916f,0.940782473073438f,-0.2149696338111758f,0.35367651086873236f,0.5765029102697541f,-0.33130635778243517f,-0.7469139788111084f,-0.08525600827641572f,0f,0f,0f,1f],start_interpolation:0}
execute if entity @s[tag=aj.folklore_microphone.bone.microphone] run data modify entity @s {} merge value {transformation:[-0.7739043865708406f,0.060871801681548945f,-0.6303702278871149f,-0.11072020152388767f,0.26213812179252916f,0.9368874499250601f,-0.231355810983868f,0.7371838228869954f,0.5765029102697541f,-0.34429134455132665f,-0.7410181269831012f,0.2718147644780945f,0f,0f,0f,1f],start_interpolation:0}
execute if entity @s[tag=aj.folklore_microphone.bone.right_bend] run data modify entity @s {} merge value {transformation:[-0.7739043865708406f,-0.6303702278871149f,-0.060871801681549084f,-0.38340004786032666f,0.26213812179252916f,-0.23135581098386782f,-0.9368874499250601f,0.5253770736198509f,0.5765029102697541f,-0.7410181269831013f,0.3442913445513265f,0.0063035189203925895f,0f,0f,0f,1f],start_interpolation:0}
execute if entity @s[tag=aj.folklore_microphone.bone.head] run data modify entity @s {} merge value {transformation:[-0.9996707759496555f,0.0012590607007710336f,-0.02562722143279532f,0f,0.0018370896616153663f,0.9997441584127901f,-0.02254424141720737f,0.8125f,0.025592280355391073f,-0.022583898814286168f,-0.9994173315990459f,0f,0f,0f,0f,1f],start_interpolation:0}