execute if entity @s[tag=aj.folklore_microphone.bone.left_straight] run data modify entity @s {} merge value {transformation:[-0.996043090006683f,-0.02742336996365641f,0.08453473623177112f,-0.00351726246096723f,-0.07591285357190573f,-0.2320584658498308f,-0.9697350705682422f,1.0365813058324485f,0.046210404807890265f,-0.9723151892299429f,0.2290584451187767f,0.3181715454465181f,0f,0f,0f,1f],start_interpolation:0}
execute if entity @s[tag=aj.folklore_microphone.bone.left_bend] run data modify entity @s {} merge value {transformation:[-0.996043090006683f,0.04111075144006912f,0.07879130006524543f,0.35564282994232566f,-0.07591285357190573f,-0.8545611926283092f,-0.5137727189295404f,0.9300113913676429f,0.046210404807890265f,-0.5177210389483076f,0.8543006053595985f,0.20913553746471347f,0f,0f,0f,1f],start_interpolation:0}
execute if entity @s[tag=aj.folklore_microphone.bone.right_straight] run data modify entity @s {} merge value {transformation:[-0.9242517501679267f,0.15444217710091288f,-0.34915085026941356f,-0.07695417572008667f,0.20246421233306433f,0.9736133502355951f,-0.10528668941215777f,0.48178674589861564f,0.3236772235358491f,-0.16800195884379027f,-0.9311328566798474f,-0.05434722831523318f,0f,0f,0f,1f],start_interpolation:0}
execute if entity @s[tag=aj.folklore_microphone.bone.microphone] run data modify entity @s {} merge value {transformation:[-0.9242517501679267f,0.3248941983872521f,-0.2005055165471241f,-0.27145823947263753f,0.20246421233306433f,0.8623556385711146f,0.46405925844546714f,0.5589313745159118f,0.3236772235358491f,0.3883123903237055f,-0.8628131561845901f,0.3626893821654942f,0f,0f,0f,1f],start_interpolation:0}
execute if entity @s[tag=aj.folklore_microphone.bone.right_bend] run data modify entity @s {} merge value {transformation:[-0.9242517501679267f,-0.200505516547124f,-0.32489419838725214f,-0.3976151945771106f,0.20246421233306433f,0.4640592584454673f,-0.8623556385711145f,0.6466267029215952f,0.3236772235358491f,-0.86281315618459f,-0.3883123903237057f,-0.044872356967816114f,0f,0f,0f,1f],start_interpolation:0}
execute if entity @s[tag=aj.folklore_microphone.bone.head] run data modify entity @s {} merge value {transformation:[-1f,-5.895860264288109e-17f,1.0733816190441044e-16f,0f,0f,0.8764826068964819f,0.48143352584541416f,0.939453125f,-1.2246467991473532e-16f,0.48143352584541416f,-0.8764826068964819f,0f,0f,0f,0f,1f],start_interpolation:0}
execute if entity @s[tag=aj.folklore_microphone.bone.hair] run data modify entity @s {} merge value {transformation:[-1f,0f,1.2246467991473532e-16f,-0.010937499999999998f,0f,1f,0f,0.533203125f,-1.2246467991473532e-16f,0f,-1f,-0.007968750000000002f,0f,0f,0f,1f],start_interpolation:0}
execute if entity @s[tag=aj.folklore_microphone.bone.outfit] run data modify entity @s {} merge value {transformation:[-1f,0f,1.2246467991473532e-16f,0f,0f,1f,0f,-0.498046875f,-1.2246467991473532e-16f,0f,-1f,0f,0f,0f,0f,1f],start_interpolation:0}
execute if entity @s[tag=aj.folklore_microphone.bone.chest] run data modify entity @s {} merge value {transformation:[-1f,0f,1.2246467991473532e-16f,-0.010937499999999998f,0f,1f,0f,0.189453125f,-1.2246467991473532e-16f,0f,-1f,-0.007968750000000002f,0f,0f,0f,1f],start_interpolation:0}
execute if entity @s[tag=aj.folklore_microphone.bone.right_leg] run data modify entity @s {} merge value {transformation:[-1f,-1.0126562604985709e-16f,6.886850373972911e-17f,0.10625000000000001f,0f,0.5623540092349733f,0.8268965886356962f,0.2890625f,-1.2246467991473532e-16f,0.8268965886356962f,-0.5623540092349733f,-0.062499999999999986f,0f,0f,0f,1f],start_interpolation:0}
execute if entity @s[tag=aj.folklore_microphone.bone.left_leg] run data modify entity @s {} merge value {transformation:[-1f,-1.0126562604985709e-16f,6.886850373972911e-17f,-0.10624999999999998f,0f,0.5623540092349733f,0.8268965886356962f,0.2890625f,-1.2246467991473532e-16f,0.8268965886356962f,-0.5623540092349733f,-0.06250000000000001f,0f,0f,0f,1f],start_interpolation:0}
execute if entity @s[tag=aj.folklore_microphone.bone.waist] run data modify entity @s {} merge value {transformation:[-1f,0f,1.2246467991473532e-16f,0f,0f,1f,0f,1.001953125f,-1.2246467991473532e-16f,0f,-1f,0f,0f,0f,0f,1f],start_interpolation:0}