execute if entity @s[tag=aj.folklore_microphone.bone.left_straight] run data modify entity @s {} merge value {transformation:[-0.9905461404096804f,0.03304522126313214f,0.13314036604710258f,-0.027649668002028283f,-0.11496793493915297f,0.3295043848030452f,-0.937128184578499f,0.6763921327803855f,-0.07483794261811662f,-0.9435755792448409f,-0.32259015576649286f,0.2941826986166542f,0f,0f,0f,1f],start_interpolation:0}
execute if entity @s[tag=aj.folklore_microphone.bone.left_bend] run data modify entity @s {} merge value {transformation:[-0.9905461404096804f,0.10492584747293088f,0.08836803863147054f,0.33135804202632546f,-0.11496793493915297f,-0.28354157791751233f,-0.9520433538068915f,0.670185855698858f,-0.07483794261811662f,-0.9532023605321874f,0.2929241236575659f,0.2913408422168154f,0f,0f,0f,1f],start_interpolation:0}
execute if entity @s[tag=aj.folklore_microphone.bone.right_straight] run data modify entity @s {} merge value {transformation:[-0.7437060441329258f,0.10174297571739893f,-0.6607190679951074f,-0.0996308986008945f,0.2666691568420978f,0.9514617726623655f,-0.15364913260840027f,0.34468641359437446f,0.6130162156984751f,-0.29046318536840066f,-0.7347395846395938f,-0.1138987069820157f,0f,0f,0f,1f],start_interpolation:0}
execute if entity @s[tag=aj.folklore_microphone.bone.microphone] run data modify entity @s {} merge value {transformation:[-0.7437060441329258f,0.09019634205388015f,-0.6623940970451457f,-0.10308880141373228f,0.2666691568420978f,0.9486353133148626f,-0.1702310286673297f,0.71204299393296f,0.6130162156984751f,-0.3032419202750702f,-0.7295583986759446f,0.2610353671140494f,0f,0f,0f,1f],start_interpolation:0}
execute if entity @s[tag=aj.folklore_microphone.bone.right_bend] run data modify entity @s {} merge value {transformation:[-0.7437060441329258f,-0.6623940970451457f,-0.0901963420538803f,-0.3926947359962487f,0.2666691568420978f,-0.17023102866732948f,-0.9486353133148626f,0.5243231590842671f,0.6130162156984751f,-0.7295583986759447f,0.30324192027507f,-0.004675538589400938f,0f,0f,0f,1f],start_interpolation:0}