execute if entity @s[tag=aj.folklore_microphone.bone.left_bend] run data modify entity @s {} merge value {transformation:[-0.9678343145663069f,0.2298351845761203f,0.10233536768306323f,0.3459558612300571f,-0.1826582440454232f,-0.3621959025256303f,-0.9140295914662097f,0.45277933702066775f,-0.17301070900441312f,-0.9033216017147516f,0.3925269142941482f,0.09357415277254709f,0f,0f,0f,1f],start_interpolation:0}
execute if entity @s[tag=aj.folklore_microphone.bone.right_straight] run data modify entity @s {} merge value {transformation:[-0.7739043865708406f,0.08043134062309419f,-0.6281741795807773f,-0.08309696760557683f,0.26213812179252916f,0.9436244256767026f,-0.2021300283713389f,0.35187509450082627f,0.576502910269754f,-0.32109771520813557f,-0.7513592028707834f,-0.08896945364945262f,0f,0f,0f,1f],start_interpolation:0}
execute if entity @s[tag=aj.folklore_microphone.bone.microphone] run data modify entity @s {} merge value {transformation:[-0.7739043865708406f,0.06945593944488844f,-0.629482226057447f,-0.1123802203594953f,0.26213812179252916f,0.9399530516978083f,-0.21856775999003733f,0.7318328159827667f,0.576502910269754f,-0.33416183665973204f,-0.7456408393930006f,0.27201945909247416f,0f,0f,0f,1f],start_interpolation:0}
execute if entity @s[tag=aj.folklore_microphone.bone.right_bend] run data modify entity @s {} merge value {transformation:[-0.7739043865708406f,-0.629482226057447f,-0.06945593944488858f,-0.38575040972269736f,0.26213812179252916f,-0.2185677599900371f,-0.9399530516978083f,0.5249878932220627f,0.576502910269754f,-0.7456408393930007f,0.33416183665973187f,0.0033253269525506807f,0f,0f,0f,1f],start_interpolation:0}
execute if entity @s[tag=aj.folklore_microphone.bone.head] run data modify entity @s {} merge value {transformation:[-0.9997906121484901f,0.0006711970949280016f,-0.02045192788485163f,0f,0.0014652366426942014f,0.9992445831858902f,-0.038834469936352645f,0.8125f,0.020410412571242105f,-0.03885630538427877f,-0.999036336972062f,0f,0f,0f,0f,1f],start_interpolation:0}