execute if entity @s[tag=aj.folklore_microphone.bone.left_straight] run data modify entity @s {} merge value {transformation:[-0.9814128306153456f,0.1861575425346325f,0.04662858845216691f,-0.07902362630508264f,-0.12167741621397551f,-0.41571542258499483f,-0.9013186416625754f,1.1768967529914534f,-0.14840304001962368f,-0.890239325565011f,0.4306396183939516f,0.2063477187089363f,0f,0f,0f,1f],start_interpolation:0}
execute if entity @s[tag=aj.folklore_microphone.bone.left_bend] run data modify entity @s {} merge value {transformation:[-0.9814128306153456f,0.15690063097072543f,-0.11050361036890738f,0.2966473413546295f,-0.12167741621397551f,-0.9540204734176818f,-0.27393346397144114f,1.0717940681185847f,-0.14840304001962368f,-0.2553960224844744f,0.9553791966606996f,0.19817952607432848f,0f,0f,0f,1f],start_interpolation:0}
execute if entity @s[tag=aj.folklore_microphone.bone.right_straight] run data modify entity @s {} merge value {transformation:[-0.9634331204548024f,0.14421644975870873f,-0.22582789471125114f,0.027073388503337292f,0.16538194040458154f,0.9831643376104169f,-0.07769619706964907f,0.5780339660065179f,0.2108208628166044f,-0.11220294501511155f,-0.9710638820032379f,-0.0362318498973064f,0f,0f,0f,1f],start_interpolation:0}
execute if entity @s[tag=aj.folklore_microphone.bone.microphone] run data modify entity @s {} merge value {transformation:[-0.9634331204548024f,0.2678991948231434f,0.005161765573284969f,-0.2638558460448748f,0.16538194040458154f,0.5793776729779224f,0.7981042073831608f,0.47184520981315725f,0.2108208628166044f,0.7697736897736888f,-0.6024973280716382f,0.28463697386299636f,0f,0f,0f,1f],start_interpolation:0}
execute if entity @s[tag=aj.folklore_microphone.bone.right_bend] run data modify entity @s {} merge value {transformation:[-0.9634331204548024f,0.005161765573285029f,-0.2678991948231434f,-0.29716732179886746f,0.16538194040458154f,0.7981042073831609f,-0.5793776729779222f,0.7339438655686763f,0.2108208628166044f,-0.602497328071638f,-0.7697736897736889f,-0.06163930223027332f,0f,0f,0f,1f],start_interpolation:0}
execute if entity @s[tag=aj.folklore_microphone.bone.head] run data modify entity @s {} merge value {transformation:[-1f,-4.932224446026943e-17f,1.1209332731264603e-16f,0f,0f,0.9153114791194471f,0.40274668985873724f,1.028564453125f,-1.2246467991473532e-16f,0.40274668985873724f,-0.9153114791194471f,0f,0f,0f,0f,1f],start_interpolation:0}
execute if entity @s[tag=aj.folklore_microphone.bone.hair] run data modify entity @s {} merge value {transformation:[-1f,0f,1.2246467991473532e-16f,-0.010937499999999998f,0f,1f,0f,0.622314453125f,-1.2246467991473532e-16f,0f,-1f,-0.007968750000000002f,0f,0f,0f,1f],start_interpolation:0}
execute if entity @s[tag=aj.folklore_microphone.bone.outfit] run data modify entity @s {} merge value {transformation:[-1f,0f,1.2246467991473532e-16f,0f,0f,1f,0f,-0.408935546875f,-1.2246467991473532e-16f,0f,-1f,0f,0f,0f,0f,1f],start_interpolation:0}
execute if entity @s[tag=aj.folklore_microphone.bone.chest] run data modify entity @s {} merge value {transformation:[-1f,0f,1.2246467991473532e-16f,-0.010937499999999998f,0f,1f,0f,0.278564453125f,-1.2246467991473532e-16f,0f,-1f,-0.007968750000000002f,0f,0f,0f,1f],start_interpolation:0}
execute if entity @s[tag=aj.folklore_microphone.bone.right_leg] run data modify entity @s {} merge value {transformation:[-1f,-8.779739224849436e-17f,8.53769040255185e-17f,0.10625000000000001f,0f,0.697155327437766f,0.7169201136982706f,0.3603515625f,-1.2246467991473532e-16f,0.7169201136982706f,-0.697155327437766f,-0.062499999999999986f,0f,0f,0f,1f],start_interpolation:0}
execute if entity @s[tag=aj.folklore_microphone.bone.left_leg] run data modify entity @s {} merge value {transformation:[-1f,-8.779739224849436e-17f,8.53769040255185e-17f,-0.10624999999999998f,0f,0.697155327437766f,0.7169201136982706f,0.3603515625f,-1.2246467991473532e-16f,0.7169201136982706f,-0.697155327437766f,-0.06250000000000001f,0f,0f,0f,1f],start_interpolation:0}
execute if entity @s[tag=aj.folklore_microphone.bone.waist] run data modify entity @s {} merge value {transformation:[-1f,0f,1.2246467991473532e-16f,0f,0f,1f,0f,1.091064453125f,-1.2246467991473532e-16f,0f,-1f,0f,0f,0f,0f,1f],start_interpolation:0}