execute if entity @s[tag=aj.folklore_microphone.bone.left_straight] run data modify entity @s {} merge value {transformation:[-0.9406498648601552f,-0.3328646363653072f,-0.06617375307448921f,0.14270683512131352f,-0.19845448854585387f,0.6976686569566491f,-0.6883852562891721f,0.49055257753020975f,0.27530646144719384f,-0.6343970199785758f,-0.7223204090483166f,0.3203656405921657f,0f,0f,0f,1f],start_interpolation:0}
execute if entity @s[tag=aj.folklore_microphone.bone.left_bend] run data modify entity @s {} merge value {transformation:[-0.9406498648601552f,-0.3391667626586952f,-0.011989113653309139f,0.4685742386369902f,-0.19845448854585387f,0.5783668414532679f,-0.7912696207256882f,0.5321242536412565f,0.27530646144719384f,-0.7419283683853793f,-0.6113498576677956f,0.17539888249196595f,0f,0f,0f,1f],start_interpolation:0}
execute if entity @s[tag=aj.folklore_microphone.bone.right_straight] run data modify entity @s {} merge value {transformation:[-0.7739043865708405f,0.5022016129917657f,-0.385830973814804f,-0.2597482260878628f,0.26213812179252943f,0.808618504825444f,0.5267064825469195f,0.3644455228446775f,0.5765029102697542f,0.3064794504731635f,-0.7574395955376055f,-0.3318240339383434f,0f,0f,0f,1f],start_interpolation:0}
execute if entity @s[tag=aj.folklore_microphone.bone.microphone] run data modify entity @s {} merge value {transformation:[-0.7739043865708405f,0.49539144628253f,-0.3945368365520695f,-0.2675785806726281f,0.26213812179252943f,0.8176876439170883f,0.5125139237995453f,0.4717130827207734f,0.5765029102697542f,0.29321362849537586f,-0.7626730377527972f,0.18195678535476853f,0f,0f,0f,1f],start_interpolation:0}
execute if entity @s[tag=aj.folklore_microphone.bone.right_bend] run data modify entity @s {} merge value {transformation:[-0.7739043865708405f,-0.3945368365520694f,-0.4953914462825301f,-0.49548204154504744f,0.26213812179252943f,0.5125139237995455f,-0.8176876439170881f,0.5853125559250146f,0.5765029102697542f,-0.762673037752797f,-0.293213628495376f,-0.1714095845233988f,0f,0f,0f,1f],start_interpolation:0}
execute if entity @s[tag=aj.folklore_microphone.bone.head] run data modify entity @s {} merge value {transformation:[-0.9044468818798863f,0.2307423656123671f,-0.3587949255067015f,0f,0.0016108588491745846f,0.8429254846037664f,0.5380279105578758f,0.8125f,0.42658321930371196f,0.4860396980876298f,-0.7627530195884947f,0f,0f,0f,0f,1f],start_interpolation:0}