execute if entity @s[tag=aj.folklore_microphone.bone.left_straight] run data modify entity @s {} merge value {transformation:[-0.9960117240598823f,-0.057006407436511565f,0.06863610599708646f,0.008824261849005088f,-0.075641207322117f,0.13153066544084635f,-0.9884220211041136f,1.0048527647579424f,0.04731863575921607f,-0.9896716392621699f,-0.1353181183360752f,0.34516015497545194f,0f,0f,0f,1f],start_interpolation:0}
execute if entity @s[tag=aj.folklore_microphone.bone.left_bend] run data modify entity @s {} merge value {transformation:[-0.9960117240598823f,-0.004936479474978286f,0.08908578284807273f,0.3631535159525886f,-0.075641207322117f,-0.4828133161777863f,-0.8724504051671141f,0.9478728104350074f,0.04731863575921607f,-0.8757093883771044f,0.4805143221778977f,0.21663909395988573f,0f,0f,0f,1f],start_interpolation:0}
execute if entity @s[tag=aj.folklore_microphone.bone.right_straight] run data modify entity @s {} merge value {transformation:[-0.8931491890841827f,0.15373682738052f,-0.422669509126503f,-0.08302310944831726f,0.2221380963487561f,0.9679286721421011f,-0.11734032467902838f,0.5861460189340189f,0.3910744074838158f,-0.19869341597597348f,-0.8986555147880533f,-0.06665594400923172f,0f,0f,0f,1f],start_interpolation:0}
execute if entity @s[tag=aj.folklore_microphone.bone.microphone] run data modify entity @s {} merge value {transformation:[-0.8931491890841827f,0.3198675850036519f,-0.31617914874671654f,-0.22594673855363517f,0.2221380963487561f,0.924994574999351f,0.30828509917334784f,0.7409359860201498f,0.3910744074838158f,0.20510915212564662f,-0.8972129309843235f,0.3637944376056369f,0f,0f,0f,1f],start_interpolation:0}
execute if entity @s[tag=aj.folklore_microphone.bone.right_bend] run data modify entity @s {} merge value {transformation:[-0.8931491890841827f,-0.3161791487467165f,-0.319867585003652f,-0.3997164772754103f,0.2221380963487561f,0.30828509917334807f,-0.9249945749993509f,0.7558779529142585f,0.3910744074838158f,-0.8972129309843235f,-0.20510915212564682f,-0.03532137851880909f,0f,0f,0f,1f],start_interpolation:0}
execute if entity @s[tag=aj.folklore_microphone.bone.head] run data modify entity @s {} merge value {transformation:[-1f,-4.789651440796898e-17f,1.1270990078154533e-16f,0f,0f,0.9203461835691594f,0.391104720490156f,1.0475f,-1.2246467991473532e-16f,0.391104720490156f,-0.9203461835691594f,0f,0f,0f,0f,1f],start_interpolation:0}
execute if entity @s[tag=aj.folklore_microphone.bone.hair] run data modify entity @s {} merge value {transformation:[-1f,0f,1.2246467991473532e-16f,-0.010937499999999998f,0f,1f,0f,0.6412500000000001f,-1.2246467991473532e-16f,0f,-1f,-0.007968750000000002f,0f,0f,0f,1f],start_interpolation:0}
execute if entity @s[tag=aj.folklore_microphone.bone.outfit] run data modify entity @s {} merge value {transformation:[-1f,0f,1.2246467991473532e-16f,0f,0f,1f,0f,-0.38999999999999996f,-1.2246467991473532e-16f,0f,-1f,0f,0f,0f,0f,1f],start_interpolation:0}
execute if entity @s[tag=aj.folklore_microphone.bone.chest] run data modify entity @s {} merge value {transformation:[-1f,0f,1.2246467991473532e-16f,-0.010937499999999998f,0f,1f,0f,0.29750000000000004f,-1.2246467991473532e-16f,0f,-1f,-0.007968750000000002f,0f,0f,0f,1f],start_interpolation:0}
execute if entity @s[tag=aj.folklore_microphone.bone.right_leg] run data modify entity @s {} merge value {transformation:[-1f,-8.457778260586134e-17f,8.856746872353435e-17f,0.10625000000000001f,0f,0.7232082653153421f,0.6906300058494228f,0.37549999999999994f,-1.2246467991473532e-16f,0.6906300058494228f,-0.7232082653153421f,-0.062499999999999986f,0f,0f,0f,1f],start_interpolation:0}
execute if entity @s[tag=aj.folklore_microphone.bone.left_leg] run data modify entity @s {} merge value {transformation:[-1f,-8.457778260586134e-17f,8.856746872353435e-17f,-0.10624999999999998f,0f,0.7232082653153421f,0.6906300058494228f,0.37549999999999994f,-1.2246467991473532e-16f,0.6906300058494228f,-0.7232082653153421f,-0.06250000000000001f,0f,0f,0f,1f],start_interpolation:0}
execute if entity @s[tag=aj.folklore_microphone.bone.waist] run data modify entity @s {} merge value {transformation:[-1f,0f,1.2246467991473532e-16f,0f,0f,1f,0f,1.11f,-1.2246467991473532e-16f,0f,-1f,0f,0f,0f,0f,1f],start_interpolation:0}