execute if entity @s[tag=aj.folklore_microphone.bone.left_bend] run data modify entity @s {} merge value {transformation:[-0.8701243605297175f,0.18458774861953403f,0.45695837914663734f,0.3459558612300571f,-0.23502612953229884f,0.6595645656884287f,-0.7139588938624558f,0.45277933702066775f,-0.4331816197045039f,-0.7286301851747607f,-0.5305202518305748f,0.09357415277254709f,0f,0f,0f,1f],start_interpolation:0}
execute if entity @s[tag=aj.folklore_microphone.bone.right_straight] run data modify entity @s {} merge value {transformation:[-0.7739043865708406f,0.0696425768245506f,-0.6294616048176788f,-0.0788461167261914f,0.2621381217925293f,0.9400178153587433f,-0.21828905586689576f,0.35415382796715245f,0.576502910269754f,-0.33394074070321556f,-0.7457398850464495f,-0.08429920969521734f,0f,0f,0f,1f],start_interpolation:0}
execute if entity @s[tag=aj.folklore_microphone.bone.microphone] run data modify entity @s {} merge value {transformation:[-0.7739043865708406f,0.05864635015883589f,-0.6305811653224811f,-0.11029719450468756f,0.2621381217925293f,0.9360649767685858f,-0.23466138235830866f,0.7385716245395337f,0.576502910269754f,-0.346904835481252f,-0.7397982357171646f,0.2717515753245641f,0f,0f,0f,1f],start_interpolation:0}
execute if entity @s[tag=aj.folklore_microphone.bone.right_bend] run data modify entity @s {} merge value {transformation:[-0.7739043865708406f,-0.6305811653224811f,-0.05864635015883603f,-0.38279001682988056f,0.2621381217925293f,-0.23466138235830847f,-0.9360649767685858f,0.5254860121075091f,0.576502910269754f,-0.7397982357171647f,0.34690483548125184f,0.0070728971003802266f,0f,0f,0f,1f],start_interpolation:0}
execute if entity @s[tag=aj.folklore_microphone.bone.head] run data modify entity @s {} merge value {transformation:[-0.9998256342721262f,0.001297823131145069f,-0.018628384456544966f,0f,0.001337138709284572f,0.9999969047622009f,-0.002098219742972358f,0.8125f,0.018625603679148603f,-0.0021227626193079164f,-0.999824274943577f,0f,0f,0f,0f,1f],start_interpolation:0}