execute if entity @s[tag=aj.folklore_microphone.bone.left_straight] run data modify entity @s {} merge value {transformation:[-0.8414824175806216f,-0.010831902153573407f,0.5401759072731844f,0.020027599655392136f,-0.26302750148221044f,0.8815334263391993f,-0.3920654941597096f,0.3802430518399854f,-0.4719363032938855f,-0.4719973391264054f,-0.7446439669337924f,-0.006384572341209503f,0f,0f,0f,1f],start_interpolation:0}
execute if entity @s[tag=aj.folklore_microphone.bone.left_bend] run data modify entity @s {} merge value {transformation:[-0.8301910016811875f,0.5444509296041643f,-0.11981688520717036f,0.34781196330759f,-0.266627660115396f,-0.5765300494395358f,-0.7723488803349401f,0.4631749651228002f,-0.48958410062927454f,-0.6092505948675047f,0.6237957366515232f,0.11449900217240207f,0f,0f,0f,1f],start_interpolation:0}
execute if entity @s[tag=aj.folklore_microphone.bone.right_straight] run data modify entity @s {} merge value {transformation:[-0.7739043865708398f,0.3012116188582398f,-0.5570848778338994f,-0.17252591390758049f,0.2621381217925311f,0.9531151677070104f,0.15117897403383007f,0.3289310504266744f,0.5765029102697542f,-0.029035112392339833f,-0.8165790572252437f,-0.19858719205780684f,0f,0f,0f,1f],start_interpolation:0}
execute if entity @s[tag=aj.folklore_microphone.bone.microphone] run data modify entity @s {} merge value {transformation:[-0.7739043865708398f,0.29144327116171476f,-0.5622568987046503f,-0.17219617715409652f,0.2621381217925311f,0.9556084405500617f,0.1345217954554704f,0.5947049547257567f,0.5765029102697542f,-0.0432819597989566f,-0.8159479556972156f,0.2540743782079844f,0f,0f,0f,1f],start_interpolation:0}
execute if entity @s[tag=aj.folklore_microphone.bone.right_bend] run data modify entity @s {} merge value {transformation:[-0.7739043865708398f,-0.5622568987046502f,-0.29144327116171487f,-0.4449333839272573f,0.2621381217925311f,0.13452179545547063f,-0.9556084405500617f,0.5333891869200449f,0.5765029102697542f,-0.8159479556972156f,0.04328195979895642f,-0.0799427049041694f,0f,0f,0f,1f],start_interpolation:0}
execute if entity @s[tag=aj.folklore_microphone.bone.head] run data modify entity @s {} merge value {transformation:[-0.999057875689644f,0.02598784659166496f,-0.03475619156386362f,0f,0.00011239729133777354f,0.8024229941049098f,0.5967556668340576f,0.8125f,0.043397562020749465f,0.5961895423112015f,-0.8016699328585395f,0f,0f,0f,0f,1f],start_interpolation:0}