execute if entity @s[tag=aj.folklore_microphone.bone.left_straight] run data modify entity @s {} merge value {transformation:[-0.8300841972587654f,0.02375910997768144f,0.5571316991110266f,0.009741768201281975f,-0.24375745089296308f,0.8831242670334645f,-0.400841407679859f,0.38694000867347705f,-0.5015401585072085f,-0.46853712090897837f,-0.7272760381965636f,-0.01917261916039001f,0f,0f,0f,1f],start_interpolation:0}
execute if entity @s[tag=aj.folklore_microphone.bone.left_bend] run data modify entity @s {} merge value {transformation:[-0.8300841972587654f,0.5403824853381459f,-0.13764808389890318f,0.33484033375836947f,-0.24375745089296308f,-0.5736315814211289f,-0.7820032697696728f,0.46257839986245075f,-0.5015401585072085f,-0.6155758103889911f,0.6078847679194643f,0.11320142034086693f,0f,0f,0f,1f],start_interpolation:0}
execute if entity @s[tag=aj.folklore_microphone.bone.right_straight] run data modify entity @s {} merge value {transformation:[-0.7474780618794299f,0.09684931296173913f,-0.6571885251492224f,-0.0966717545413826f,0.2661976979948311f,0.9500782636359579f,-0.16275772961286936f,0.34587613392011335f,0.6086175585630305f,-0.2965999048302651f,-0.7359437232991758f,-0.10999113692637275f,0f,0f,0f,1f],start_interpolation:0}
execute if entity @s[tag=aj.folklore_microphone.bone.microphone] run data modify entity @s {} merge value {transformation:[-0.7474780618794299f,0.08536504109545165f,-0.6587786857266581f,-0.10371543690673118f,0.2661976979948311f,0.9470930480665856f,-0.179314092826518f,0.7157470829204361f,0.6086175585630305f,-0.3093987202021306f,-0.7306552534171364f,0.2624121951646988f,0f,0f,0f,1f],start_interpolation:0}
execute if entity @s[tag=aj.folklore_microphone.bone.right_bend] run data modify entity @s {} merge value {transformation:[-0.7474780618794299f,-0.6587786857266581f,-0.0853650410954518f,-0.3912233565783969f,0.2661976979948311f,-0.17931409282651778f,-0.9470930480665856f,0.524423303875847f,0.6086175585630305f,-0.7306552534171366f,0.30939872020213044f,-0.0030063928221818192f,0f,0f,0f,1f],start_interpolation:0}