execute if entity @s[tag=aj.folklore_microphone.bone.left_straight] run data modify entity @s {} merge value {transformation:[-0.7971557688867813f,-0.006487702173045526f,0.6037388424236412f,0.030600164064110702f,-0.24640525416768644f,0.9163763836254514f,-0.31549766124663653f,0.36846176959739196f,-0.551205162211932f,-0.40026520365134594f,-0.7320933245815483f,-0.06298085045106051f,0f,0f,0f,1f],start_interpolation:0}
execute if entity @s[tag=aj.folklore_microphone.bone.left_bend] run data modify entity @s {} merge value {transformation:[-0.9894942790953319f,0.11790080407414594f,0.08366882356217892f,0.3461828883148921f,-0.14301668114089855f,-0.7136038085302967f,-0.6857957665125228f,0.4501088561404557f,-0.02114948115325127f,-0.6905570250527657f,0.7229686677838969f,0.08759945136925477f,0f,0f,0f,1f],start_interpolation:0}
execute if entity @s[tag=aj.folklore_microphone.bone.right_straight] run data modify entity @s {} merge value {transformation:[-0.7739043865708405f,0.10312375178308857f,-0.6248499758058657f,-0.09207154991717537f,0.2621381217925292f,0.9503244514098529f,-0.1678303969954409f,0.3474084327557635f,0.5765029102697541f,-0.2936816794945543f,-0.7624929282162306f,-0.09898603152822147f,0f,0f,0f,1f],start_interpolation:0}
execute if entity @s[tag=aj.folklore_microphone.bone.microphone] run data modify entity @s {} merge value {transformation:[-0.7739043865708405f,0.0922029097961101f,-0.6265545657574776f,-0.11699829573005638f,0.2621381217925292f,0.9472506680920083f,-0.18439028418636708f,0.7176694957163866f,0.5765029102697541f,-0.30694428684107233f,-0.7572513448163228f,0.2722602165695145f,0f,0f,0f,1f],start_interpolation:0}
execute if entity @s[tag=aj.folklore_microphone.bone.right_bend] run data modify entity @s {} merge value {transformation:[-0.7739043865708405f,-0.6265545657574776f,-0.09220290979611023f,-0.3919578552086048f,0.2621381217925292f,-0.18439028418636685f,-0.9472506680920083f,0.5241963120455271f,0.5765029102697541f,-0.757251344816323f,0.30694428684107217f,-0.004647686897334344f,0f,0f,0f,1f],start_interpolation:0}
execute if entity @s[tag=aj.folklore_microphone.bone.head] run data modify entity @s {} merge value {transformation:[-0.9999827392199175f,0.0001786998672783017f,-0.0058727615810386545f,0f,0.000420763741855742f,0.9991490683778085f,-0.04124272199589906f,0.8125f,0.005860394193552895f,-0.04124448115948256f,-0.9991318974758945f,0f,0f,0f,0f,1f],start_interpolation:0}