execute if entity @s[tag=aj.folklore_microphone.bone.left_straight] run data modify entity @s {} merge value {transformation:[-0.8039823951167672f,0.2675117626170111f,0.5310835764772305f,-0.07403396506184412f,-0.15553988570126048f,0.7674031597579847f,-0.6220126480623202f,0.4751323495987635f,-0.5739509145374239f,-0.5826918973651519f,-0.575369881421207f,-0.008904465924745926f,0f,0f,0f,1f],start_interpolation:0}
execute if entity @s[tag=aj.folklore_microphone.bone.left_bend] run data modify entity @s {} merge value {transformation:[-0.8039823951167672f,0.5800871026041717f,-0.13081002153735558f,0.24343308901862085f,-0.15553988570126048f,-0.41746056801319587f,-0.8952843224976847f,0.5059738150907557f,-0.5739509145374239f,-0.6994466581136811f,0.4258576289738834f,0.156009461511932f,0f,0f,0f,1f],start_interpolation:0}
execute if entity @s[tag=aj.folklore_microphone.bone.right_straight] run data modify entity @s {} merge value {transformation:[-0.7680519008929593f,0.10402784757551897f,-0.6318817013203629f,-0.09398621864444953f,0.2631551244610662f,0.9508276433852785f,-0.1633284208099692f,0.3466294762757996f,0.5838198848999515f,-0.29172761182857243f,-0.7576604400997885f,-0.10244193498550175f,0f,0f,0f,1f],start_interpolation:0}
execute if entity @s[tag=aj.folklore_microphone.bone.microphone] run data modify entity @s {} merge value {transformation:[-0.7680519008929593f,0.0929841473587378f,-0.6336009989533479f,-0.11444429745914364f,0.2631551244610662f,0.9478323537470187f,-0.17989777558454537f,0.7158634096852773f,0.5838198848999515f,-0.3049061782423492f,-0.7524536958943402f,0.2700981884352829f,0f,0f,0f,1f],start_interpolation:0}
execute if entity @s[tag=aj.folklore_microphone.bone.right_bend] run data modify entity @s {} merge value {transformation:[-0.7680519008929593f,-0.6336009989533479f,-0.09298414735873795f,-0.3924290482732026f,0.2631551244610662f,-0.17989777558454514f,-0.9478323537470187f,0.5241970485331578f,0.5838198848999515f,-0.7524536958943403f,0.30490617824234906f,-0.0050401467132967365f,0f,0f,0f,1f],start_interpolation:0}
execute if entity @s[tag=aj.folklore_microphone.bone.head] run data modify entity @s {} merge value {transformation:[-0.9425386316249155f,-0.0004890678678012813f,0.33409682534746216f,0f,-0.020048262520560335f,0.9982796641947681f,-0.055097905813994076f,0.8125f,-0.3334951200010859f,-0.058629965613172165f,-0.9409269536301209f,0f,0f,0f,0f,1f],start_interpolation:0}