execute if entity @s[tag=aj.folklore_microphone.bone.left_straight] run data modify entity @s {} merge value {transformation:[-0.8684159068517865f,-0.467625926776304f,0.1648629895804148f,0.20794859476376773f,-0.3050630206589051f,0.24177733964479098f,-0.9211298884851973f,0.6420896049791465f,0.3908840827576043f,-0.8502174490334166f,-0.35261866542464293f,0.4248296962024742f,0f,0f,0f,1f],start_interpolation:0}
execute if entity @s[tag=aj.folklore_microphone.bone.left_bend] run data modify entity @s {} merge value {transformation:[-0.8679702127672266f,-0.29171053376956524f,0.40191127657318915f,0.519109722541114f,-0.31208720842502163f,-0.3091295206552087f,-0.8983543364379993f,0.7030834976332033f,0.38630206326952526f,-0.9051761728787145f,0.17727608966341551f,0.2563315433875313f,0f,0f,0f,1f],start_interpolation:0}
execute if entity @s[tag=aj.folklore_microphone.bone.right_straight] run data modify entity @s {} merge value {transformation:[-0.7739043865708394f,0.39372446253942023f,-0.4960373454130822f,-0.2117036390863607f,0.2621381217925321f,0.9121598926570657f,0.31503640318371784f,0.33586586907519783f,0.5765029102697543f,0.11377775628783994f,-0.809134733295147f,-0.25433312696068966f,0f,0f,0f,1f],start_interpolation:0}
execute if entity @s[tag=aj.folklore_microphone.bone.microphone] run data modify entity @s {} merge value {transformation:[-0.7739043865708394f,0.38500745103650785f,-0.502833235867304f,-0.2092694988425441f,0.2621381217925321f,0.9175191096381706f,0.2990690364311598f,0.5377858029686934f,0.5765029102697543f,0.09963907915647237f,-0.8109971938023917f,0.23018806905236006f,0f,0f,0f,1f],start_interpolation:0}
execute if entity @s[tag=aj.folklore_microphone.bone.right_bend] run data modify entity @s {} merge value {transformation:[-0.7739043865708394f,-0.5028332358673039f,-0.38500745103650796f,-0.4687557831879351f,0.2621381217925321f,0.29906903643116f,-0.9175191096381705f,0.5499004174542448f,0.5765029102697543f,-0.8109971938023917f,-0.09963907915647255f,-0.11942989888302886f,0f,0f,0f,1f],start_interpolation:0}
execute if entity @s[tag=aj.folklore_microphone.bone.head] run data modify entity @s {} merge value {transformation:[-0.8367933745778545f,0.06421816175739106f,-0.5437397134319951f,0f,0.0013389096124147987f,0.9933348166364415f,0.11525688430153287f,0.8125f,0.5475171737796508f,0.09571817882904327f,-0.8313019756129508f,0f,0f,0f,0f,1f],start_interpolation:0}