execute if entity @s[tag=aj.folklore_microphone.bone.left_straight] run data modify entity @s {} merge value {transformation:[-0.9963918409845492f,0.030101586447071015f,0.07935485941509933f,-0.025649415524926944f,-0.08356600420780907f,-0.5113594519711486f,-0.8552942381546291f,1.0267928594457323f,0.014833143974259413f,-0.8588395690541608f,0.5120298550540807f,0.24763983572843962f,0f,0f,0f,1f],start_interpolation:0}
execute if entity @s[tag=aj.folklore_microphone.bone.left_bend] run data modify entity @s {} merge value {transformation:[-0.9963918409845492f,0.0811441808994898f,0.024878125443279366f,0.3411314026909963f,-0.08356600420780907f,-0.9891924539929339f,-0.12047826320203331f,0.8867361890252454f,0.014833143974259413f,-0.12212252400597057f,0.9924041852845296f,0.18466858625307758f,0f,0f,0f,1f],start_interpolation:0}
execute if entity @s[tag=aj.folklore_microphone.bone.right_straight] run data modify entity @s {} merge value {transformation:[-0.9576116590785414f,0.147069713079772f,-0.24769014895929348f,-0.06852753009589813f,0.1722846151192066f,0.981519691887214f,-0.0832892900129146f,0.3785051400203603f,0.2308634267052066f,-0.12243199717501176f,-0.9652525494800144f,-0.03925540720617753f,0f,0f,0f,1f],start_interpolation:0}
execute if entity @s[tag=aj.folklore_microphone.bone.microphone] run data modify entity @s {} merge value {transformation:[-0.9576116590785414f,0.281500961575376f,-0.061131980411091975f,-0.3297283237432545f,0.1722846151192066f,0.7297629170602018f,0.6616374356677621f,0.34952253899567465f,0.2308634267052066f,0.6230596227616775f,-0.747327762560716f,0.3299643177278128f,0f,0f,0f,1f],start_interpolation:0}
execute if entity @s[tag=aj.folklore_microphone.bone.right_bend] run data modify entity @s {} merge value {transformation:[-0.9576116590785414f,-0.06113198041109191f,-0.281500961575376f,-0.3923940811052895f,0.1722846151192066f,0.6616374356677622f,-0.7297629170602017f,0.5360526703809649f,0.2308634267052066f,-0.7473277625607159f,-0.6230596227616776f,-0.058612742956950355f,0f,0f,0f,1f],start_interpolation:0}
execute if entity @s[tag=aj.folklore_microphone.bone.head] run data modify entity @s {} merge value {transformation:[-1f,-7.276484315953475e-17f,9.850317470308702e-17f,0f,0f,0.8043394615628667f,0.5941700350680414f,0.8303906249999999f,-1.2246467991473532e-16f,0.5941700350680414f,-0.8043394615628667f,0f,0f,0f,0f,1f],start_interpolation:0}
execute if entity @s[tag=aj.folklore_microphone.bone.hair] run data modify entity @s {} merge value {transformation:[-1f,0f,1.2246467991473532e-16f,-0.010937499999999998f,0f,1f,0f,0.42414062499999994f,-1.2246467991473532e-16f,0f,-1f,-0.007968750000000002f,0f,0f,0f,1f],start_interpolation:0}
execute if entity @s[tag=aj.folklore_microphone.bone.outfit] run data modify entity @s {} merge value {transformation:[-1f,0f,1.2246467991473532e-16f,0f,0f,1f,0f,-0.6071093750000001f,-1.2246467991473532e-16f,0f,-1f,0f,0f,0f,0f,1f],start_interpolation:0}
execute if entity @s[tag=aj.folklore_microphone.bone.chest] run data modify entity @s {} merge value {transformation:[-1f,0f,1.2246467991473532e-16f,-0.010937499999999998f,0f,1f,0f,0.08039062499999994f,-1.2246467991473532e-16f,0f,-1f,-0.007968750000000002f,0f,0f,0f,1f],start_interpolation:0}
execute if entity @s[tag=aj.folklore_microphone.bone.right_leg] run data modify entity @s {} merge value {transformation:[-1f,-1.1354427114624476e-16f,4.588350811006749e-17f,0.10625000000000001f,0f,0.3746672766548965f,0.927159334636719f,0.20181249999999995f,-1.2246467991473532e-16f,0.927159334636719f,-0.3746672766548965f,-0.062499999999999986f,0f,0f,0f,1f],start_interpolation:0}
execute if entity @s[tag=aj.folklore_microphone.bone.left_leg] run data modify entity @s {} merge value {transformation:[-1f,-1.1354427114624476e-16f,4.588350811006749e-17f,-0.10624999999999998f,0f,0.3746672766548965f,0.927159334636719f,0.20181249999999995f,-1.2246467991473532e-16f,0.927159334636719f,-0.3746672766548965f,-0.06250000000000001f,0f,0f,0f,1f],start_interpolation:0}
execute if entity @s[tag=aj.folklore_microphone.bone.waist] run data modify entity @s {} merge value {transformation:[-1f,0f,1.2246467991473532e-16f,0f,0f,1f,0f,0.8928906249999999f,-1.2246467991473532e-16f,0f,-1f,0f,0f,0f,0f,1f],start_interpolation:0}