execute if entity @s[tag=aj.folklore_microphone.bone.left_straight] run data modify entity @s {} merge value {transformation:[-0.8518761770442788f,0.09741167833650971f,0.5146046481602056f,-0.024208891620776274f,-0.2365348341497096f,0.8050847934387204f,-0.5439574869486606f,0.4275463752651899f,-0.46728818861404353f,-0.5851063495616821f,-0.6627913008514887f,0.034630269180666f,0f,0f,0f,1f],start_interpolation:0}
execute if entity @s[tag=aj.folklore_microphone.bone.left_bend] run data modify entity @s {} merge value {transformation:[-0.8518761770442788f,0.4965201053059783f,-0.1666576251221792f,0.30722062062380884f,-0.2365348341497096f,-0.6486351253924769f,-0.7234111875972442f,0.4918432024604798f,-0.46728818861404353f,-0.5768364232033427f,0.6700011116765254f,0.15691488108563084f,0f,0f,0f,1f],start_interpolation:0}
execute if entity @s[tag=aj.folklore_microphone.bone.right_straight] run data modify entity @s {} merge value {transformation:[-0.7617210070708869f,0.12001442819784677f,-0.6366927394051686f,-0.102025667315198f,0.26417821238285266f,0.9548265940890351f,-0.13607368343119633f,0.34325315153143815f,0.5916003545376848f,-0.2718505329122548f,-0.7590166719290221f,-0.11265978359994505f,0f,0f,0f,1f],start_interpolation:0}
execute if entity @s[tag=aj.folklore_microphone.bone.microphone] run data modify entity @s {} merge value {transformation:[-0.7617210070708869f,0.1088843289553628f,-0.6386903085963136f,-0.11496518921619397f,0.26417821238285266f,0.9523063561452895f,-0.15271698054729116f,0.7048017098099513f,0.5916003545376848f,-0.2850557962105343f,-0.7541566240229307f,0.26767373176242554f,0f,0f,0f,1f],start_interpolation:0}
execute if entity @s[tag=aj.folklore_microphone.bone.right_bend] run data modify entity @s {} merge value {transformation:[-0.7617210070708869f,-0.6386903085963136f,-0.10888432895536294f,-0.39702566094893765f,0.26417821238285266f,-0.15271698054729094f,-0.9523063561452895f,0.5239365509117622f,0.5916003545376848f,-0.7541566240229308f,0.2850557962105341f,-0.010610841531561124f,0f,0f,0f,1f],start_interpolation:0}