execute if entity @s[tag=aj.folklore_microphone.bone.left_straight] run data modify entity @s {} merge value {transformation:[-0.8033470865103458f,0.08261988500682882f,0.5897519929570373f,-0.00536228855272286f,-0.1902402771487421f,0.9028316533860131f,-0.3856211127449426f,0.39745528731609814f,-0.5643067388802908f,-0.421982180009697f,-0.7095695485352757f,-0.06044073724928128f,0f,0f,0f,1f],start_interpolation:0}
execute if entity @s[tag=aj.folklore_microphone.bone.left_bend] run data modify entity @s {} merge value {transformation:[-0.8033470865103458f,0.21290885423854441f,0.5561504098552559f,0.3127675431224392f,-0.1902402771487421f,0.7932155748127852f,-0.5784614843053879f,0.45518812998024505f,-0.5643067388802908f,-0.5705075561824339f,-0.5967235815627183f,0.09574331750363642f,0f,0f,0f,1f],start_interpolation:0}
execute if entity @s[tag=aj.folklore_microphone.bone.head] run data modify entity @s {} merge value {transformation:[-1f,-8.20568813299404e-17f,9.090800873972906e-17f,0f,0f,0.7423202249254459f,0.6700452847880025f,0.8125f,-1.2246467991473532e-16f,0.6700452847880025f,-0.7423202249254459f,0f,0f,0f,0f,1f],start_interpolation:0}