execute if entity @s[tag=aj.folklore_microphone.bone.left_bend] run data modify entity @s {} merge value {transformation:[-0.9243679074171133f,0.26923608813509936f,0.27028855059550005f,0.3459558612300571f,-0.2140578574423963f,0.2204220922153543f,-0.9516266783411321f,0.45277933702066775f,-0.3157898120656808f,-0.937510549332174f,-0.14611900795723742f,0.09357415277254709f,0f,0f,0f,1f],start_interpolation:0}
execute if entity @s[tag=aj.folklore_microphone.bone.right_straight] run data modify entity @s {} merge value {transformation:[-0.7739043865708405f,0.07045935469369052f,-0.6293707014014553f,-0.07916757522739915f,0.26213812179252927f,0.9403002921045869f,-0.21706903457451898f,0.35397783894203816f,0.5765029102697541f,-0.33297273162254193f,-0.7461726036557002f,-0.08465071652731769f,0f,0f,0f,1f],start_interpolation:0}
execute if entity @s[tag=aj.folklore_microphone.bone.microphone] run data modify entity @s {} merge value {transformation:[-0.7739043865708405f,0.05946459011211666f,-0.6305045304906295f,-0.11045237153403209f,0.26213812179252927f,0.9363687027993094f,-0.23344647678006156f,0.7380613403756868f,0.5765029102697541f,-0.3459445258140916f,-0.740247782509186f,0.27177529202805845f,0f,0f,0f,1f],start_interpolation:0}
execute if entity @s[tag=aj.folklore_microphone.bone.right_bend] run data modify entity @s {} merge value {transformation:[-0.7739043865708405f,-0.6305045304906295f,-0.0594645901121168f,-0.38301434244297816f,0.26213812179252927f,-0.23344647678006136f,-0.9363687027993094f,0.525445573927958f,0.5765029102697541f,-0.7402477825091861f,0.3459445258140914f,0.006790147118278786f,0f,0f,0f,1f],start_interpolation:0}
execute if entity @s[tag=aj.folklore_microphone.bone.head] run data modify entity @s {} merge value {transformation:[-0.9996661018159879f,0.001392788522704848f,-0.025802035194107033f,0f,0.0018500767859362596f,0.9998414970680425f,-0.017707567778261935f,0.8125f,0.025773282598711717f,-0.01774939099988003f,-0.9995102285735851f,0f,0f,0f,0f,1f],start_interpolation:0}