execute if entity @s[tag=aj.folklore_microphone.bone.left_straight] run data modify entity @s {} merge value {transformation:[-0.9649124708599954f,0.09312694798932279f,0.24550212857947393f,-0.0479666223031166f,-0.1616263106194341f,0.526204671360901f,-0.8348566221534788f,0.5780446329766272f,-0.2069320161173925f,-0.8452431693874611f,-0.4926896845981567f,0.21850251303424678f,0f,0f,0f,1f],start_interpolation:0}
execute if entity @s[tag=aj.folklore_microphone.bone.left_bend] run data modify entity @s {} merge value {transformation:[-0.9649124708599954f,0.2550603491505738f,0.062354966683063534f,0.308827394504004f,-0.1616263106194341f,-0.3898060669937453f,-0.9066025401742586f,0.5964232482396621f,-0.2069320161173925f,-0.8848703003412735f,0.41735319847766367f,0.25446618852029795f,0f,0f,0f,1f],start_interpolation:0}
execute if entity @s[tag=aj.folklore_microphone.bone.right_straight] run data modify entity @s {} merge value {transformation:[-0.7442823222116813f,0.09987908081556189f,-0.6603544457778909f,-0.09873673008362938f,0.2665988083094783f,0.9509930477421211f,-0.15664385897352553f,0.3450547635440799f,0.6123470423306976f,-0.2926369634232664f,-0.734434957901145f,-0.1128502704011228f,0f,0f,0f,1f],start_interpolation:0}
execute if entity @s[tag=aj.folklore_microphone.bone.microphone] run data modify entity @s {} merge value {transformation:[-0.7442823222116813f,0.08833909456739555f,-0.6619970009102759f,-0.1029530510597429f,0.2665988083094783f,0.9481143946020012f,-0.1732171185433089f,0.7132626585188478f,0.6123470423306976f,-0.3054100507833582f,-0.7292158806755057f,0.26124001662043683f,0f,0f,0f,1f],start_interpolation:0}
execute if entity @s[tag=aj.folklore_microphone.bone.right_bend] run data modify entity @s {} merge value {transformation:[-0.7442823222116813f,-0.6619970009102759f,-0.0883390945673957f,-0.39216494578238725f,0.2665988083094783f,-0.17321711854330868f,-0.9481143946020012f,0.5243599380037999f,0.6123470423306976f,-0.7292158806755058f,0.30541005078335803f,-0.00406143698231487f,0f,0f,0f,1f],start_interpolation:0}