execute if entity @s[tag=aj.folklore_microphone.bone.left_bend] run data modify entity @s {} merge value {transformation:[-0.8256425253484474f,0.05584565585101759f,0.5614229092750029f,0.3459558612300571f,-0.246238826675506f,0.8596447762061835f,-0.4476352298232241f,0.45277933702066775f,-0.5076227541922333f,-0.5078308000348052f,-0.6960079151577956f,0.09357415277254709f,0f,0f,0f,1f],start_interpolation:0}
execute if entity @s[tag=aj.folklore_microphone.bone.right_straight] run data modify entity @s {} merge value {transformation:[-0.7739043865708405f,0.07399419779116509f,-0.6289649108969856f,-0.0805594551911174f,0.2621381217925293f,0.9415049976301941f,-0.21178277677954171f,0.353222749305483f,0.576502910269754f,-0.32877530036578184f,-0.748031547676897f,-0.08617585059815631f,0f,0f,0f,1f],start_interpolation:0}
execute if entity @s[tag=aj.folklore_microphone.bone.microphone] run data modify entity @s {} merge value {transformation:[-0.7739043865708405f,0.06300597685667848f,-0.6301604933084483f,-0.11112870099811217f,0.2621381217925293f,0.9376654827620002f,-0.2281820491182212f,0.7358531519609124f,0.576502910269754f,-0.34178017689304474f,-0.7421796986804899f,0.2718714511689869f,0f,0f,0f,1f],start_interpolation:0}
execute if entity @s[tag=aj.folklore_microphone.bone.right_bend] run data modify entity @s {} merge value {transformation:[-0.7739043865708405f,-0.6301604933084483f,-0.06300597685667862f,-0.3839847897261986f,0.2621381217925293f,-0.228182049118221f,-0.9376654827620002f,0.5252757107597417f,0.576502910269754f,-0.74217969868049f,0.3417801768930446f,0.005564644549329992f,0f,0f,0f,1f],start_interpolation:0}
execute if entity @s[tag=aj.folklore_microphone.bone.head] run data modify entity @s {} merge value {transformation:[-0.9999883050895274f,0.00034991216030834713f,-0.004823613340052374f,0f,0.00034634486511841604f,0.999999665953272f,0.0007403638151208709f,0.8125f,0.0048238707910420835f,0.0007386845229206921f,-0.999988092236986f,0f,0f,0f,0f,1f],start_interpolation:0}