execute if entity @s[tag=aj.folklore_microphone.bone.left_straight] run data modify entity @s {} merge value {transformation:[-0.8394308295185192f,-0.5347234665307417f,0.0970911777413256f,0.2479252176496059f,-0.2676630335425978f,0.2512958510113785f,-0.9301649830751754f,0.6521591847567688f,0.4729824340592629f,-0.8067968824963405f,-0.35407118982707575f,0.43720269361798453f,0f,0f,0f,1f],start_interpolation:0}
execute if entity @s[tag=aj.folklore_microphone.bone.left_bend] run data modify entity @s {} merge value {transformation:[-0.8394308295185192f,-0.4795287867114767f,0.25574992701635313f,0.5442712999490281f,-0.2676630335425978f,-0.044767986869429205f,-0.962471988073644f,0.699514055870733f,0.4729824340592629f,-0.8763834606304923f,-0.09077250136851611f,0.24004883093612778f,0f,0f,0f,1f],start_interpolation:0}
execute if entity @s[tag=aj.folklore_microphone.bone.right_straight] run data modify entity @s {} merge value {transformation:[-0.7739043865708405f,0.401518605634876f,-0.4897497419860843f,-0.21506674041022794f,0.26213812179252943f,0.9070644856203249f,0.3294201330055898f,0.3370559765350868f,0.5765029102697542f,0.12655760844516764f,-0.8072345174700742f,-0.2593889408158651f,0f,0f,0f,1f],start_interpolation:0}
execute if entity @s[tag=aj.folklore_microphone.bone.microphone] run data modify entity @s {} merge value {transformation:[-0.7739043865708405f,0.39291014085674286f,-0.49668261662589497f,-0.21283254065814766f,0.26213812179252943f,0.9126755093555372f,0.3135395026558793f,0.5330102129918968f,0.5765029102697542f,0.11245014821931364f,-0.809320306563451f,0.22757647858708668f,0f,0f,0f,1f],start_interpolation:0}
execute if entity @s[tag=aj.folklore_microphone.bone.right_bend] run data modify entity @s {} merge value {transformation:[-0.7739043865708405f,-0.49668261662589486f,-0.392910140856743f,-0.47072704162926504f,0.26213812179252943f,0.31353950265587954f,-0.9126755093555371f,0.5517670690932718f,0.5765029102697542f,-0.809320306563451f,-0.11245014821931382f,-0.12292491351975211f,0f,0f,0f,1f],start_interpolation:0}
execute if entity @s[tag=aj.folklore_microphone.bone.head] run data modify entity @s {} merge value {transformation:[-0.8168659422332082f,0.03030724385912105f,-0.5760308180897241f,0f,0.0005320675076219139f,0.9986579182810544f,0.051788793756160016f,0.8125f,0.5768273132607543f,0.04199801452705253f,-0.8157857668850108f,0f,0f,0f,0f,1f],start_interpolation:0}