execute if entity @s[tag=aj.folklore_microphone.bone.left_straight] run data modify entity @s {} merge value {transformation:[-0.9861491823219537f,-0.06220740649652192f,0.15375314235071286f,0.009696230868772027f,-0.1624426360003532f,0.17501407856099482f,-0.9710728408902713f,0.7212694879560368f,0.033498958416626035f,-0.982598753755785f,-0.18269512555779574f,0.3401012724593373f,0f,0f,0f,1f],start_interpolation:0}
execute if entity @s[tag=aj.folklore_microphone.bone.left_bend] run data modify entity @s {} merge value {transformation:[-0.9861491823219537f,-0.0372129482564119f,0.16163225757195776f,0.36707777743619574f,-0.1624426360003532f,0.019873992484050196f,-0.9865178226631287f,0.7281197205396269f,0.033498958416626035f,-0.9991097141479552f,-0.025643690845735062f,0.3059745326584194f,0f,0f,0f,1f],start_interpolation:0}
execute if entity @s[tag=aj.folklore_microphone.bone.right_straight] run data modify entity @s {} merge value {transformation:[-0.77390438657084f,0.2498469740288158f,-0.5819351252631656f,-0.1512669989810514f,0.26213812179253065f,0.9628538245093179f,0.06477744770260738f,0.3298689041485299f,0.5765029102697542f,-0.10241582981367622f,-0.8106512149217319f,-0.17047541670765243f,0f,0f,0f,1f],start_interpolation:0}
execute if entity @s[tag=aj.folklore_microphone.bone.microphone] run data modify entity @s {} merge value {transformation:[-0.77390438657084f,0.23965275279828588f,-0.5862069246627982f,-0.1550870221967553f,0.26213812179253065f,0.9638376995534337f,0.04796346549853608f,0.6264639551279395f,0.5765029102697542f,-0.11654804586842522f,-0.808740346127702f,0.2626009706483764f,0f,0f,0f,1f],start_interpolation:0}
execute if entity @s[tag=aj.folklore_microphone.bone.right_bend] run data modify entity @s {} merge value {transformation:[-0.77390438657084f,-0.5862069246627982f,-0.23965275279828602f,-0.4314241623162383f,0.26213812179253065f,0.04796346549853629f,-0.9638376995534337f,0.5279805752990524f,0.5765029102697542f,-0.808740346127702f,0.11654804586842504f,-0.05934844779937547f,0f,0f,0f,1f],start_interpolation:0}
execute if entity @s[tag=aj.folklore_microphone.bone.head] run data modify entity @s {} merge value {transformation:[-0.9361989914996178f,-0.03389187193818791f,-0.3498325161153889f,0f,-0.007802066542928681f,0.9970986100510202f,-0.07571980977249801f,0.8125f,0.3513838016652988f,-0.06815939297594312f,-0.933747139795562f,0f,0f,0f,0f,1f],start_interpolation:0}