execute if entity @s[tag=aj.folklore_microphone.bone.left_straight] run data modify entity @s {} merge value {transformation:[-0.9961322853144396f,-0.017398467361492746f,0.0861264389586784f,-0.00752034621935227f,-0.08784697457106416f,0.21770881249105134f,-0.9720523555973966f,0.7312368413827137f,-0.0018382635672534702f,-0.9758586815196182f,-0.21839517963968436f,0.3269025921195684f,0f,0f,0f,1f],start_interpolation:0}
execute if entity @s[tag=aj.folklore_microphone.bone.left_bend] run data modify entity @s {} merge value {transformation:[-0.9961322853144396f,0.02105082985724898f,0.08530728407676005f,0.3502744252605598f,-0.08784697457106416f,-0.21828749171319245f,-0.9719225689427498f,0.7121091953158557f,-0.0018382635672534702f,-0.9756574365646399f,0.2192924696909887f,0.3034470055698569f,0f,0f,0f,1f],start_interpolation:0}
execute if entity @s[tag=aj.folklore_microphone.bone.right_straight] run data modify entity @s {} merge value {transformation:[-0.7440586450470127f,0.10503232166189196f,-0.6598067475686472f,-0.10083792013592141f,0.2666261850871638f,0.9521980528348614f,-0.1490950891322853f,0.34416706888141446f,0.6126068969222181f,-0.2868572460019295f,-0.7364955602442688f,-0.11506402653660781f,0f,0f,0f,1f],start_interpolation:0}
execute if entity @s[tag=aj.folklore_microphone.bone.microphone] run data modify entity @s {} merge value {transformation:[-0.7440586450470127f,0.09350110920193715f,-0.6615393225718416f,-0.10392272004855507f,0.2666261850871638f,0.9494509603660002f,-0.16569052865491626f,0.7101851712061864f,0.6126068969222181f,-0.2996671761105771f,-0.7313770391564416f,0.261180052364666f,0f,0f,0f,1f],start_interpolation:0}
execute if entity @s[tag=aj.folklore_microphone.bone.right_bend] run data modify entity @s {} merge value {transformation:[-0.7440586450470127f,-0.6615393225718416f,-0.0935011092019373f,-0.39358107532373393f,0.2666261850871638f,-0.16569052865491604f,-0.9494509603660002f,0.5242606950199202f,0.6126068969222181f,-0.7313770391564417f,0.2996671761105769f,-0.0057333147133468015f,0f,0f,0f,1f],start_interpolation:0}