execute if entity @s[tag=aj.folklore_microphone.bone.left_straight] run data modify entity @s {} merge value {transformation:[-0.994306355333842f,-0.10654677810113879f,0.001629668370582404f,0.03227997325338583f,-0.10156995252846243f,0.9430154643489939f,-0.3168680778210664f,0.4095851273960059f,0.0322244702997159f,-0.315229468918942f,-0.9484682205740921f,0.1228021936687015f,0f,0f,0f,1f],start_interpolation:0}
execute if entity @s[tag=aj.folklore_microphone.bone.left_bend] run data modify entity @s {} merge value {transformation:[-0.994306355333842f,-0.10649030907775514f,0.0038322076216671603f,0.383705041787927f,-0.10156995252846243f,0.9362625425878068f,-0.33629748154034855f,0.44011920086912726f,0.0322244702997159f,-0.334771960324546f,-0.9417480119938473f,0.05571105084460329f,0f,0f,0f,1f],start_interpolation:0}
execute if entity @s[tag=aj.folklore_microphone.bone.right_straight] run data modify entity @s {} merge value {transformation:[-0.7739043865708405f,0.5606106142661633f,-0.29459758929517077f,-0.28735678458127817f,0.26213812179252943f,0.7070235623611371f,0.6568114549619641f,0.39671877627258856f,0.5765029102697541f,0.431084007402597f,-0.6941260498009143f,-0.3835608665394528f,0f,0f,0f,1f],start_interpolation:0}
execute if entity @s[tag=aj.folklore_microphone.bone.microphone] run data modify entity @s {} merge value {transformation:[-0.7739043865708405f,0.5553837936904088f,-0.30433672494863395f,-0.31122725541787805f,0.26213812179252943f,0.7183788197127038f,0.6443721568249731f,0.4366886103052417f,0.5765029102697541f,0.4189041812804356f,-0.7015437843472578f,0.1392880476964261f,0f,0f,0f,1f],start_interpolation:0}
execute if entity @s[tag=aj.folklore_microphone.bone.right_bend] run data modify entity @s {} merge value {transformation:[-0.7739043865708405f,-0.30433672494863384f,-0.5553837936904089f,-0.5088760017582508f,0.26213812179252943f,0.6443721568249732f,-0.7183788197127037f,0.6176344296858701f,0.5765029102697541f,-0.7015437843472577f,-0.4189041812804358f,-0.20408667861512592f,0f,0f,0f,1f],start_interpolation:0}
execute if entity @s[tag=aj.folklore_microphone.bone.head] run data modify entity @s {} merge value {transformation:[-0.9909092404519296f,0.1241396831590474f,-0.05184801107227838f,0f,0.0005244126701395013f,0.3889564899265626f,0.9212559763363053f,0.8125f,0.13453104540711477f,0.9128538700192814f,-0.38548568042469455f,0f,0f,0f,0f,1f],start_interpolation:0}