execute if entity @s[tag=aj.folklore_microphone.bone.left_straight] run data modify entity @s {} merge value {transformation:[-0.8073179836541805f,-0.0058822966134856785f,0.5900873425647252f,0.027505592211150842f,-0.24991961323682077f,0.9092551012782193f,-0.3328593512567929f,0.37092152193297717f,-0.5345819489920197f,-0.41619774072679216f,-0.7355280962857963f,-0.05072364400089017f,0f,0f,0f,1f],start_interpolation:0}
execute if entity @s[tag=aj.folklore_microphone.bone.left_bend] run data modify entity @s {} merge value {transformation:[-0.8073179836541805f,0.5645451417320337f,-0.17183264013366734f,0.3459558612300571f,-0.24991961323682077f,-0.5908718876918673f,-0.7670792653011861f,0.45277933702066775f,-0.5345819489920197f,-0.5763325388022158f,0.6181124044457337f,0.09357415277254709f,0f,0f,0f,1f],start_interpolation:0}
execute if entity @s[tag=aj.folklore_microphone.bone.right_straight] run data modify entity @s {} merge value {transformation:[-0.7739043865708399f,0.27019385033283383f,-0.5727715807271956f,-0.15965111308683552f,0.2621381217925308f,0.959973936349273f,0.09865924504660574f,0.3291372440491323f,0.5765029102697543f,-0.0737924438706304f,-0.8137561487805199f,-0.18139766283609565f,0f,0f,0f,1f],start_interpolation:0}
execute if entity @s[tag=aj.folklore_microphone.bone.microphone] run data modify entity @s {} merge value {transformation:[-0.7739043865708399f,0.2601564560781384f,-0.5773998777340327f,-0.1616030594826381f,0.2621381217925308f,0.9615495689123778f,0.0818903634593518f,0.6138716106003668f,0.5765029102697543f,-0.08798320797336347f,-0.8123443540551136f,0.25957955260494214f,0f,0f,0f,1f],start_interpolation:0}
execute if entity @s[tag=aj.folklore_microphone.bone.right_bend] run data modify entity @s {} merge value {transformation:[-0.7739043865708399f,-0.5773998777340326f,-0.26015645607813853f,-0.43679677652154425f,0.2621381217925308f,0.08189036345935201f,-0.9615495689123778f,0.5298403503605649f,0.5765029102697543f,-0.8123443540551136f,0.08798320797336329f,-0.06740635619787222f,0f,0f,0f,1f],start_interpolation:0}
execute if entity @s[tag=aj.folklore_microphone.bone.head] run data modify entity @s {} merge value {transformation:[-1f,-7.455177354798984e-17f,9.71577628780522e-17f,0f,0f,0.7933533402912352f,0.6087614290087207f,0.8125f,-1.2246467991473532e-16f,0.6087614290087207f,-0.7933533402912352f,0f,0f,0f,0f,1f],start_interpolation:0}