execute if entity @s[tag=aj.folklore_microphone.bone.left_straight] run data modify entity @s {} merge value {transformation:[-0.8866940131700924f,0.12779379711650232f,0.44434499257543353f,-0.044500067055290915f,-0.22169676839878188f,0.725846070496116f,-0.651151307168222f,0.46935966986032923f,-0.40573916484590533f,-0.6758818146420966f,-0.6152718933498048f,0.08904513857676195f,0f,0f,0f,1f],start_interpolation:0}
execute if entity @s[tag=aj.folklore_microphone.bone.left_bend] run data modify entity @s {} merge value {transformation:[-0.8866940131700924f,0.4486066887382152f,-0.11191856784131021f,0.2958273260813116f,-0.22169676839878188f,-0.6249392461308795f,-0.7485328860690791f,0.5215577235639565f,-0.40573916484590533f,-0.638907643924145f,0.6535845413146221f,0.19095568049078632f,0f,0f,0f,1f],start_interpolation:0}
execute if entity @s[tag=aj.folklore_microphone.bone.right_straight] run data modify entity @s {} merge value {transformation:[-0.757547182907935f,0.11787362353026146f,-0.6420499003536236f,-0.10229307367777063f,0.26480991380461105f,0.9544886425500282f,-0.13721202860463408f,0.34323594500861343f,0.5966556588343449f,-0.27396576450142573f,-0.7542842863682785f,-0.11378066272048282f,0f,0f,0f,1f],start_interpolation:0}
execute if entity @s[tag=aj.folklore_microphone.bone.microphone] run data modify entity @s {} merge value {transformation:[-0.757547182907935f,0.10665035499247519f,-0.6440092914300467f,-0.11260211321394192f,0.26480991380461105f,0.9519485892153061f,-0.15384925427763047f,0.7052872443181474f,0.5966556588343449f,-0.2870881141234648f,-0.7493880433460266f,0.2661547982466612f,0f,0f,0f,1f],start_interpolation:0}
execute if entity @s[tag=aj.folklore_microphone.bone.right_bend] run data modify entity @s {} merge value {transformation:[-0.757547182907935f,-0.6440092914300467f,-0.10665035499247533f,-0.3965976609304047f,0.26480991380461105f,-0.15384925427763024f,-0.9519485892153061f,0.5239949703968787f,0.5966556588343449f,-0.7493880433460267f,0.28708811412346463f,-0.009874655697049733f,0f,0f,0f,1f],start_interpolation:0}