execute if entity @s[tag=aj.folklore_microphone.bone.left_straight] run data modify entity @s {} merge value {transformation:[-0.8777327173133266f,0.07515635294410819f,0.4732196102972749f,-0.0224991668119357f,-0.225960981293101f,0.8059787092829338f,-0.5471196899360095f,0.43112283519228944f,-0.4225244512342723f,-0.5871540196530692f,-0.6904514793339357f,0.0528092235508371f,0f,0f,0f,1f],start_interpolation:0}
execute if entity @s[tag=aj.folklore_microphone.bone.left_bend] run data modify entity @s {} merge value {transformation:[-0.8777327173133266f,0.474679992253942f,-0.06530070376007913f,0.3155663676459594f,-0.225960981293101f,-0.5302431272299556f,-0.8171804335386745f,0.4915079840188998f,-0.4225244512342723f,-0.7025105913644253f,0.5726708977501671f,0.157682757369901f,0f,0f,0f,1f],start_interpolation:0}
execute if entity @s[tag=aj.folklore_microphone.bone.right_straight] run data modify entity @s {} merge value {transformation:[-0.7461594860996437f,0.09766511361359556f,-0.6585647628641842f,-0.09735166783279309f,0.26636546209564876f,0.9503549571682567f,-0.16085675611640454f,0.3456094187255651f,0.6101601936426919f,-0.2954437018597019f,-0.7351309795712248f,-0.11099689374633062f,0f,0f,0f,1f],start_interpolation:0}
execute if entity @s[tag=aj.folklore_microphone.bone.microphone] run data modify entity @s {} merge value {transformation:[-0.7461594860996437f,0.08615669883696155f,-0.6601689515184979f,-0.10331005325235637f,0.26636546209564876f,0.9474028760192059f,-0.17741823782550853f,0.7149756402480036f,0.6101601936426919f,-0.30822850899301046f,-0.7298628119981581f,0.2619259751818502f,0f,0f,0f,1f],start_interpolation:0}
execute if entity @s[tag=aj.folklore_microphone.bone.right_bend] run data modify entity @s {} merge value {transformation:[-0.7461594860996437f,-0.6601689515184979f,-0.0861566988369617f,-0.39149325856328704f,0.26636546209564876f,-0.1774182378255083f,-0.9474028760192059f,0.5244057539089411f,0.6101601936426919f,-0.7298628119981582f,0.3082285089930103f,-0.003302563531871236f,0f,0f,0f,1f],start_interpolation:0}