execute if entity @s[tag=aj.folklore_microphone.bone.left_straight] run data modify entity @s {} merge value {transformation:[-0.9961946980917455f,-0.018863955312791635f,0.08508980364211079f,-0.006918077650568066f,-0.08715574274765817f,0.21561599586216262f,-0.9725809060610185f,0.7323218016312418f,-1.2199866483456202e-16f,-0.9762960071199333f,-0.21643961393810307f,0.32761742545653627f,0f,0f,0f,1f],start_interpolation:0}
execute if entity @s[tag=aj.folklore_microphone.bone.left_bend] run data modify entity @s {} merge value {transformation:[-0.9961946980917455f,0.018863955312791857f,0.08508980364211073f,0.35082398324229686f,-0.08715574274765817f,-0.2156159958621621f,-0.9725809060610187f,0.7128940015516889f,-1.2199866483456202e-16f,-0.9762960071199334f,0.21643961393810265f,0.30361100266997504f,0f,0f,0f,1f],start_interpolation:0}
execute if entity @s[tag=aj.folklore_microphone.bone.right_straight] run data modify entity @s {} merge value {transformation:[-0.7438890601935962f,0.10444741861702832f,-0.6600907535093394f,-0.10065222296611104f,0.2666468807016135f,0.9520738801366497f,-0.14984915005979796f,0.34424941792774083f,0.61280380803026f,-0.28748228381203533f,-0.7360879223012892f,-0.11490958786991512f,0f,0f,0f,1f],start_interpolation:0}
execute if entity @s[tag=aj.folklore_microphone.bone.microphone] run data modify entity @s {} merge value {transformation:[-0.7438890601935962f,0.09291133865353271f,-0.6618130772913882f,-0.10372791136120096f,0.2666468807016135f,0.9493136464021065f,-0.1664423076228997f,0.7104930899734169f,0.61280380803026f,-0.3002850044613368f,-0.7309585548847946f,0.2611149950440107f,0f,0f,0f,1f],start_interpolation:0}
execute if entity @s[tag=aj.folklore_microphone.bone.right_bend] run data modify entity @s {} merge value {transformation:[-0.7438890601935962f,-0.6618130772913882f,-0.09291133865353286f,-0.39342727435002783f,0.2666468807016135f,-0.16644230762289947f,-0.9493136464021065f,0.5242716661476257f,0.61280380803026f,-0.7309585548847947f,0.30028500446133666f,-0.005546737386693007f,0f,0f,0f,1f],start_interpolation:0}