execute if entity @s[tag=aj.folklore_microphone.bone.left_bend] run data modify entity @s {} merge value {transformation:[-0.854203362340528f,0.14286246826218602f,0.4999269255883029f,0.3459558612300571f,-0.23947682508947413f,0.7453480967522228f,-0.6221792867919218f,0.45277933702066775f,-0.46150565111513225f,-0.6511885516729198f,-0.6024666000359877f,0.09357415277254709f,0f,0f,0f,1f],start_interpolation:0}
execute if entity @s[tag=aj.folklore_microphone.bone.right_straight] run data modify entity @s {} merge value {transformation:[-0.7739043865708405f,0.07077736823197958f,-0.6293350177707941f,-0.07929275134647062f,0.26213812179252927f,0.9404098575676496f,-0.2165938708566749f,0.35390947105361265f,0.5765029102697541f,-0.33259564629704286f,-0.7463407603198128f,-0.0847876672978587f,0f,0f,0f,1f],start_interpolation:0}
execute if entity @s[tag=aj.folklore_microphone.bone.microphone] run data modify entity @s {} merge value {transformation:[-0.7739043865708405f,0.05978317798062896f,-0.6304744023962808f,-0.11051290142593695f,0.26213812179252927f,0.9364865443253495f,-0.23297329761294608f,0.7378626655893699f,0.5765029102697541f,-0.3455704326589613f,-0.7404224946085864f,0.2717843741790339f,0f,0f,0f,1f],start_interpolation:0}
execute if entity @s[tag=aj.folklore_microphone.bone.right_bend] run data modify entity @s {} merge value {transformation:[-0.7739043865708405f,-0.6304744023962808f,-0.0597831779806291f,-0.38310167484485663f,0.26213812179252927f,-0.23297329761294588f,-0.9364865443253495f,0.5254299498997264f,0.5765029102697541f,-0.7404224946085866f,0.34557043265896115f,0.006680015366370834f,0f,0f,0f,1f],start_interpolation:0}
execute if entity @s[tag=aj.folklore_microphone.bone.head] run data modify entity @s {} merge value {transformation:[-0.999895463072668f,0.0010343425627912703f,-0.014421964573447845f,0f,0.0010354005974324539f,0.9999994618014971f,-0.00006589627376693597f,0.8125f,0.014421888652247418f,-0.00008082189590845134f,-0.9998959958893341f,0f,0f,0f,0f,1f],start_interpolation:0}