execute if entity @s[tag=aj.folklore_microphone.bone.left_straight] run data modify entity @s {} merge value {transformation:[-0.8539018768529565f,-0.49246167444135885f,0.16832434141683517f,0.22253164015685672f,-0.2982582643919179f,0.19801670050915599f,-0.9337191194579814f,0.6621469211341366f,0.4264898503234502f,-0.8475086344845582f,-0.3159675965114155f,0.4344103226466282f,0f,0f,0f,1f],start_interpolation:0}
execute if entity @s[tag=aj.folklore_microphone.bone.left_bend] run data modify entity @s {} merge value {transformation:[-0.8536557031006778f,-0.34278800672296417f,0.39213304248760317f,0.5284231279155096f,-0.3025724256485297f,-0.28642750254421845f,-0.9090705214797402f,0.7194937373090664f,0.42393616005343565f,-0.8946818810242996f,0.14079227239436426f,0.25531573793170936f,0f,0f,0f,1f],start_interpolation:0}
execute if entity @s[tag=aj.folklore_microphone.bone.right_straight] run data modify entity @s {} merge value {transformation:[-0.7739043865708394f,0.3909357453702263f,-0.4982381392850596f,-0.21050299914246676f,0.2621381217925321f,0.9139127386768914f,0.3099146837230976f,0.33546593500685234f,0.5765029102697544f,0.10923712315842803f,-0.8097602394379302f,-0.2525395219911939f,0f,0f,0f,1f],start_interpolation:0}
execute if entity @s[tag=aj.folklore_microphone.bone.microphone] run data modify entity @s {} merge value {transformation:[-0.7739043865708394f,0.3821807494533079f,-0.5049850247222396f,-0.20801343646265252f,0.2621381217925321f,0.919182302361373f,0.29391750565206104f,0.5394953386314849f,0.5765029102697544f,0.09508822100004626f,-0.8115433597027025f,0.23109688964717345f,0f,0f,0f,1f],start_interpolation:0}
execute if entity @s[tag=aj.folklore_microphone.bone.right_bend] run data modify entity @s {} merge value {transformation:[-0.7739043865708394f,-0.5049850247222395f,-0.382180749453308f,-0.4680489460337523f,0.2621381217925321f,0.29391750565206126f,-0.9191823023613729f,0.5492528534218364f,0.5765029102697544f,-0.8115433597027025f,-0.09508822100004644f,-0.11818658236087315f,0f,0f,0f,1f],start_interpolation:0}
execute if entity @s[tag=aj.folklore_microphone.bone.head] run data modify entity @s {} merge value {transformation:[-0.8262006186992165f,0.04591776345238794f,-0.5615016443970244f,0f,0.0011192769968091792f,0.9968047795859984f,0.07986850827149185f,0.8125f,0.5633749061504572f,0.06535893507424594f,-0.8236121203126653f,0f,0f,0f,0f,1f],start_interpolation:0}