execute if entity @s[tag=aj.folklore_microphone.bone.left_straight] run data modify entity @s {} merge value {transformation:[-0.9664837994703299f,0.2494858795590008f,0.06054635630710563f,-0.09902716944611728f,-0.13655205999331038f,-0.2998560438920119f,-0.9441609438295018f,0.9129971846974798f,-0.21739963264223475f,-0.9207839859826539f,0.32387381938791804f,0.19953361815198833f,0f,0f,0f,1f],start_interpolation:0}
execute if entity @s[tag=aj.folklore_microphone.bone.left_bend] run data modify entity @s {} merge value {transformation:[-0.9664837994703299f,0.2119977195808055f,-0.14479652017204497f,0.27739159244298406f,-0.13655205999331038f,-0.9021093533478222f,-0.40933146655730973f,0.8311466329782914f,-0.21739963264223475f,-0.3758399679317155f,0.9008228006839687f,0.2090171956598722f,0f,0f,0f,1f],start_interpolation:0}
execute if entity @s[tag=aj.folklore_microphone.bone.right_straight] run data modify entity @s {} merge value {transformation:[-0.9833712502472072f,0.1264021028543436f,-0.1303974408538934f,-0.058341835186595636f,0.13378877480247064f,0.9897728634519799f,-0.049499924352691314f,0.3683857315482682f,0.12280695389145714f,-0.06612251634706827f,-0.9902253606668702f,-0.023750987558646408f,0f,0f,0f,1f],start_interpolation:0}
execute if entity @s[tag=aj.folklore_microphone.bone.microphone] run data modify entity @s {} merge value {transformation:[-0.9833712502472072f,0.17417780701371655f,0.05141085227009181f,-0.3805221754034934f,0.13378877480247064f,0.5033786983287521f,0.8536453887919181f,0.22230932284359628f,0.12280695389145714f,0.846328528180838f,-0.5183111753215031f,0.24574107893486125f,0f,0f,0f,1f],start_interpolation:0}
execute if entity @s[tag=aj.folklore_microphone.bone.right_bend] run data modify entity @s {} merge value {transformation:[-0.9833712502472072f,0.05141085227009185f,-0.17417780701371655f,-0.38298050488304847f,0.13378877480247064f,0.8536453887919182f,-0.5033786983287519f,0.5169225497163965f,0.12280695389145714f,-0.5183111753215028f,-0.8463285281808381f,-0.07505421766181138f,0f,0f,0f,1f],start_interpolation:0}
execute if entity @s[tag=aj.folklore_microphone.bone.head] run data modify entity @s {} merge value {transformation:[-1f,-8.816274848327901e-17f,8.499957415477246e-17f,0f,0f,0.694074195220634f,0.7199034737579958f,0.8125f,-1.2246467991473532e-16f,0.7199034737579958f,-0.694074195220634f,0f,0f,0f,0f,1f],start_interpolation:0}