execute if entity @s[tag=aj.folklore_microphone.bone.left_straight] run data modify entity @s {} merge value {transformation:[-0.9955331759963849f,-0.0064356859123009735f,0.09419276743672556f,-0.011995794419485062f,-0.09308231550457724f,0.23377928397041825f,-0.967823810890487f,0.7229220358685551f,-0.015791707661212472f,-0.9722683931575257f,-0.2333340815998084f,0.32137688017469446f,0f,0f,0f,1f],start_interpolation:0}
execute if entity @s[tag=aj.folklore_microphone.bone.left_bend] run data modify entity @s {} merge value {transformation:[-0.9955331759963849f,0.03766779026061688f,0.08657270393971203f,0.34616338221711285f,-0.09308231550457724f,-0.2382191209385587f,-0.9667405716941679f,0.7060827685110931f,-0.015791707661212472f,-0.9704806994454566f,0.24066124318842927f,0.30210064743407217f,0f,0f,0f,1f],start_interpolation:0}
execute if entity @s[tag=aj.folklore_microphone.bone.right_straight] run data modify entity @s {} merge value {transformation:[-0.7445406070271491f,0.106241140991084f,-0.6590691196290089f,-0.10118615842805259f,0.2665670825896749f,0.952446938548527f,-0.14760358982480004f,0.3440089623957032f,0.6120467914851558f,-0.28558299881199334f,-0.7374558127930617f,-0.11531902346013445f,0f,0f,0f,1f],start_interpolation:0}
execute if entity @s[tag=aj.folklore_microphone.bone.microphone] run data modify entity @s {} merge value {transformation:[-0.7445406070271491f,0.09472261780469236f,-0.6608229037827537f,-0.10438289462231004f,0.2665670825896749f,0.9497258384252812f,-0.1642036001646311f,0.7095756831670366f,0.6120467914851558f,-0.29840988171242383f,-0.7323593841339807f,0.2613627091343658f,0f,0f,0f,1f],start_interpolation:0}
execute if entity @s[tag=aj.folklore_microphone.bone.right_bend] run data modify entity @s {} merge value {transformation:[-0.7445406070271491f,-0.6608229037827537f,-0.09472261780469252f,-0.39389422732655177f,0.2665670825896749f,-0.16420360016463087f,-0.9497258384252812f,0.524238083034166f,0.6120467914851558f,-0.7323593841339808f,0.29840988171242366f,-0.0061177226051975855f,0f,0f,0f,1f],start_interpolation:0}