execute if entity @s[tag=aj.folklore_microphone.bone.left_bend] run data modify entity @s {} merge value {transformation:[-0.9780463319046927f,0.19601123812328425f,0.07074579264629449f,0.3459558612300571f,-0.16951366267301354f,-0.5508862519388726f,-0.8171838566637989f,0.45277933702066775f,-0.12120433496767014f,-0.8112360519319377f,0.5720188609048891f,0.09357415277254709f,0f,0f,0f,1f],start_interpolation:0}
execute if entity @s[tag=aj.folklore_microphone.bone.right_straight] run data modify entity @s {} merge value {transformation:[-0.7739043865708405f,0.08583632477732628f,-0.6274584653944295f,-0.08523042775456613f,0.26213812179252927f,0.9453295982420314f,-0.19399885512714915f,0.35077093709078905f,0.5765029102697541f,-0.31461734859394014f,-0.7540956957934603f,-0.09133137133276364f,0f,0f,0f,1f],start_interpolation:0}
execute if entity @s[tag=aj.folklore_microphone.bone.microphone] run data modify entity @s {} merge value {transformation:[-0.7739043865708405f,0.07487259132872727f,-0.6288609508580832f,-0.11345095506789488f,0.26213812179252927f,0.9417998730973658f,-0.21046758452757272f,0.7284580138254192f,0.5765029102697541f,-0.3277302154234596f,-0.7484900135265644f,0.27211662774551376f,0f,0f,0f,1f],start_interpolation:0}
execute if entity @s[tag=aj.folklore_microphone.bone.right_bend] run data modify entity @s {} merge value {transformation:[-0.7739043865708405f,-0.6288609508580832f,-0.07487259132872741f,-0.3872313048722698f,0.26213812179252927f,-0.2104675845275725f,-0.9417998730973658f,0.5247677412662116f,0.5765029102697541f,-0.7484900135265645f,0.3277302154234594f,0.0014374595841439158f,0f,0f,0f,1f],start_interpolation:0}
execute if entity @s[tag=aj.folklore_microphone.bone.head] run data modify entity @s {} merge value {transformation:[-0.9998623505010497f,0.00046315657292056325f,-0.016585099834042768f,0f,0.0011880856572936223f,0.99904283143158f,-0.04372652990625399f,0.8125f,0.016548972868040423f,-0.04374021549055916f,-0.9989058639560848f,0f,0f,0f,0f,1f],start_interpolation:0}