execute if entity @s[tag=aj.folklore_microphone.bone.left_bend] run data modify entity @s {} merge value {transformation:[-0.8851148062858369f,0.2180436029965393f,0.4111310823640955f,0.3459558612300571f,-0.23026810277166443f,0.5625189029953481f,-0.7940712087834744f,0.45277933702066775f,-0.4044111528377073f,-0.7975145584659866f,-0.44768532307333797f,0.09357415277254709f,0f,0f,0f,1f],start_interpolation:0}
execute if entity @s[tag=aj.folklore_microphone.bone.right_straight] run data modify entity @s {} merge value {transformation:[-0.7739043865708406f,0.06907094686144007f,-0.6295245862919693f,-0.07862117565696619f,0.26213812179252927f,0.9398192039443729f,-0.21914257687736127f,0.354277333457823f,0.576502910269754f,-0.3346177942026234f,-0.7454363327967551f,-0.08405340454781293f,0f,0f,0f,1f],start_interpolation:0}
execute if entity @s[tag=aj.folklore_microphone.bone.microphone] run data modify entity @s {} merge value {transformation:[-0.7739043865708406f,0.05807370807945015f,-0.63063416088594f,-0.11018883751118663f,0.26213812179252927f,0.9358514996081183f,-0.23551130712626347f,0.7389287629383303f,0.576502910269754f,-0.3475764881448959f,-0.7394829134870967f,0.2717346428228879f,0f,0f,0f,1f],start_interpolation:0}
execute if entity @s[tag=aj.folklore_microphone.bone.right_bend] run data modify entity @s {} merge value {transformation:[-0.7739043865708406f,-0.63063416088594f,-0.05807370807945029f,-0.38263300041746207f,0.26213812179252927f,-0.23551130712626328f,-0.9358514996081183f,0.5255145783755537f,0.576502910269754f,-0.7394829134870968f,0.3475764881448957f,0.007270688612705967f,0f,0f,0f,1f],start_interpolation:0}
execute if entity @s[tag=aj.folklore_microphone.bone.head] run data modify entity @s {} merge value {transformation:[-0.9997617231256151f,0.001452334790404161f,-0.0217804429835018f,0f,0.0015630092154687934f,0.999985950253332f,-0.005065204648665082f,0.8125f,0.02177278060086379f,-0.005098040760633485f,-0.9997499467393381f,0f,0f,0f,0f,1f],start_interpolation:0}