execute if entity @s[tag=aj.folklore_microphone.bone.left_straight] run data modify entity @s {} merge value {transformation:[-0.7745475099722599f,-0.009413076311738263f,0.6324456884113618f,0.03818719318133057f,-0.2386573569660253f,0.9303318520558975f,-0.2784336743575295f,0.36378096233426166f,-0.5857634512000243f,-0.36659792558686555f,-0.7228327193712553f,-0.08878930620438441f,0f,0f,0f,1f],start_interpolation:0}
execute if entity @s[tag=aj.folklore_microphone.bone.left_bend] run data modify entity @s {} merge value {transformation:[-0.9852038940407291f,0.12097348819033965f,0.12140305730106449f,0.34727990361690186f,-0.15920064493448433f,-0.38363582858521855f,-0.9096585654399003f,0.4448755554790384f,-0.06347000724301233f,-0.9155266059382409f,0.3972185695555753f,0.07497422209507464f,0f,0f,0f,1f],start_interpolation:0}
execute if entity @s[tag=aj.folklore_microphone.bone.right_straight] run data modify entity @s {} merge value {transformation:[-0.7739043865708405f,0.1153218351317761f,-0.6227141196313525f,-0.09691477812180821f,0.2621381217925293f,0.9534243834517875f,-0.1492164539944037f,0.3451921675102385f,0.576502910269754f,-0.2787163780286662f,-0.768089561880049f,-0.10447989441677297f,0f,0f,0f,1f],start_interpolation:0}
execute if entity @s[tag=aj.folklore_microphone.bone.microphone] run data modify entity @s {} merge value {transformation:[-0.7739043865708405f,0.10443641114767006f,-0.6246319207925622f,-0.11961475784210862f,0.2621381217925293f,0.9506749860979326f,-0.1658332774529314f,0.7100621821190083f,0.576502910269754f,-0.2920789393884651f,-0.7631083066093653f,0.27220692176915384f,0f,0f,0f,1f],start_interpolation:0}
execute if entity @s[tag=aj.folklore_microphone.bone.right_bend] run data modify entity @s {} merge value {transformation:[-0.7739043865708405f,-0.6246319207925622f,-0.1044364111476702f,-0.395283701634505f,0.2621381217925293f,-0.16583327745293117f,-0.9506749860979326f,0.5239158291651465f,0.576502910269754f,-0.7631083066093655f,0.2920789393884649f,-0.008984806169528792f,0f,0f,0f,1f],start_interpolation:0}
execute if entity @s[tag=aj.folklore_microphone.bone.head] run data modify entity @s {} merge value {transformation:[-0.999999232372799f,0.00005936657376590529f,-0.0012376305679496742f,0f,0.00008873394827904164f,0.9997181109020905f,-0.023742174724359008f,0.8125f,0.001235872201818193f,-0.02374226631906668f,-0.9997173487591057f,0f,0f,0f,0f,1f],start_interpolation:0}