execute if entity @s[tag=aj.folklore_microphone.bone.left_straight] run data modify entity @s {} merge value {transformation:[-0.994865778472754f,0.002469988738309157f,0.10117302990142069f,-0.015590668224961635f,-0.09742245748774747f,0.2473218076179896f,-0.9640232301421052f,0.7159276634265302f,-0.02740342315932769f,-0.9689302465256222f,-0.24581137029630673f,0.316645220163325f,0f,0f,0f,1f],start_interpolation:0}
execute if entity @s[tag=aj.folklore_microphone.bone.left_bend] run data modify entity @s {} merge value {transformation:[-0.994865778472754f,0.0515165999746035f,0.08710983153960189f,0.34282375422313405f,-0.09742245748774747f,-0.25444025702549367f,-0.9621689146827853f,0.7010043221432538f,-0.02740342315932769f,-0.9657153801881057f,0.2581527781514146f,0.30084884244710836f,0f,0f,0f,1f],start_interpolation:0}
execute if entity @s[tag=aj.folklore_microphone.bone.right_straight] run data modify entity @s {} merge value {transformation:[-0.7448553863170128f,0.1068637591634149f,-0.6586126254878488f,-0.10134755368355822f,0.2665282533708051f,0.9525713861749603f,-0.14686879994002344f,0.3439335927789612f,0.6116805895478796f,-0.2849348894364787f,-0.7380101389223458f,-0.11541806116415909f,0f,0f,0f,1f],start_interpolation:0}
execute if entity @s[tag=aj.folklore_microphone.bone.microphone] run data modify entity @s {} merge value {transformation:[-0.7448553863170128f,0.09535310807054766f,-0.6603773453532611f,-0.1046491669209666f,0.2665282533708051f,0.9498630909494534f,-0.16347109410246963f,0.7092751714689556f,0.6116805895478796f,-0.29777154537201334f,-0.7329249369049476f,0.26148113538384304f,0f,0f,0f,1f],start_interpolation:0}
execute if entity @s[tag=aj.folklore_microphone.bone.right_bend] run data modify entity @s {} merge value {transformation:[-0.7448553863170128f,-0.6603773453532611f,-0.09535310807054781f,-0.39405312756382005f,0.2665282533708051f,-0.1634710941024694f,-0.9498630909494534f,0.5242264332219635f,0.6116805895478796f,-0.7329249369049478f,0.29777154537201317f,-0.00631530071680271f,0f,0f,0f,1f],start_interpolation:0}