execute if entity @s[tag=aj.folklore_microphone.bone.left_straight] run data modify entity @s {} merge value {transformation:[-0.7983486424939591f,0.4611717631600315f,0.38724675581845824f,-0.1392353920123136f,-0.07882627928534047f,0.5574954752119206f,-0.8264291940706503f,0.5948280244105267f,-0.5970141227157715f,-0.6903038461301682f,-0.40872330163059584f,0.015527486266733406f,0f,0f,0f,1f],start_interpolation:0}
execute if entity @s[tag=aj.folklore_microphone.bone.left_bend] run data modify entity @s {} merge value {transformation:[-0.7983486424939591f,0.59615757904907f,-0.08506224762140235f,0.17081058881498817f,-0.07882627928534047f,-0.24349272909629177f,-0.9666942166845055f,0.5846891967955298f,-0.5970141227157715f,-0.7650538751091926f,0.24138497355536837f,0.1963639422988131f,0f,0f,0f,1f],start_interpolation:0}
execute if entity @s[tag=aj.folklore_microphone.bone.right_straight] run data modify entity @s {} merge value {transformation:[-0.7717559800392678f,0.11106781484021928f,-0.6261442707397779f,-0.09579431137998765f,0.26251952129793543f,0.9524581796383471f,-0.1546186178230457f,0.3457342237113343f,0.5792030802845686f,-0.28370293714839295f,-0.7642227654566716f,-0.10365711433339664f,0f,0f,0f,1f],start_interpolation:0}
execute if entity @s[tag=aj.folklore_microphone.bone.microphone] run data modify entity @s {} merge value {transformation:[-0.7717559800392678f,0.10012317437272292f,-0.6279873065812388f,-0.11767591319420928f,0.26251952129793543f,0.9496146486832346f,-0.1712177559242029f,0.7122788536775417f,0.5792030802845686f,-0.2969972541282939f,-0.7591550716613314f,0.2714490091479139f,0f,0f,0f,1f],start_interpolation:0}
execute if entity @s[tag=aj.folklore_microphone.bone.right_bend] run data modify entity @s {} merge value {transformation:[-0.7717559800392678f,-0.6279873065812388f,-0.10012317437272306f,-0.39420774446305407f,0.26251952129793543f,-0.17121775592420269f,-0.9496146486832346f,0.5240157369811145f,0.5792030802845686f,-0.7591550716613316f,0.29699725412829375f,-0.0074770820261242515f,0f,0f,0f,1f],start_interpolation:0}
execute if entity @s[tag=aj.folklore_microphone.bone.head] run data modify entity @s {} merge value {transformation:[-0.9533990316388029f,-0.002188083121620379f,0.3017043234069507f,0f,-0.023394647863274314f,0.9974991832364352f,-0.0666938519955037f,0.8125f,-0.3008038844854674f,-0.07064412031370793f,-0.9510659447922399f,0f,0f,0f,0f,1f],start_interpolation:0}