execute if entity @s[tag=aj.folklore_microphone.bone.left_straight] run data modify entity @s {} merge value {transformation:[-0.9711260109935821f,-0.1451917365976143f,0.18929772950424448f,0.045242899095261024f,-0.2094625872767939f,0.13912021035405397f,-0.9678693050212698f,0.7183262801025073f,0.1141914852473888f,-0.9795738495360179f,-0.1655154917286675f,0.36661292577721905f,0f,0f,0f,1f],start_interpolation:0}
execute if entity @s[tag=aj.folklore_microphone.bone.left_bend] run data modify entity @s {} merge value {transformation:[-0.9711260109935821f,-0.06190375482167344f,0.2303957376139395f,0.39819690122410534f,-0.2094625872767939f,-0.24101347191723158f,-0.9476486326090033f,0.7415799211172297f,0.1141914852473888f,-0.968545523707265f,0.22108793093159881f,0.3048401935760068f,0f,0f,0f,1f],start_interpolation:0}
execute if entity @s[tag=aj.folklore_microphone.bone.right_straight] run data modify entity @s {} merge value {transformation:[-0.7739043865708405f,0.17120727518591689f,-0.609721304671097f,-0.1192789005835892f,0.2621381217925294f,0.963016363873181f,-0.06231442863063212f,0.3367363990263303f,0.5765029102697539f,-0.20805660728727374f,-0.7901625418954085f,-0.13065688838759998f,0f,0f,0f,1f],start_interpolation:0}
execute if entity @s[tag=aj.folklore_microphone.bone.microphone] run data modify entity @s {} merge value {transformation:[-0.7739043865708405f,0.1605400954660542f,-0.6126164201147086f,-0.13283424869338767f,0.2621381217925294f,0.9617821550811197f,-0.07911189082939474f,0.6752648435701717f,0.5765029102697539f,-0.22181515709091493f,-0.7864111078406999f,0.2702834050484001f,0f,0f,0f,1f],start_interpolation:0}
execute if entity @s[tag=aj.folklore_microphone.bone.right_bend] run data modify entity @s {} merge value {transformation:[-0.7739043865708405f,-0.6126164201147086f,-0.16054009546605433f,-0.4104208141820549f,0.2621381217925294f,-0.07911189082939453f,-0.9617821550811197f,0.5239637479030643f,0.5765029102697539f,-0.7864111078406999f,0.22181515709091476f,-0.02932683553245856f,0f,0f,0f,1f],start_interpolation:0}
execute if entity @s[tag=aj.folklore_microphone.bone.head] run data modify entity @s {} merge value {transformation:[-0.9981391924300701f,-0.02349852487252685f,-0.05626696956352586f,0f,-0.01631654813782854f,0.9920406185214835f,-0.12485664363732676f,0.8125f,0.058753066234141615f,-0.12370622673223738f,-0.9905780366411113f,0f,0f,0f,0f,1f],start_interpolation:0}