execute if entity @s[tag=aj.folklore_microphone.bone.left_straight] run data modify entity @s {} merge value {transformation:[-0.8413920982321578f,0.08388183105517436f,0.5338756179592002f,-0.01629837416743618f,-0.2401842086752934f,0.8269126101965075f,-0.5084555840985738f,0.41585774560471056f,-0.48411866617133226f,-0.5560390035931202f,-0.6756106449336482f,0.018096167466227706f,0f,0f,0f,1f],start_interpolation:0}
execute if entity @s[tag=aj.folklore_microphone.bone.left_bend] run data modify entity @s {} merge value {transformation:[-0.8413920982321578f,0.509586789793657f,-0.17994621613215991f,0.3122943133543096f,-0.2401842086752934f,-0.6508857323103802f,-0.720180053443445f,0.48365777117630965f,-0.48411866617133226f,-0.5627335667459117f,0.670044811875978f,0.14601462634742013f,0f,0f,0f,1f],start_interpolation:0}
execute if entity @s[tag=aj.folklore_microphone.bone.right_straight] run data modify entity @s {} merge value {transformation:[-0.76324952998258f,0.12072270050596165f,-0.6347252827514582f,-0.10189869917369224f,0.2639384213871297f,0.9549380302500385f,-0.13575665028957695f,0.34327248724630943f,0.5897344018259751f,-0.2711445886694485f,-0.7607193617479675f,-0.11221947480297725f,0f,0f,0f,1f],start_interpolation:0}
execute if entity @s[tag=aj.folklore_microphone.bone.microphone] run data modify entity @s {} merge value {transformation:[-0.76324952998258f,0.10962683024334284f,-0.6367355126519707f,-0.11582157959914235f,0.2639384213871297f,0.9524233083252673f,-0.1524019405205285f,0.7046640930303774f,0.5897344018259751f,-0.2843796755212124f,-0.755871374939817f,0.26822846486507745f,0f,0f,0f,1f],start_interpolation:0}
execute if entity @s[tag=aj.folklore_microphone.bone.right_bend] run data modify entity @s {} merge value {transformation:[-0.76324952998258f,-0.6367355126519707f,-0.10962683024334298f,-0.39716116616420366f,0.2639384213871297f,-0.15240194052052827f,-0.9524233083252673f,0.5239154650151587f,0.5897344018259751f,-0.7558713749398172f,0.28437967552121224f,-0.010860391330933666f,0f,0f,0f,1f],start_interpolation:0}