execute if entity @s[tag=aj.folklore_microphone.bone.left_straight] run data modify entity @s {} merge value {transformation:[-0.9941754887565927f,-0.09610268619641278f,0.04877879930281076f,0.025708203333274615f,-0.09791984214495049f,0.9945307397741683f,-0.03633609993592603f,0.3756198472763536f,-0.04502001854617628f,-0.04090087224105911f,-0.9981484441604979f,-0.008188667489059297f,0f,0f,0f,1f],start_interpolation:0}
execute if entity @s[tag=aj.folklore_microphone.bone.left_bend] run data modify entity @s {} merge value {transformation:[-0.9941754887565927f,-0.09524664558307472f,0.050429892531733925f,0.37978850732365477f,-0.09791984214495049f,0.9937556379048803f,-0.053492398026003585f,0.42080097258468685f,-0.04502001854617628f,-0.05811891806835852f,-0.9972940335190346f,-0.04716217290960279f,0f,0f,0f,1f],start_interpolation:0}
execute if entity @s[tag=aj.folklore_microphone.bone.head] run data modify entity @s {} merge value {transformation:[-1f,-8.956044878089619e-17f,8.35255879403614e-17f,0f,0f,0.6820381843852054f,0.7313165628102051f,0.8125f,-1.2246467991473532e-16f,0.7313165628102051f,-0.6820381843852054f,0f,0f,0f,0f,1f],start_interpolation:0}