execute if entity @s[tag=aj.folklore_microphone.bone.left_straight] run data modify entity @s {} merge value {transformation:[-0.8313491641785022f,-0.528265086275986f,0.1726110246813068f,0.24417086932272958f,-0.27827634145490393f,0.1268371572335919f,-0.9520896036252966f,0.6978180979098888f,0.48106220492383256f,-0.8395524606400281f,-0.2524496401801646f,0.4472197237480074f,0f,0f,0f,1f],start_interpolation:0}
execute if entity @s[tag=aj.folklore_microphone.bone.left_bend] run data modify entity @s {} merge value {transformation:[-0.8313491641785022f,-0.4373703559912842f,0.34287860668137776f,0.5418494073534947f,-0.27827634145490393f,-0.20644588199693467f,-0.9380524375497251f,0.746186066037403f,0.48106220492383256f,-0.8752641141430195f,0.04991878892016177f,0.2523321727400106f,0f,0f,0f,1f],start_interpolation:0}
execute if entity @s[tag=aj.folklore_microphone.bone.right_straight] run data modify entity @s {} merge value {transformation:[-0.7739043865708405f,0.3504914350070465f,-0.5274729892924495f,-0.1932366159622688f,0.2621381217925294f,0.9354775580457261f,0.2369922857307602f,0.33108611701694945f,0.5765029102697541f,0.04513859080107162f,-0.815847352187281f,-0.22736940283560514f,0f,0f,0f,1f],start_interpolation:0}
execute if entity @s[tag=aj.folklore_microphone.bone.microphone] run data modify entity @s {} merge value {transformation:[-0.7739043865708405f,0.34123238047003074f,-0.5335095715778372f,-0.19082765865183754f,0.2621381217925294f,0.9394711659756224f,0.22062985610177388f,0.5643348961540019f,0.5765029102697541f,0.030893216393904833f,-0.816510871716564f,0.24287263918525376f,0f,0f,0f,1f],start_interpolation:0}
execute if entity @s[tag=aj.folklore_microphone.bone.right_bend] run data modify entity @s {} merge value {transformation:[-0.7739043865708405f,-0.5335095715778371f,-0.34123238047003085f,-0.4577139612767238f,0.2621381217925294f,0.2206298561017741f,-0.9394711659756224f,0.5409763130976186f,0.5765029102697541f,-0.816510871716564f,-0.030893216393905014f,-0.10054940032240062f,0f,0f,0f,1f],start_interpolation:0}
execute if entity @s[tag=aj.folklore_microphone.bone.head] run data modify entity @s {} merge value {transformation:[-0.834870503310872f,-0.030568801407074474f,-0.5495969351097096f,0f,-0.001103925063781968f,0.9985477410894325f,-0.053862696874973096f,0.8125f,0.5504452961474964f,-0.04436166301804436f,-0.8336918008493118f,0f,0f,0f,0f,1f],start_interpolation:0}