execute if entity @s[tag=aj.folklore_microphone.bone.left_straight] run data modify entity @s {} merge value {transformation:[-0.7973810678349758f,0.10085097761769113f,0.5949895066065533f,-0.010596372856711833f,-0.1901727202033296f,0.8937098105609756f,-0.4063460483350749f,0.4021441196587755f,-0.572728355460789f,-0.43716341889574994f,-0.6934481783309833f,-0.058424167780784055f,0f,0f,0f,1f],start_interpolation:0}
execute if entity @s[tag=aj.folklore_microphone.bone.left_bend] run data modify entity @s {} merge value {transformation:[-0.7973810678349758f,0.2595129084684302f,0.5448270211696644f,0.3059308833933658f,-0.1901727202033296f,0.7487581506163336f,-0.634976825070076f,0.4586088210396341f,-0.572728355460789f,-0.609929735480952f,-0.5476932979572746f,0.10143628208590626f,0f,0f,0f,1f],start_interpolation:0}
execute if entity @s[tag=aj.folklore_microphone.bone.right_straight] run data modify entity @s {} merge value {transformation:[-0.9961519879084412f,0.08763311378100581f,-0.0012862173634810726f,-0.04610585907375936f,0.08763388620333108f,0.9961525946689997f,-0.0005568869913295766f,0.3786055845574624f,0.0012324670228656435f,-0.0006674603095173574f,-0.999999017760404f,-0.008120343123862506f,0f,0f,0f,1f],start_interpolation:0}
execute if entity @s[tag=aj.folklore_microphone.bone.microphone] run data modify entity @s {} merge value {transformation:[-0.9961519879084412f,0.008398566694094431f,0.08723921746293739f,-0.4011314073397031f,0.08763388620333108f,0.08145160425173206f,0.9928171725719298f,0.11189266849627888f,0.0012324670228656435f,0.9966419117427804f,-0.0818741765316359f,0.06383587965124266f,0f,0f,0f,1f],start_interpolation:0}
execute if entity @s[tag=aj.folklore_microphone.bone.right_bend] run data modify entity @s {} merge value {transformation:[-0.9961519879084412f,0.08723921746293739f,-0.008398566694094412f,-0.368163154062951f,0.08763388620333108f,0.9928171725719298f,-0.08145160425173184f,0.5166776568892054f,0.0012324670228656435f,-0.08187417653163567f,-0.9966419117427804f,-0.09356433190642816f,0f,0f,0f,1f],start_interpolation:0}
execute if entity @s[tag=aj.folklore_microphone.bone.head] run data modify entity @s {} merge value {transformation:[-1f,-1.1119985012715665e-16f,5.130488435145795e-17f,0f,0f,0.41893617316583365f,0.9080156842330239f,0.8125f,-1.2246467991473532e-16f,0.9080156842330239f,-0.41893617316583365f,0f,0f,0f,0f,1f],start_interpolation:0}