execute if entity @s[tag=aj.folklore_microphone.bone.left_straight] run data modify entity @s {} merge value {transformation:[-0.996260471449425f,-0.07238587790599386f,0.047173697196086876f,0.01586595104613059f,-0.07826401992067367f,0.5247506804482531f,-0.8476505568658302f,0.9603576611897778f,0.03660350001333122f,-0.848172746584606f,-0.5284535700871933f,0.3079669769563305f,0f,0f,0f,1f],start_interpolation:0}
execute if entity @s[tag=aj.folklore_microphone.bone.left_bend] run data modify entity @s {} merge value {transformation:[-0.996260471449425f,-0.04451113790143202f,0.074052897513124f,0.3678855578215629f,-0.07826401992067367f,0.10180720896945394f,-0.9917207446593554f,0.9546763401296166f,0.03660350001333122f,-0.993807854066655f,-0.10491011858826782f,0.18696970572593508f,0f,0f,0f,1f],start_interpolation:0}
execute if entity @s[tag=aj.folklore_microphone.bone.right_straight] run data modify entity @s {} merge value {transformation:[-0.8592644614142109f,0.14856870572937494f,-0.4894812815914867f,-0.08865439376892992f,0.23806370805864085f,0.9630954693996987f,-0.12558975964283142f,0.6996528693498736f,0.4527584966137202f,-0.22444254609960282f,-0.862922526791607f,-0.07915595650155291f,0f,0f,0f,1f],start_interpolation:0}
execute if entity @s[tag=aj.folklore_microphone.bone.microphone] run data modify entity @s {} merge value {transformation:[-0.8592644614142109f,0.28441934467367674f,-0.42517081476265767f,-0.18554273567359078f,0.23806370805864085f,0.9580220028553531f,0.1597482799606551f,0.9245859871497756f,0.4527584966137202f,0.03604827902152715f,-0.890904184143093f,0.3483873815807167f,0f,0f,0f,1f],start_interpolation:0}
execute if entity @s[tag=aj.folklore_microphone.bone.right_bend] run data modify entity @s {} merge value {transformation:[-0.8592644614142109f,-0.4251708147626576f,-0.28441934467367685f,-0.40036696133071636f,0.23806370805864085f,0.15974827996065533f,-0.9580220028553531f,0.8734487675843703f,0.4527584966137202f,-0.890904184143093f,-0.03604827902152735f,-0.027043245828285732f,0f,0f,0f,1f],start_interpolation:0}
execute if entity @s[tag=aj.folklore_microphone.bone.head] run data modify entity @s {} merge value {transformation:[-1f,-3.635147094109241e-17f,1.1694515119079325e-16f,0f,0f,0.9549296276462325f,0.29683228638985315f,1.163984375f,-1.2246467991473532e-16f,0.29683228638985315f,-0.9549296276462325f,0f,0f,0f,0f,1f],start_interpolation:0}
execute if entity @s[tag=aj.folklore_microphone.bone.hair] run data modify entity @s {} merge value {transformation:[-1f,0f,1.2246467991473532e-16f,-0.010937499999999998f,0f,1f,0f,0.7577343750000001f,-1.2246467991473532e-16f,0f,-1f,-0.007968750000000002f,0f,0f,0f,1f],start_interpolation:0}
execute if entity @s[tag=aj.folklore_microphone.bone.outfit] run data modify entity @s {} merge value {transformation:[-1f,0f,1.2246467991473532e-16f,0f,0f,1f,0f,-0.273515625f,-1.2246467991473532e-16f,0f,-1f,0f,0f,0f,0f,1f],start_interpolation:0}
execute if entity @s[tag=aj.folklore_microphone.bone.chest] run data modify entity @s {} merge value {transformation:[-1f,0f,1.2246467991473532e-16f,-0.010937499999999998f,0f,1f,0f,0.413984375f,-1.2246467991473532e-16f,0f,-1f,-0.007968750000000002f,0f,0f,0f,1f],start_interpolation:0}
execute if entity @s[tag=aj.folklore_microphone.bone.right_leg] run data modify entity @s {} merge value {transformation:[-1f,-6.240167513233753e-17f,1.0537375748874472e-16f,0.10625000000000001f,0f,0.8604420275471265f,0.5095483463132717f,0.4686875f,-1.2246467991473532e-16f,0.5095483463132717f,-0.8604420275471265f,-0.062499999999999986f,0f,0f,0f,1f],start_interpolation:0}
execute if entity @s[tag=aj.folklore_microphone.bone.left_leg] run data modify entity @s {} merge value {transformation:[-1f,-6.240167513233753e-17f,1.0537375748874472e-16f,-0.10624999999999998f,0f,0.8604420275471265f,0.5095483463132717f,0.4686875f,-1.2246467991473532e-16f,0.5095483463132717f,-0.8604420275471265f,-0.06250000000000001f,0f,0f,0f,1f],start_interpolation:0}
execute if entity @s[tag=aj.folklore_microphone.bone.waist] run data modify entity @s {} merge value {transformation:[-1f,0f,1.2246467991473532e-16f,0f,0f,1f,0f,1.226484375f,-1.2246467991473532e-16f,0f,-1f,0f,0f,0f,0f,1f],start_interpolation:0}