execute if entity @s[tag=aj.folklore_microphone.bone.left_straight] run data modify entity @s {} merge value {transformation:[-0.7998044353708827f,-0.050133785581188785f,0.5981634130439296f,0.0468776076245489f,-0.2626884307388465f,0.9252496759846136f,-0.2736929400739629f,0.3569682659166859f,-0.5397292409319933f,-0.37603143569875513f,-0.7531883601392863f,-0.06715073104595326f,0f,0f,0f,1f],start_interpolation:0}
execute if entity @s[tag=aj.folklore_microphone.bone.left_bend] run data modify entity @s {} merge value {transformation:[-0.7998044353708827f,0.5693285465214463f,-0.19020481402120398f,0.3625501695929458f,-0.2626884307388465f,-0.6168935152906332f,-0.741914536283208f,0.44678137150576985f,-0.5397292409319933f,-0.5434219326712372f,0.642950192141531f,0.07851178838703322f,0f,0f,0f,1f],start_interpolation:0}
execute if entity @s[tag=aj.folklore_microphone.bone.right_straight] run data modify entity @s {} merge value {transformation:[-0.7585094610283447f,0.09675683218276664f,-0.6444389132853835f,-0.09365978298223249f,0.2646672518538181f,0.9494214206182197f,-0.16896807943345138f,0.34697867033444646f,0.5954952924470837f,-0.2987257630289652f,-0.7457534949137851f,-0.10426517357430375f,0f,0f,0f,1f],start_interpolation:0}
execute if entity @s[tag=aj.folklore_microphone.bone.microphone] run data modify entity @s {} merge value {transformation:[-0.7585094610283447f,0.08549508580991506f,-0.6460294016783178f,-0.10857294354561287f,0.2646672518538181f,0.9463279195400338f,-0.1855120332894308f,0.7182333476080741f,0.5954952924470837f,-0.31169545874360527f,-0.7404264296147024f,0.2665257869043217f,0f,0f,0f,1f],start_interpolation:0}
execute if entity @s[tag=aj.folklore_microphone.bone.right_bend] run data modify entity @s {} merge value {transformation:[-0.7585094610283447f,-0.6460294016783178f,-0.0854950858099152f,-0.3907992099910002f,0.2646672518538181f,-0.18551203328943058f,-0.9463279195400338f,0.5244119149082622f,0.5954952924470837f,-0.7404264296147025f,0.3116954587436051f,-0.002721693873624892f,0f,0f,0f,1f],start_interpolation:0}