execute if entity @s[tag=aj.folklore_microphone.bone.left_straight] run data modify entity @s {} merge value {transformation:[-0.9913933862948776f,-0.12986668986403246f,-0.016546796503694245f,0.043340818117690194f,-0.1147265254264486f,0.9227070684800451f,-0.36803463171356f,0.4155783349874191f,0.06306328547062788f,-0.36296874333848705f,-0.9296648392753861f,0.151213932875763f,0f,0f,0f,1f],start_interpolation:0}
execute if entity @s[tag=aj.folklore_microphone.bone.left_bend] run data modify entity @s {} merge value {transformation:[-0.9913933862948776f,-0.13040991052540832f,-0.011506904341761734f,0.39245000869901214f,-0.1147265254264486f,0.9077677824005771f,-0.4034792158204842f,0.44773484931998303f,0.06306328547062788f,-0.3986864789183267f,-0.914916451679254f,0.07361327875193267f,0f,0f,0f,1f],start_interpolation:0}
execute if entity @s[tag=aj.folklore_microphone.bone.right_straight] run data modify entity @s {} merge value {transformation:[-0.7739043865708405f,0.553884097107054f,-0.30705766139003066f,-0.28407079587570044f,0.2621381217925293f,0.7215313323944412f,0.6408401840366967f,0.39196794875232677f,0.576502910269754f,0.41545751087807514f,-0.7035904000947553f,-0.37698949628423956f,0f,0f,0f,1f],start_interpolation:0}
execute if entity @s[tag=aj.folklore_microphone.bone.microphone] run data modify entity @s {} merge value {transformation:[-0.7739043865708405f,0.5484408427700062f,-0.31667750540279394f,-0.30545012679229244f,0.2621381217925293f,0.7326056430308542f,0.6281501229025064f,0.44068829707540635f,0.576502910269754f,0.4031148890590301f,-0.7107339732061706f,0.145224660931967f,0f,0f,0f,1f],start_interpolation:0}
execute if entity @s[tag=aj.folklore_microphone.bone.right_bend] run data modify entity @s {} merge value {transformation:[-0.7739043865708405f,-0.3166775054027938f,-0.5484408427700063f,-0.5073945664263378f,0.2621381217925293f,0.6281501229025065f,-0.7326056430308541f,0.6131003539289428f,0.576502910269754f,-0.7107339732061705f,-0.40311488905903026f,-0.20003632021592577f,0f,0f,0f,1f],start_interpolation:0}
execute if entity @s[tag=aj.folklore_microphone.bone.head] run data modify entity @s {} merge value {transformation:[-0.983331501245903f,0.1607325955295199f,-0.08499524334821605f,0f,0.0007505803894092417f,0.47104908147358815f,0.8821066825911523f,0.8125f,0.18182022793561153f,0.8673394926885507f,-0.4633180431800703f,0f,0f,0f,0f,1f],start_interpolation:0}