execute if entity @s[tag=aj.folklore_microphone.bone.left_straight] run data modify entity @s {} merge value {transformation:[-0.9947544456679461f,0.08198058303128801f,0.061178238203689f,-0.044180569174518625f,-0.09576765171611779f,-0.5362175451109943f,-0.8386294182771785f,1.013298220227877f,-0.035946483953755236f,-0.8400892383080434f,0.5412558747675387f,0.22076945189610198f,0f,0f,0f,1f],start_interpolation:0}
execute if entity @s[tag=aj.folklore_microphone.bone.left_bend] run data modify entity @s {} merge value {transformation:[-0.9947544456679461f,0.09859228835732059f,-0.027260841885828918f,0.3268464168360143f,-0.09576765171611779f,-0.9912804570527423f,-0.09050752648308563f,0.8773600034547329f,-0.035946483953755236f,-0.08742205752424853f,0.9955225934902677f,0.18252482135909243f,0f,0f,0f,1f],start_interpolation:0}
execute if entity @s[tag=aj.folklore_microphone.bone.right_straight] run data modify entity @s {} merge value {transformation:[-0.9700514276403549f,0.14001056982679658f,-0.1984874506604512f,-0.06433508625250028f,0.1565677377267428f,0.9851651823321314f,-0.07025743393853963f,0.3637220173285785f,0.1857061421602399f,-0.09923005521148362f,-0.9775820297584682f,-0.032544908982988514f,0f,0f,0f,1f],start_interpolation:0}
execute if entity @s[tag=aj.folklore_microphone.bone.microphone] run data modify entity @s {} merge value {transformation:[-0.9700514276403549f,0.24281616027728575f,-0.006367106179797742f,-0.35385151395279224f,0.1565677377267428f,0.6450996701663818f,0.7478856590778802f,0.28457636444379f,0.1857061421602399f,0.7244906678898084f,-0.6637970329133295f,0.3008895756645047f,0f,0f,0f,1f],start_interpolation:0}
execute if entity @s[tag=aj.folklore_microphone.bone.right_bend] run data modify entity @s {} merge value {transformation:[-0.9700514276403549f,-0.006367106179797688f,-0.24281616027728575f,-0.3888931725662169f,0.1565677377267428f,0.7478856590778803f,-0.6450996701663817f,0.5175553888532967f,0.1857061421602399f,-0.6637970329133294f,-0.7244906678898085f,-0.0654510793242583f,0f,0f,0f,1f],start_interpolation:0}
execute if entity @s[tag=aj.folklore_microphone.bone.head] run data modify entity @s {} merge value {transformation:[-1f,-7.919373821691382e-17f,9.341279170354294e-17f,0f,0f,0.7627733299803712f,0.6466659470473576f,0.8125f,-1.2246467991473532e-16f,0.6466659470473576f,-0.7627733299803712f,0f,0f,0f,0f,1f],start_interpolation:0}