execute if entity @s[tag=aj.folklore_microphone.bone.left_straight] run data modify entity @s {} merge value {transformation:[-0.9178499645824166f,0.3637017774268517f,0.15897314116732292f,-0.13140335217001148f,-0.16404416447117864f,0.01712384085026708f,-0.9863043577808466f,0.9096676315948871f,-0.3614428787775596f,-0.9313580359727853f,0.043946037476737775f,0.16780553551688526f,0f,0f,0f,1f],start_interpolation:0}
execute if entity @s[tag=aj.folklore_microphone.bone.left_bend] run data modify entity @s {} merge value {transformation:[-0.9178499645824166f,0.3791284617618329f,-0.11752894110883146f,0.2385235141844198f,-0.16404416447117864f,-0.6319496992477512f,-0.7574490674122124f,0.8808109421627013f,-0.3614428787775596f,-0.675944662751903f,0.6422288208093803f,0.22281812946549961f,0f,0f,0f,1f],start_interpolation:0}
execute if entity @s[tag=aj.folklore_microphone.bone.right_straight] run data modify entity @s {} merge value {transformation:[-0.9830757882527098f,0.12682215501809602f,-0.13220489986335332f,0.03524562415401622f,0.134408055691708f,0.9896590904963591f,-0.05009350420058482f,0.4952092077987024f,0.12448481480280225f,-0.06701511467188062f,-0.9899558097657828f,-0.02397821773991357f,0f,0f,0f,1f],start_interpolation:0}
execute if entity @s[tag=aj.folklore_microphone.bone.microphone] run data modify entity @s {} merge value {transformation:[-0.9830757882527098f,0.16559292978528142f,0.07836438066137012f,-0.2992643942193f,0.134408055691708f,0.36127667305286076f,0.9227207812079617f,0.3028580679577412f,0.12448481480280225f,0.9176372633633528f,-0.3774193738674908f,0.1959670243259866f,0f,0f,0f,1f],start_interpolation:0}
execute if entity @s[tag=aj.folklore_microphone.bone.right_bend] run data modify entity @s {} merge value {transformation:[-0.9830757882527098f,0.07836438066137016f,-0.1655929297852814f,-0.28940381498513773f,0.134408055691708f,0.9227207812079619f,-0.36127667305286054f,0.6438887684494319f,0.12448481480280225f,-0.3774193738674906f,-0.9176372633633529f,-0.07479754028706395f,0f,0f,0f,1f],start_interpolation:0}
execute if entity @s[tag=aj.folklore_microphone.bone.head] run data modify entity @s {} merge value {transformation:[-1f,-6.056475659227861e-17f,1.0644016199506942e-16f,0f,0f,0.869149881167184f,0.49454876813825954f,0.939453125f,-1.2246467991473532e-16f,0.49454876813825954f,-0.869149881167184f,0f,0f,0f,0f,1f],start_interpolation:0}
execute if entity @s[tag=aj.folklore_microphone.bone.hair] run data modify entity @s {} merge value {transformation:[-1f,0f,1.2246467991473532e-16f,-0.010937499999999998f,0f,1f,0f,0.533203125f,-1.2246467991473532e-16f,0f,-1f,-0.007968750000000002f,0f,0f,0f,1f],start_interpolation:0}
execute if entity @s[tag=aj.folklore_microphone.bone.outfit] run data modify entity @s {} merge value {transformation:[-1f,0f,1.2246467991473532e-16f,0f,0f,1f,0f,-0.498046875f,-1.2246467991473532e-16f,0f,-1f,0f,0f,0f,0f,1f],start_interpolation:0}
execute if entity @s[tag=aj.folklore_microphone.bone.chest] run data modify entity @s {} merge value {transformation:[-1f,0f,1.2246467991473532e-16f,-0.010937499999999998f,0f,1f,0f,0.189453125f,-1.2246467991473532e-16f,0f,-1f,-0.007968750000000002f,0f,0f,0f,1f],start_interpolation:0}
execute if entity @s[tag=aj.folklore_microphone.bone.right_leg] run data modify entity @s {} merge value {transformation:[-1f,-1.0126562604985709e-16f,6.886850373972911e-17f,0.10625000000000001f,0f,0.5623540092349733f,0.8268965886356962f,0.2890625f,-1.2246467991473532e-16f,0.8268965886356962f,-0.5623540092349733f,-0.062499999999999986f,0f,0f,0f,1f],start_interpolation:0}
execute if entity @s[tag=aj.folklore_microphone.bone.left_leg] run data modify entity @s {} merge value {transformation:[-1f,-1.0126562604985709e-16f,6.886850373972911e-17f,-0.10624999999999998f,0f,0.5623540092349733f,0.8268965886356962f,0.2890625f,-1.2246467991473532e-16f,0.8268965886356962f,-0.5623540092349733f,-0.06250000000000001f,0f,0f,0f,1f],start_interpolation:0}
execute if entity @s[tag=aj.folklore_microphone.bone.waist] run data modify entity @s {} merge value {transformation:[-1f,0f,1.2246467991473532e-16f,0f,0f,1f,0f,1.001953125f,-1.2246467991473532e-16f,0f,-1f,0f,0f,0f,0f,1f],start_interpolation:0}