execute if entity @s[tag=aj.folklore_microphone.bone.left_straight] run data modify entity @s {} merge value {transformation:[-0.9804594284897958f,-0.07868991945007428f,0.18029754757734165f,0.01665378960310243f,-0.19064008210152966f,0.15394418225907325f,-0.9695140782087217f,0.7193477898315421f,0.048535226194847104f,-0.9849411583061833f,-0.16593747766158493f,0.3454283149633642f,0f,0f,0f,1f],start_interpolation:0}
execute if entity @s[tag=aj.folklore_microphone.bone.left_bend] run data modify entity @s {} merge value {transformation:[-0.9804594284897958f,-0.0037225820976520135f,0.19668617508098835f,0.37325871979377784f,-0.19064008210152966f,-0.22869664271421244f,-0.9546487336751514f,0.7360209316528474f,0.048535226194847104f,-0.9734906203933217f,0.2235181062563856f,0.3068529343648188f,0f,0f,0f,1f],start_interpolation:0}
execute if entity @s[tag=aj.folklore_microphone.bone.right_straight] run data modify entity @s {} merge value {transformation:[-0.7739043865708405f,0.15582046282640155f,-0.6138338405553878f,-0.11309224907183674f,0.2621381217925295f,0.9611448014334857f,-0.08651170892122316f,0.3387811374125585f,0.5765029102697541f,-0.22786104107975866f,-0.7846806614212894f,-0.12328160408761642f,0f,0f,0f,1f],start_interpolation:0}
execute if entity @s[tag=aj.folklore_microphone.bone.microphone] run data modify entity @s {} merge value {transformation:[-0.7739043865708405f,0.14508385294484835f,-0.6164597927367922f,-0.12898892802981926f,0.2621381217925295f,0.9594885769191409f,-0.10327282248862506f,0.6848362512965859f,0.5765029102697541f,-0.24152090256613337f,-0.7805844272557224f,0.27109325297228287f,0f,0f,0f,1f],start_interpolation:0}
execute if entity @s[tag=aj.folklore_microphone.bone.right_bend] run data modify entity @s {} merge value {transformation:[-0.7739043865708405f,-0.6164597927367922f,-0.1450838529448485f,-0.4062698737409488f,0.2621381217925295f,-0.10327282248862485f,-0.9594885769191409f,0.5237281111975236f,0.5765029102697541f,-0.7805844272557224f,0.2415209025661332f,-0.023647418619107477f,0f,0f,0f,1f],start_interpolation:0}
execute if entity @s[tag=aj.folklore_microphone.bone.head] run data modify entity @s {} merge value {transformation:[-0.9997757528903316f,-0.016672918859659814f,0.013055945361012917f,0f,-0.01808177525034731f,0.9930254526190947f,-0.11650536405864771f,0.8125f,-0.011022401569825062f,-0.11671531273719533f,-0.9931042455031054f,0f,0f,0f,0f,1f],start_interpolation:0}