execute if entity @s[tag=aj.folklore_microphone.bone.left_straight] run data modify entity @s {} merge value {transformation:[-0.8991382213615604f,-0.3970092020104904f,0.1842122482512039f,0.1686326537274381f,-0.24420430755702027f,0.10580325421996939f,-0.9639346075160186f,0.7186995827192391f,0.36320065398807555f,-0.911695873038514f,-0.19208310708434526f,0.43007941469701294f,0f,0f,0f,1f],start_interpolation:0}
execute if entity @s[tag=aj.folklore_microphone.bone.left_bend] run data modify entity @s {} merge value {transformation:[-0.8991382213615604f,-0.3492360195057854f,0.26378904747264287f,0.4926284507539339f,-0.24420430755702027f,-0.09984525812263766f,-0.9645699459349851f,0.7540737796675114f,0.36320065398807555f,-0.9317001272459818f,0.004489747482394002f,0.2793859523894428f,0f,0f,0f,1f],start_interpolation:0}
execute if entity @s[tag=aj.folklore_microphone.bone.right_straight] run data modify entity @s {} merge value {transformation:[-0.7739043865708398f,0.3286544355684977f,-0.541348559088841f,-0.18401812651437188f,0.2621381217925314f,0.9443768024007596f,0.1985851459460165f,0.32973204917076004f,0.5765029102697542f,0.011777821040790571f,-0.8170102064124015f,-0.2143786926590327f,0f,0f,0f,1f],start_interpolation:0}
execute if entity @s[tag=aj.folklore_microphone.bone.microphone] run data modify entity @s {} merge value {transformation:[-0.7739043865708398f,0.3191565448286309f,-0.5470019198681687f,-0.18228201335020744f,0.2621381217925314f,0.9476987579190194f,0.18207325268097982f,0.5777795055617801f,0.5765029102697542f,-0.002482766964119321f,-0.8170913231204365f,0.24823109908474622f,0f,0f,0f,1f],start_interpolation:0}
execute if entity @s[tag=aj.folklore_microphone.bone.right_bend] run data modify entity @s {} merge value {transformation:[-0.7739043865708398f,-0.5470019198681686f,-0.319156544828631f,-0.4520741573640147f,0.2621381217925314f,0.18207325268098004f,-0.9476987579190194f,0.5373009876431017f,0.5765029102697542f,-0.8170913231204365f,0.0024827669641191395f,-0.09130727542735746f,0f,0f,0f,1f],start_interpolation:0}
execute if entity @s[tag=aj.folklore_microphone.bone.head] run data modify entity @s {} merge value {transformation:[-0.8600645312966934f,-0.026020052109905132f,-0.5095213036700205f,0f,-0.0025916030151930166f,0.9989085265149151f,-0.04663731606356332f,0.8125f,0.5101786800712188f,-0.03879062443424802f,-0.8591932273108246f,0f,0f,0f,0f,1f],start_interpolation:0}