execute if entity @s[tag=aj.folklore_microphone.bone.left_straight] run data modify entity @s {} merge value {transformation:[-0.7652437897692976f,-0.011177499738727668f,0.6436435393283412f,0.041560187710960594f,-0.23549462982479863f,0.9354051876263002f,-0.263741188071729f,0.3621356249408619f,-0.5991195386091194f,-0.3534009033115179f,-0.7184452519123493f,-0.09887964367386348f,0f,0f,0f,1f],start_interpolation:0}
execute if entity @s[tag=aj.folklore_microphone.bone.left_bend] run data modify entity @s {} merge value {transformation:[-0.9757042438917695f,0.16588256650741834f,0.14312303301880694f,0.3479415624020229f,-0.17642896631210828f,-0.2075725033610461f,-0.9621779854551182f,0.44297305464013736f,-0.12990014741189287f,-0.9640521925587539f,0.23179586218271458f,0.07002533874181925f,0f,0f,0f,1f],start_interpolation:0}
execute if entity @s[tag=aj.folklore_microphone.bone.right_straight] run data modify entity @s {} merge value {transformation:[-0.7739043865708405f,0.12485620781035922f,-0.6208727146667241f,-0.10070976164923656f,0.2621381217925294f,0.9556002056484896f,-0.13458028112487153f,0.34355090760722473f,0.5765029102697541f,-0.2669066772034391f,-0.7722727627689087f,-0.10882803831307789f,0f,0f,0f,1f],start_interpolation:0}
execute if entity @s[tag=aj.folklore_microphone.bone.microphone] run data modify entity @s {} merge value {transformation:[-0.7739043865708405f,0.11400146864297178f,-0.6229571940299402f,-0.12172592101534485f,0.2621381217925294f,0.9531059133439806f,-0.15123730707673125f,0.704119063643789f,0.5765029102697541f,-0.28034404415999636f,-0.7674969780751726f,0.27207523028157f,0f,0f,0f,1f],start_interpolation:0}
execute if entity @s[tag=aj.folklore_microphone.bone.right_bend] run data modify entity @s {} merge value {transformation:[-0.7739043865708405f,-0.6229571940299402f,-0.11400146864297192f,-0.3978779051305913f,0.2621381217925294f,-0.15123730707673103f,-0.9531059133439806f,0.5237680590188616f,0.5765029102697541f,-0.7674969780751727f,0.2803440441599962f,-0.012400104239321946f,0f,0f,0f,1f],start_interpolation:0}
execute if entity @s[tag=aj.folklore_microphone.bone.head] run data modify entity @s {} merge value {transformation:[-1f,0f,1.2246467991473532e-16f,0f,0f,1f,0f,0.8125f,-1.2246467991473532e-16f,0f,-1f,0f,0f,0f,0f,1f],start_interpolation:0}