execute if entity @s[tag=aj.folklore_microphone.bone.left_straight] run data modify entity @s {} merge value {transformation:[-0.9739179525721483f,-0.15846440563655026f,0.16239720996350118f,0.050862710525407195f,-0.18715860502533174f,0.15640446519924933f,-0.9697985872492849f,0.719644781226306f,0.12827890794143243f,-0.9748982897779603f,-0.18198309362509976f,0.3706957780236802f,0f,0f,0f,1f],start_interpolation:0}
execute if entity @s[tag=aj.folklore_microphone.bone.left_bend] run data modify entity @s {} merge value {transformation:[-0.9739179525721483f,-0.13027713302293753f,0.1857732226909962f,0.40317415211370633f,-0.18715860502533174f,-0.0016363357350351604f,-0.9823283458041584f,0.7350983255502814f,0.12827890794143243f,-0.9914762685090784f,-0.022788829734486454f,0.3030868586667352f,0f,0f,0f,1f],start_interpolation:0}
execute if entity @s[tag=aj.folklore_microphone.bone.right_straight] run data modify entity @s {} merge value {transformation:[-0.7739043865708398f,0.2706234609748766f,-0.5725687232257729f,-0.15982864928375162f,0.2621381217925309f,0.9598996531864314f,0.09937937872442593f,0.32912675898511473f,0.5765029102697544f,-0.07318195257403348f,-0.8138112780417556f,-0.18163122194600023f,0f,0f,0f,1f],start_interpolation:0}
execute if entity @s[tag=aj.folklore_microphone.bone.microphone] run data modify entity @s {} merge value {transformation:[-0.7739043865708398f,0.2605895416399633f,-0.5772045488683247f,-0.16174424298318946f,0.2621381217925309f,0.9614878651288562f,0.08261168387727418f,0.6136058939806246f,0.5765029102697544f,-0.08737377179582166f,-0.8124101294621303f,0.25951084857230966f,0f,0f,0f,1f],start_interpolation:0}
execute if entity @s[tag=aj.folklore_microphone.bone.right_bend] run data modify entity @s {} merge value {transformation:[-0.7739043865708398f,-0.5772045488683246f,-0.2605895416399634f,-0.43690992268444295f,0.2621381217925309f,0.08261168387727438f,-0.9614878651288562f,0.529883514542662f,0.5765029102697544f,-0.8124101294621303f,0.08737377179582148f,-0.06757787187915185f,0f,0f,0f,1f],start_interpolation:0}
execute if entity @s[tag=aj.folklore_microphone.bone.head] run data modify entity @s {} merge value {transformation:[-0.917226295619491f,-0.03390347287971524f,-0.39692124804656204f,0f,-0.006310649648957039f,0.9974834570792318f,-0.07061818855133929f,0.8125f,0.3983165805300529f,-0.06226802855365506f,-0.9151320092177341f,0f,0f,0f,0f,1f],start_interpolation:0}