execute if entity @s[tag=aj.folklore_microphone.bone.left_straight] run data modify entity @s {} merge value {transformation:[-0.9962525503338981f,-0.08597819050217358f,0.009413113787455895f,0.02319491351181563f,-0.08644132773857635f,0.9860327274736082f,-0.14236346866295896f,0.9737659175722275f,0.002958515167389539f,-0.14264365078379482f,-0.9897696884018399f,0.04779714134781683f,0f,0f,0f,1f],start_interpolation:0}
execute if entity @s[tag=aj.folklore_microphone.bone.left_bend] run data modify entity @s {} merge value {transformation:[-0.9962525503338981f,-0.08521844590513296f,0.014787576904874254f,0.37529593307554276f,-0.08644132773857635f,0.9751612903862463f,-0.2039322303879963f,1.0168211388261763f,0.002958515167389539f,-0.20444626240101504f,-0.9788733181460508f,-0.014467468694383527f,0f,0f,0f,1f],start_interpolation:0}
execute if entity @s[tag=aj.folklore_microphone.bone.right_straight] run data modify entity @s {} merge value {transformation:[-0.7875991114239017f,0.12934217207681573f,-0.6024601581903419f,-0.0988943569076817f,0.25948045583046375f,0.9564227738832414f,-0.1338856625613848f,0.9290787884507182f,0.5588895532449101f,-0.2617748653326702f,-0.7868394926246186f,-0.10416032804072575f,0f,0f,0f,1f],start_interpolation:0}
execute if entity @s[tag=aj.folklore_microphone.bone.microphone] run data modify entity @s {} merge value {transformation:[-0.7875991114239017f,0.14729308017302203f,-0.598324651186481f,-0.12853670246557314f,0.25948045583046375f,0.9599974859043678f,-0.10523649604252394f,1.2705586306241017f,0.5588895532449101f,-0.2381377239969281f,-0.7943128424514285f,0.2866527916639935f,0f,0f,0f,1f],start_interpolation:0}
execute if entity @s[tag=aj.folklore_microphone.bone.right_bend] run data modify entity @s {} merge value {transformation:[-0.7875991114239017f,-0.598324651186481f,-0.14729308017302217f,-0.39855017155231254f,0.25948045583046375f,-0.10523649604252373f,-0.9599974859043678f,1.10856098905868f,0.5588895532449101f,-0.7943128424514285f,0.23813772399692792f,-0.014282599723870484f,0f,0f,0f,1f],start_interpolation:0}
execute if entity @s[tag=aj.folklore_microphone.bone.head] run data modify entity @s {} merge value {transformation:[-1f,-8.195567034245355e-18f,1.2219014079542494e-16f,0f,0f,0.9977582179653632f,0.0669218834357092f,1.3975f,-1.2246467991473532e-16f,0.0669218834357092f,-0.9977582179653632f,0f,0f,0f,0f,1f],start_interpolation:0}
execute if entity @s[tag=aj.folklore_microphone.bone.hair] run data modify entity @s {} merge value {transformation:[-1f,0f,1.2246467991473532e-16f,-0.010937499999999998f,0f,1f,0f,0.99125f,-1.2246467991473532e-16f,0f,-1f,-0.007968750000000002f,0f,0f,0f,1f],start_interpolation:0}
execute if entity @s[tag=aj.folklore_microphone.bone.outfit] run data modify entity @s {} merge value {transformation:[-1f,0f,1.2246467991473532e-16f,0f,0f,1f,0f,-0.040000000000000036f,-1.2246467991473532e-16f,0f,-1f,0f,0f,0f,0f,1f],start_interpolation:0}
execute if entity @s[tag=aj.folklore_microphone.bone.chest] run data modify entity @s {} merge value {transformation:[-1f,0f,1.2246467991473532e-16f,-0.010937499999999998f,0f,1f,0f,0.6475f,-1.2246467991473532e-16f,0f,-1f,-0.007968750000000002f,0f,0f,0f,1f],start_interpolation:0}
execute if entity @s[tag=aj.folklore_microphone.bone.right_leg] run data modify entity @s {} merge value {transformation:[-1f,-9.565851001106088e-18f,1.2209050872710465e-16f,0.10625000000000001f,0f,0.996944660387867f,0.07811110115803353f,0.6555f,-1.2246467991473532e-16f,0.07811110115803353f,-0.996944660387867f,-0.062499999999999986f,0f,0f,0f,1f],start_interpolation:0}
execute if entity @s[tag=aj.folklore_microphone.bone.left_leg] run data modify entity @s {} merge value {transformation:[-1f,-9.565851001106088e-18f,1.2209050872710465e-16f,-0.10624999999999998f,0f,0.996944660387867f,0.07811110115803353f,0.6555f,-1.2246467991473532e-16f,0.07811110115803353f,-0.996944660387867f,-0.06250000000000001f,0f,0f,0f,1f],start_interpolation:0}
execute if entity @s[tag=aj.folklore_microphone.bone.waist] run data modify entity @s {} merge value {transformation:[-1f,0f,1.2246467991473532e-16f,0f,0f,1f,0f,1.46f,-1.2246467991473532e-16f,0f,-1f,0f,0f,0f,0f,1f],start_interpolation:0}