execute if entity @s[tag=aj.folklore_microphone.bone.left_straight] run data modify entity @s {} merge value {transformation:[-0.8072366391601463f,0.18323350177910303f,0.5610654972667621f,-0.04416533028934494f,-0.18546599096407895f,0.823695173191576f,-0.5358438465230442f,0.43800588647390226f,-0.560331486348165f,-0.5366113542282414f,-0.6309333403143228f,-0.0189000905866558f,0f,0f,0f,1f],start_interpolation:0}
execute if entity @s[tag=aj.folklore_microphone.bone.left_bend] run data modify entity @s {} merge value {transformation:[-0.8072366391601463f,0.5727879041438001f,-0.14241848638426274f,0.2750374368328364f,-0.18546599096407895f,-0.47523306240479396f,-0.8600906362663608f,0.48486431005315894f,-0.560331486348165f,-0.6678828888839075f,0.48985821636769783f,0.13872925783559054f,0f,0f,0f,1f],start_interpolation:0}
execute if entity @s[tag=aj.folklore_microphone.bone.right_straight] run data modify entity @s {} merge value {transformation:[-0.7663372395452587f,0.10197921144153006f,-0.6342928942688201f,-0.09363154750683989f,0.263440039295346f,0.950375921067997f,-0.16548400028468924f,0.3468272418986933f,0.5859407657623928f,-0.2939146969580122f,-0.7551738673509966f,-0.10243589108008266f,0f,0f,0f,1f],start_interpolation:0}
execute if entity @s[tag=aj.folklore_microphone.bone.microphone] run data modify entity @s {} merge value {transformation:[-0.7663372395452587f,0.09089374212261969f,-0.6359760710349875f,-0.113220548253268f,0.263440039295346f,0.9473430801801334f,-0.1820451431125926f,0.7167573303938859f,0.5859407657623928f,-0.3070495335898826f,-0.74992933196403f,0.26945975934338184f,0f,0f,0f,1f],start_interpolation:0}
execute if entity @s[tag=aj.folklore_microphone.bone.right_bend] run data modify entity @s {} merge value {transformation:[-0.7663372395452587f,-0.6359760710349875f,-0.09089374212261983f,-0.3919346211280762f,0.263440039295346f,-0.18204514311259237f,-0.9473430801801334f,0.5242553219440669f,0.5859407657623928f,-0.7499293319640301f,0.3070495335898824f,-0.004354158263271554f,0f,0f,0f,1f],start_interpolation:0}
execute if entity @s[tag=aj.folklore_microphone.bone.head] run data modify entity @s {} merge value {transformation:[-0.968240797223957f,-0.0040886477712091624f,0.24998608271365708f,0f,-0.014718823221755519f,0.9990642794615509f,-0.04066843674078052f,0.8125f,-0.24958588668849674f,-0.04305634057110687f,-0.9673949745075906f,0f,0f,0f,0f,1f],start_interpolation:0}