execute if entity @s[tag=aj.folklore_microphone.bone.left_straight] run data modify entity @s {} merge value {transformation:[-0.9178499621795202f,0.36370177961745986f,0.15897315002900983f,-0.13140335264983366f,-0.1640441642117946f,0.017123866342483862f,-0.986304357381401f,0.7827144967868711f,-0.3614428849972111f,-0.9313580346486401f,0.043946014384872466f,0.16780553405697463f,0f,0f,0f,1f],start_interpolation:0}
execute if entity @s[tag=aj.folklore_microphone.bone.left_bend] run data modify entity @s {} merge value {transformation:[-0.9178499621795202f,0.3743960984478815f,-0.13182946709312604f,0.23852351382851258f,-0.1640441642117946f,-0.6602342946076353f,-0.7329257727846741f,0.7538578094095845f,-0.3614428849972111f,-0.6510900380830307f,0.6674135173892798f,0.22281812825022573f,0f,0f,0f,1f],start_interpolation:0}
execute if entity @s[tag=aj.folklore_microphone.bone.right_straight] run data modify entity @s {} merge value {transformation:[-0.9890613210965271f,0.11634055770427087f,-0.09067843042229876f,-0.05471518702400102f,0.11998752398214535f,0.9921281164369963f,-0.03584403247141667f,0.37132162695106313f,0.08579450564824387f,-0.046332226454565056f,-0.995234960997822f,-0.018828339692999754f,0f,0f,0f,1f],start_interpolation:0}
execute if entity @s[tag=aj.folklore_microphone.bone.microphone] run data modify entity @s {} merge value {transformation:[-0.9890613210965271f,0.1276785514029635f,0.07386400085585172f,-0.3915945079563661f,0.11998752398214535f,0.4051498004266403f,0.9063424481413676f,0.18796273636484934f,0.08579450564824387f,0.9052910176986703f,-0.41603783010043577f,0.2047462694868781f,0f,0f,0f,1f],start_interpolation:0}
execute if entity @s[tag=aj.folklore_microphone.bone.right_bend] run data modify entity @s {} merge value {transformation:[-0.9890613210965271f,0.07386400085585175f,-0.12767855140296347f,-0.37894091856219714f,0.11998752398214535f,0.9063424481413677f,-0.40514980042664006f,0.5166942416012286f,0.08579450564824387f,-0.41603783010043555f,-0.9052910176986704f,-0.08071494204850607f,0f,0f,0f,1f],start_interpolation:0}
execute if entity @s[tag=aj.folklore_microphone.bone.head] run data modify entity @s {} merge value {transformation:[-1f,-9.365343841127561e-17f,7.890900645911075e-17f,0f,0f,0.6443409358032886f,0.7647383594721415f,0.8125f,-1.2246467991473532e-16f,0.7647383594721415f,-0.6443409358032886f,0f,0f,0f,0f,1f],start_interpolation:0}