execute if entity @s[tag=aj.folklore_microphone.bone.left_straight] run data modify entity @s {} merge value {transformation:[-0.9797118910944325f,-0.13642395698620882f,0.14680978989289523f,0.04111700060450252f,-0.14451328864377863f,0.9884389506695733f,-0.04587319701735109f,0.36197437232455254f,-0.1388543116130389f,-0.06615848214294098f,-0.9881004682657585f,-0.03223112315974293f,0f,0f,0f,1f],start_interpolation:0}
execute if entity @s[tag=aj.folklore_microphone.bone.left_bend] run data modify entity @s {} merge value {transformation:[-0.9797118910944325f,-0.041262138610769356f,0.19611743003985305f,0.3949089838698283f,-0.14451328864377863f,0.8234538117551098f,-0.5486708752169557f,0.42308539349890995f,-0.1388543116130389f,-0.5658809555226663f,-0.8127104184906351f,-0.037690569196397086f,0f,0f,0f,1f],start_interpolation:0}
execute if entity @s[tag=aj.folklore_microphone.bone.right_straight] run data modify entity @s {} merge value {transformation:[-0.863076416197992f,0.14931627022217592f,-0.48249741061457374f,-0.08805624802262302f,0.23649760610705015f,0.9635779566976025f,-0.12484551923119977f,0.3484621644677528f,0.4462824017463214f,-0.22186070587963846f,-0.8669543500543287f,-0.07778123390143761f,0f,0f,0f,1f],start_interpolation:0}
execute if entity @s[tag=aj.folklore_microphone.bone.microphone] run data modify entity @s {} merge value {transformation:[-0.863076416197992f,0.49666637073672937f,-0.09176936298153182f,-0.2985261991954603f,0.23649760610705015f,0.5579492815236404f,0.7954630610863638f,0.25803543661615524f,0.4462824017463214f,0.6648421733212021f,-0.5990132740307812f,0.303387848329307f,0f,0f,0f,1f],start_interpolation:0}
execute if entity @s[tag=aj.folklore_microphone.bone.right_bend] run data modify entity @s {} merge value {transformation:[-0.863076416197992f,-0.09176936298153171f,-0.49666637073672937f,-0.4003566317372481f,0.23649760610705015f,0.7954630610863639f,-0.5579492815236402f,0.5218534583175043f,0.4462824017463214f,-0.5990132740307811f,-0.6648421733212022f,-0.02788731461642338f,0f,0f,0f,1f],start_interpolation:0}
execute if entity @s[tag=aj.folklore_microphone.bone.head] run data modify entity @s {} merge value {transformation:[-1f,-8.977296284453732e-17f,8.32971366178448e-17f,0f,0f,0.680172737770919f,0.7330518718298268f,0.8125f,-1.2246467991473532e-16f,0.7330518718298268f,-0.680172737770919f,0f,0f,0f,0f,1f],start_interpolation:0}