execute if entity @s[tag=aj.folklore_microphone.bone.left_straight] run data modify entity @s {} merge value {transformation:[-0.9961946980917455f,-0.08418598282936916f,0.022557566113149956f,0.021804169089856884f,-0.08715574274765818f,0.9622501868990583f,-0.2578341604962995f,0.40402501913536876f,-1.202639413585852e-16f,-0.25881904510252074f,-0.9659258262890683f,0.09046552269205253f,0f,0f,0f,1f],start_interpolation:0}
execute if entity @s[tag=aj.folklore_microphone.bone.left_bend] run data modify entity @s {} merge value {transformation:[-0.9961946980917455f,-0.08418598282936916f,0.022557566113149956f,0.37531974356101344f,-0.08715574274765818f,0.9622501868990583f,-0.2578341604962995f,0.4329061799128531f,-1.202639413585852e-16f,-0.25881904510252074f,-0.9659258262890683f,0.03455714191344532f,0f,0f,0f,1f],start_interpolation:0}
execute if entity @s[tag=aj.folklore_microphone.bone.right_straight] run data modify entity @s {} merge value {transformation:[-0.7739043865708405f,0.5685790855637767f,-0.2789082714905933f,-0.2913001253206342f,0.26213812179252943f,0.688502262319352f,0.6762013308802484f,0.4028384258676113f,0.576502910269754f,0.4502026857323194f,-0.6818811745530964f,-0.39163708274557774f,0f,0f,0f,1f],start_interpolation:0}
execute if entity @s[tag=aj.folklore_microphone.bone.microphone] run data modify entity @s {} merge value {transformation:[-0.7739043865708405f,0.5636248677022966f,-0.2887888657029208f,-0.318427815344877f,0.26213812179252943f,0.7001987405499194f,0.664082320827314f,0.4319665143650696f,0.576502910269754f,0.43823365028244377f,-0.6896344409980034f,0.13176908556219924f,0f,0f,0f,1f],start_interpolation:0}
execute if entity @s[tag=aj.folklore_microphone.bone.right_bend] run data modify entity @s {} merge value {transformation:[-0.7739043865708405f,-0.28878886570292067f,-0.5636248677022967f,-0.5106019416565064f,0.26213812179252943f,0.6640823208273141f,-0.7001987405499193f,0.623391599882438f,0.576502910269754f,-0.6896344409980033f,-0.43823365028244393f,-0.20902140867408564f,0f,0f,0f,1f],start_interpolation:0}
execute if entity @s[tag=aj.folklore_microphone.bone.head] run data modify entity @s {} merge value {transformation:[-0.9974352532339662f,0.06888498558292908f,-0.019436418582996693f,0f,0.00022998984641601355f,0.27463811089977663f,0.9615476354014254f,0.8125f,0.07157417628421825f,0.9590770390342174f,-0.2739495765402714f,0f,0f,0f,0f,1f],start_interpolation:0}