execute if entity @s[tag=aj.folklore_microphone.bone.left_straight] run data modify entity @s {} merge value {transformation:[-0.8318822512132031f,0.06924957286714195f,0.5506145809676415f,-0.008168146831592227f,-0.24321326250985054f,0.8463286700402819f,-0.47389354417122226f,0.4053749436435151f,-0.49881783153348436f,-0.5281403969831943f,-0.6872033847549547f,0.002704013783873707f,0f,0f,0f,1f],start_interpolation:0}
execute if entity @s[tag=aj.folklore_microphone.bone.left_bend] run data modify entity @s {} merge value {transformation:[-0.8318822512132031f,0.5214713004060966f,-0.18984099391129322f,0.31778141017482175f,-0.24321326250985054f,-0.6500678616931838f,-0.7199021351079369f,0.4763767487348942f,-0.49881783153348436f,-0.5527019613195039f,0.6676086525037f,0.1355526488686979f,0f,0f,0f,1f],start_interpolation:0}
execute if entity @s[tag=aj.folklore_microphone.bone.right_straight] run data modify entity @s {} merge value {transformation:[-0.7648477858112182f,0.12142689356207131f,-0.6326637132470475f,-0.10175207442700354f,0.26368279622833457f,0.9550489878692342f,-0.13547255715884987f,0.34329907446349767f,0.5877748272194748f,-0.2704384223623128f,-0.7624852865447961f,-0.1117446452366894f,0f,0f,0f,1f],start_interpolation:0}
execute if entity @s[tag=aj.folklore_microphone.bone.microphone] run data modify entity @s {} merge value {transformation:[-0.7648477858112182f,0.1103668953963289f,-0.6346865469980064f,-0.11671335470160565f,0.26368279622833457f,0.9525392071538638f,-0.15211982713602876f,0.7045392398492234f,0.5877748272194748f,-0.28370443640391757f,-0.75764935507915f,0.2688076864245875f,0f,0f,0f,1f],start_interpolation:0}
execute if entity @s[tag=aj.folklore_microphone.bone.right_bend] run data modify entity @s {} merge value {transformation:[-0.7648477858112182f,-0.6346865469980064f,-0.11036689539632905f,-0.3972925958109213f,0.26368279622833457f,-0.15211982713602853f,-0.9525392071538638f,0.5238934828376551f,0.5877748272194748f,-0.7576493550791501f,0.2837044364039174f,-0.011111978985006682f,0f,0f,0f,1f],start_interpolation:0}