execute if entity @s[tag=aj.folklore_microphone.bone.left_straight] run data modify entity @s {} merge value {transformation:[-0.8345281337188252f,-0.5197373374406066f,0.18285484434907331f,0.23918021759892882f,-0.27913105122303355f,0.1126897766952405f,-0.9536177800730757f,0.7030803863695345f,0.4750248943738622f,-0.8468613312098541f,-0.23911761839432719f,0.4471835406951134f,0f,0f,0f,1f],start_interpolation:0}
execute if entity @s[tag=aj.folklore_microphone.bone.left_bend] run data modify entity @s {} merge value {transformation:[-0.8345281337188252f,-0.42585330066779076f,0.34958798655291773f,0.5386515015402275f,-0.27913105122303355f,-0.22026273821997f,-0.9346497645615524f,0.7514913337392848f,0.4750248943738622f,-0.8775723858817512f,0.0649465723723108f,0.25507299920369536f,0f,0f,0f,1f],start_interpolation:0}
execute if entity @s[tag=aj.folklore_microphone.bone.right_straight] run data modify entity @s {} merge value {transformation:[-0.7739043865708395f,0.378379940338629f,-0.5078391686309243f,-0.20511406856120612f,0.26213812179253193f,0.9213623416631511f,0.2870105232706258f,0.33382820634935056f,0.5765029102697543f,0.08899469711353798f,-0.8122341647186316f,-0.24456067566083572f,0f,0f,0f,1f],start_interpolation:0}
execute if entity @s[tag=aj.folklore_microphone.bone.microphone] run data modify entity @s {} merge value {transformation:[-0.7739043865708395f,0.3694592956652719f,-0.5143654627722724f,-0.2024764151189457f,0.26213812179253193f,0.9262310380196936f,0.27088682011505233f,0.5471976082289467f,0.5765029102697543f,0.07480570202519496f,-0.8136636291459889f,0.23502760114965746f,0f,0f,0f,1f],start_interpolation:0}
execute if entity @s[tag=aj.folklore_microphone.bone.right_bend] run data modify entity @s {} merge value {transformation:[-0.7739043865708395f,-0.5143654627722722f,-0.369459295665272f,-0.4648568949263976f,0.26213812179253193f,0.27088682011505255f,-0.9262310380196935f,0.5464651775771432f,0.5765029102697543f,-0.8136636291459889f,-0.07480570202519514f,-0.11263396778216003f,0f,0f,0f,1f],start_interpolation:0}
execute if entity @s[tag=aj.folklore_microphone.bone.head] run data modify entity @s {} merge value {transformation:[-0.8191520442889919f,0f,-0.5735764363510459f,0f,0f,1f,0f,0.8125f,0.5735764363510459f,0f,-0.8191520442889919f,0f,0f,0f,0f,1f],start_interpolation:0}