execute if entity @s[tag=aj.folklore_microphone.bone.left_straight] run data modify entity @s {} merge value {transformation:[-0.7756875907730232f,0.16108969324379271f,0.6102121534772671f,-0.027074579978583535f,-0.19248766991262775f,0.8604222319419088f,-0.47182844309315586f,0.41779280948779884f,-0.6010468022145614f,-0.48344978385632253f,-0.6364110684431289f,-0.053642705340112874f,0f,0f,0f,1f],start_interpolation:0}
execute if entity @s[tag=aj.folklore_microphone.bone.left_bend] run data modify entity @s {} merge value {transformation:[-0.7756875907730232f,0.35352204843842916f,0.5228105993461112f,0.28334136503357776f,-0.19248766991262775f,0.6563982069580767f,-0.7294449196709982f,0.4710916630217842f,-0.6010468022145614f,-0.6664559664149754f,-0.44111130837639034f,0.11879366894612099f,0f,0f,0f,1f],start_interpolation:0}
execute if entity @s[tag=aj.folklore_microphone.bone.right_straight] run data modify entity @s {} merge value {transformation:[-0.9960168038132539f,0.08902213994760941f,-0.005058173660361723f,-0.04648340817818353f,0.08903405809145298f,0.9960261930276654f,-0.0021815825869318127f,0.3782771671686616f,0.004843864304241786f,-0.002623242643003777f,-0.9999848276732193f,-0.008565169430536305f,0f,0f,0f,1f],start_interpolation:0}
execute if entity @s[tag=aj.folklore_microphone.bone.microphone] run data modify entity @s {} merge value {transformation:[-0.9960168038132539f,0.014697619331984685f,0.08794604316057775f,-0.4011524160684765f,0.08903405809145298f,0.1103546571871135f,0.9898963512089952f,0.11666661481069285f,0.004843864304241786f,0.993783592953258f,-0.1112236816308261f,0.07627566005125577f,0f,0f,0f,1f],start_interpolation:0}
execute if entity @s[tag=aj.folklore_microphone.bone.right_bend] run data modify entity @s {} merge value {transformation:[-0.9960168038132539f,0.08794604316057775f,-0.014697619331984666f,-0.36866735059981515f,0.08903405809145298f,0.9898963512089952f,-0.11035465718711328f,0.5166620406083389f,0.004843864304241786f,-0.11122368163082588f,-0.993783592953258f,-0.09301993650470272f,0f,0f,0f,1f],start_interpolation:0}
execute if entity @s[tag=aj.folklore_microphone.bone.head] run data modify entity @s {} merge value {transformation:[-1f,-1.0941983851993105e-16f,5.4999061490999906e-17f,0f,0f,0.44910141870531484f,0.8934807864284903f,0.8125f,-1.2246467991473532e-16f,0.8934807864284903f,-0.44910141870531484f,0f,0f,0f,0f,1f],start_interpolation:0}