execute if entity @s[tag=aj.folklore_microphone.bone.left_straight] run data modify entity @s {} merge value {transformation:[-0.9627252467224323f,0.2623170486665594f,0.06595350864129879f,-0.10296099457325031f,-0.1395189886285778f,-0.2727062617164444f,-0.9519273851679552f,1.0809786847333636f,-0.23172084743348137f,-0.9256462935697997f,0.2991394124237079f,0.19768700460050415f,0f,0f,0f,1f],start_interpolation:0}
execute if entity @s[tag=aj.folklore_microphone.bone.left_bend] run data modify entity @s {} merge value {transformation:[-0.9627252467224323f,0.22877509154173653f,-0.14429849899878397f,0.2733625015659141f,-0.1395189886285778f,-0.8770584975765232f,-0.45967689047946525f,1.0042033803646837f,-0.23172084743348137f,-0.42241016715851154f,0.8762848278646774f,0.21107804033817085f,0f,0f,0f,1f],start_interpolation:0}
execute if entity @s[tag=aj.folklore_microphone.bone.right_straight] run data modify entity @s {} merge value {transformation:[-0.9725995243715105f,0.13804245144997873f,-0.18706802717191343f,0.030402882624744998f,0.1528283355709978f,0.9859788569292213f,-0.06700144427655727f,0.5436045443909101f,0.17519607598034262f,-0.09375486806681758f,-0.9800593653829668f,-0.03103357039277608f,0f,0f,0f,1f],start_interpolation:0}
execute if entity @s[tag=aj.folklore_microphone.bone.microphone] run data modify entity @s {} merge value {transformation:[-0.9725995243715105f,0.22870902855871608f,0.04174141166802899f,-0.2810271198629816f,0.1528283355709978f,0.4936627609253888f,0.8561194883438413f,0.39966764768353713f,0.17519607598034262f,0.8390406776380097f,-0.5150893866406483f,0.2513698098177062f,0f,0f,0f,1f],start_interpolation:0}
execute if entity @s[tag=aj.folklore_microphone.bone.right_bend] run data modify entity @s {} merge value {transformation:[-0.9725995243715105f,0.04174141166802904f,-0.22870902855871608f,-0.29423893265864765f,0.1528283355709978f,0.8561194883438414f,-0.49366276092538863f,0.696561694657918f,0.17519607598034262f,-0.5150893866406481f,-0.8390406776380098f,-0.0670512824871341f,0f,0f,0f,1f],start_interpolation:0}
execute if entity @s[tag=aj.folklore_microphone.bone.head] run data modify entity @s {} merge value {transformation:[-1f,-5.3919156887725824e-17f,1.0995600186954501e-16f,0f,0f,0.8978588924259685f,0.4402833284279716f,0.9916308593750001f,-1.2246467991473532e-16f,0.4402833284279716f,-0.8978588924259685f,0f,0f,0f,0f,1f],start_interpolation:0}
execute if entity @s[tag=aj.folklore_microphone.bone.hair] run data modify entity @s {} merge value {transformation:[-1f,0f,1.2246467991473532e-16f,-0.010937499999999998f,0f,1f,0f,0.5853808593750001f,-1.2246467991473532e-16f,0f,-1f,-0.007968750000000002f,0f,0f,0f,1f],start_interpolation:0}
execute if entity @s[tag=aj.folklore_microphone.bone.outfit] run data modify entity @s {} merge value {transformation:[-1f,0f,1.2246467991473532e-16f,0f,0f,1f,0f,-0.445869140625f,-1.2246467991473532e-16f,0f,-1f,0f,0f,0f,0f,1f],start_interpolation:0}
execute if entity @s[tag=aj.folklore_microphone.bone.chest] run data modify entity @s {} merge value {transformation:[-1f,0f,1.2246467991473532e-16f,-0.010937499999999998f,0f,1f,0f,0.241630859375f,-1.2246467991473532e-16f,0f,-1f,-0.007968750000000002f,0f,0f,0f,1f],start_interpolation:0}
execute if entity @s[tag=aj.folklore_microphone.bone.right_leg] run data modify entity @s {} merge value {transformation:[-1f,-9.372724791061557e-17f,7.882132215156369e-17f,0.10625000000000001f,0f,0.6436249390962534f,0.7653410597722717f,0.3308046874999999f,-1.2246467991473532e-16f,0.7653410597722717f,-0.6436249390962534f,-0.062499999999999986f,0f,0f,0f,1f],start_interpolation:0}
execute if entity @s[tag=aj.folklore_microphone.bone.left_leg] run data modify entity @s {} merge value {transformation:[-1f,-9.372724791061557e-17f,7.882132215156369e-17f,-0.10624999999999998f,0f,0.6436249390962534f,0.7653410597722717f,0.3308046874999999f,-1.2246467991473532e-16f,0.7653410597722717f,-0.6436249390962534f,-0.06250000000000001f,0f,0f,0f,1f],start_interpolation:0}
execute if entity @s[tag=aj.folklore_microphone.bone.waist] run data modify entity @s {} merge value {transformation:[-1f,0f,1.2246467991473532e-16f,0f,0f,1f,0f,1.054130859375f,-1.2246467991473532e-16f,0f,-1f,0f,0f,0f,0f,1f],start_interpolation:0}