execute if entity @s[tag=aj.folklore_microphone.bone.left_straight] run data modify entity @s {} merge value {transformation:[-0.7674666015467535f,-0.01072857626540234f,0.6409991522315721f,0.040742028046601375f,-0.23624898127188898f,0.9342257803728958f,-0.2672238951415993f,0.3625150025925701f,-0.5959710012729407f,-0.35652081136726255f,-0.7195216999533491f,-0.0964952324086008f,0f,0f,0f,1f],start_interpolation:0}
execute if entity @s[tag=aj.folklore_microphone.bone.left_bend] run data modify entity @s {} merge value {transformation:[-0.9504822506289715f,0.2903635265520101f,0.11078137789161596f,0.3477732160995259f,-0.19730780540538173f,-0.2883958842170693f,-0.9369618156001696f,0.443415332360164f,-0.2401106435904018f,-0.9124236057966357f,0.3314061592965168f,0.07119530426272351f,0f,0f,0f,1f],start_interpolation:0}
execute if entity @s[tag=aj.folklore_microphone.bone.right_straight] run data modify entity @s {} merge value {transformation:[-0.7739043865708404f,0.15179326117296107f,-0.614842098679725f,-0.11147672685528581f,0.2621381217925297f,0.960557041576727f,-0.09281042495566305f,0.33935237121580547f,0.5765029102697541f,-0.2329999479395717f,-0.7831701084123811f,-0.12137265002320588f,0f,0f,0f,1f],start_interpolation:0}
execute if entity @s[tag=aj.folklore_microphone.bone.microphone] run data modify entity @s {} merge value {transformation:[-0.7739043865708404f,0.14103966812314628f,-0.6173976129384727f,-0.12800865864214156f,0.2621381217925297f,0.9587909788287892f,-0.1095603213741967f,0.6873425619670065f,0.5765029102697541f,-0.24663266396048428f,-0.7789844180201931f,0.2712695490595387f,0f,0f,0f,1f],start_interpolation:0}
execute if entity @s[tag=aj.folklore_microphone.bone.right_bend] run data modify entity @s {} merge value {transformation:[-0.7739043865708404f,-0.6173976129384727f,-0.14103966812314642f,-0.4051813163474712f,0.2621381217925297f,-0.1095603213741965f,-0.9587909788287892f,0.5236947470316082f,0.5765029102697541f,-0.7789844180201931f,0.2466326639604841f,-0.022170955367193573f,0f,0f,0f,1f],start_interpolation:0}
execute if entity @s[tag=aj.folklore_microphone.bone.head] run data modify entity @s {} merge value {transformation:[-0.999863510312602f,-0.00274136669198978f,0.016292503000498698f,0f,0f,0.986138040085911f,0.16592698965363709f,0.8125f,-0.016521523699744224f,0.16590434233068838f,-0.9860034424130885f,0f,0f,0f,0f,1f],start_interpolation:0}