execute if entity @s[tag=aj.folklore_microphone.bone.left_straight] run data modify entity @s {} merge value {transformation:[-0.8630846272380222f,0.1094582015335331f,0.49305560370251245f,-0.03167732020713271f,-0.23224346442290716f,0.7808874362016676f,-0.5798946328560324f,0.44040464388228445f,-0.44849514987149014f,-0.6150070845928779f,-0.6485509898553224f,0.05210591797524411f,0f,0f,0f,1f],start_interpolation:0}
execute if entity @s[tag=aj.folklore_microphone.bone.left_bend] run data modify entity @s {} merge value {transformation:[-0.8630846272380222f,0.48211076526012675f,-0.150512910561518f,0.3027031744249251f,-0.23224346442290716f,-0.6434773447625002f,-0.729383218898165f,0.5009172114243746f,-0.44849514987149014f,-0.5945638038072092f,0.6673424786000456f,0.16812765672232927f,0f,0f,0f,1f],start_interpolation:0}
execute if entity @s[tag=aj.folklore_microphone.bone.right_straight] run data modify entity @s {} merge value {transformation:[-0.760261572709677f,0.11930292974652819f,-0.6385680480691964f,-0.10213341673806692f,0.2644029208994016f,0.9547145969805694f,-0.13642262910563535f,0.3432407930516139f,0.5933746173210255f,-0.2725561396595643f,-0.7573768640861712f,-0.11306627858937365f,0f,0f,0f,1f],start_interpolation:0}
execute if entity @s[tag=aj.folklore_microphone.bone.microphone] run data modify entity @s {} merge value {transformation:[-0.760261572709677f,0.1081402102197046f,-0.6405529142815968f,-0.11414355588751862f,0.2644029208994016f,0.9521882861527909f,-0.15306391845655706f,0.7049517057626411f,0.5933746173210255f,-0.28573267689756604f,-0.7525047513950179f,0.26714332979994987f,0f,0f,0f,1f],start_interpolation:0}
execute if entity @s[tag=aj.folklore_microphone.bone.right_bend] run data modify entity @s {} merge value {transformation:[-0.760261572709677f,-0.6405529142815968f,-0.10814021021970474f,-0.39688637883791555f,0.2644029208994016f,-0.15306391845655684f,-0.9521882861527909f,0.523956795555228f,0.5933746173210255f,-0.752504751395018f,0.2857326768975659f,-0.010363350659876577f,0f,0f,0f,1f],start_interpolation:0}