execute if entity @s[tag=aj.folklore_microphone.bone.left_straight] run data modify entity @s {} merge value {transformation:[-0.8093918085221624f,0.0395662949317967f,0.5859346453339257f,0.009385155000358636f,-0.23504308169101457f,0.892507016242358f,-0.3849493157642372f,0.3855284555440731f,-0.5381818001813273f,-0.44929470758460244f,-0.7130880841032561f,-0.04039907347652537f,0f,0f,0f,1f],start_interpolation:0}
execute if entity @s[tag=aj.folklore_microphone.bone.left_bend] run data modify entity @s {} merge value {transformation:[-0.8093918085221624f,0.5645774339193689f,-0.161670100532671f,0.32891263940057625f,-0.23504308169101457f,-0.5637075287665652f,-0.7918260994442424f,0.4590598689091157f,-0.5381818001813273f,-0.60289812001773f,0.5889602761075426f,0.10598551534422594f,0f,0f,0f,1f],start_interpolation:0}
execute if entity @s[tag=aj.folklore_microphone.bone.right_straight] run data modify entity @s {} merge value {transformation:[-0.7625530694869349f,0.09879178395815763f,-0.6393379385257993f,-0.09338072588493052f,0.2640482462080039f,0.9497333497293905f,-0.16818171150951186f,0.3470209289945129f,0.5905855906560296f,-0.2970635417451223f,-0.7503078783241669f,-0.10302691797411029f,0f,0f,0f,1f],start_interpolation:0}
execute if entity @s[tag=aj.folklore_microphone.bone.microphone] run data modify entity @s {} merge value {transformation:[-0.7625530694869349f,0.08761875193702476f,-0.640964718627361f,-0.11082233324844443f,0.2640482462080039f,0.946653525155508f,-0.18473122904676273f,0.7178868323667136f,0.5905855906560296f,-0.31011297557446427f,-0.7450091291318655f,0.2680426795095625f,0f,0f,0f,1f],start_interpolation:0}
execute if entity @s[tag=aj.folklore_microphone.bone.right_bend] run data modify entity @s {} merge value {transformation:[-0.7625530694869349f,-0.640964718627361f,-0.0876187519370249f,-0.3912057754922938f,0.2640482462080039f,-0.1847312290467625f,-0.946653525155508f,0.524349733621841f,0.5905855906560296f,-0.7450091291318656f,0.3101129755744641f,-0.003326323649768134f,0f,0f,0f,1f],start_interpolation:0}
execute if entity @s[tag=aj.folklore_microphone.bone.head] run data modify entity @s {} merge value {transformation:[-0.9992341273351294f,-0.0021847976882556725f,0.03906898293869329f,0f,-0.0024648544398787626f,0.9999716037313949f,-0.007121532380899261f,0.8125f,-0.039052314417877015f,-0.007212377549974724f,-0.9992111380227323f,0f,0f,0f,0f,1f],start_interpolation:0}