execute if entity @s[tag=aj.folklore_microphone.bone.left_straight] run data modify entity @s {} merge value {transformation:[-0.9411872204116671f,-0.26892243171913643f,0.20456622852276057f,0.10297484790227038f,-0.2413098075689841f,0.11120087662257727f,-0.9640559847899861f,0.7176412658572062f,0.23650833580400452f,-0.9567210098856596f,-0.1695544642248724f,0.40136195856343854f,0f,0f,0f,1f],start_interpolation:0}
execute if entity @s[tag=aj.folklore_microphone.bone.left_bend] run data modify entity @s {} merge value {transformation:[-0.9411872204116671f,-0.17158102230246525f,0.29107828658180745f,0.4445959118946762f,-0.2413098075689841f,-0.26166451982386346f,-0.934505888604436f,0.7520496712665334f,0.23650833580400452f,-0.9497850450765096f,0.20487111861907806f,0.2962703787071224f,0f,0f,0f,1f],start_interpolation:0}
execute if entity @s[tag=aj.folklore_microphone.bone.right_straight] run data modify entity @s {} merge value {transformation:[-0.7739043865708405f,0.2060963499217127f,-0.598829103330289f,-0.133392382398076f,0.26213812179252943f,0.9650074161481443f,-0.0066552146597421286f,0.3329296997579319f,0.5765029102697541f,-0.1621264362404515f,-0.800849182507215f,-0.14787207379738104f,0f,0f,0f,1f],start_interpolation:0}
execute if entity @s[tag=aj.folklore_microphone.bone.microphone] run data modify entity @s {} merge value {transformation:[-0.7739043865708405f,0.1956139515515752f,-0.6023347760214323f,-0.1421554400401117f,0.26213812179252943f,0.9647442913333774f,-0.02349590267992451f,0.6535891287849005f,0.5765029102697541f,-0.1760784890270173f,-0.7978977128382224f,0.2676265586011589f,0f,0f,0f,1f],start_interpolation:0}
execute if entity @s[tag=aj.folklore_microphone.bone.right_bend] run data modify entity @s {} merge value {transformation:[-0.7739043865708405f,-0.6023347760214323f,-0.19561395155157535f,-0.41978395680104785f,0.26213812179252943f,-0.023495902679924296f,-0.9647442913333774f,0.5251493369256803f,0.5765029102697541f,-0.7978977128382224f,0.17607848902701714f,-0.04243512187397495f,0f,0f,0f,1f],start_interpolation:0}
execute if entity @s[tag=aj.folklore_microphone.bone.head] run data modify entity @s {} merge value {transformation:[-0.9797881178572317f,-0.03916013872021058f,-0.19616760089575752f,0f,-0.01240626484001684f,0.9906590968533935f,-0.1357963122265777f,0.8125f,0.19965302075977387f,-0.13061790595868808f,-0.9711218429962661f,0f,0f,0f,0f,1f],start_interpolation:0}