execute if entity @s[tag=aj.folklore_microphone.bone.left_straight] run data modify entity @s {} merge value {transformation:[-0.9324651159431372f,0.13573781482581504f,0.33478956551162764f,-0.05783861755039077f,-0.19326646405891604f,0.5955252210191089f,-0.7797421272448379f,0.5369550907605186f,-0.3052161224760504f,-0.7917859286173594f,-0.5290729267541766f,0.1649117119355663f,0f,0f,0f,1f],start_interpolation:0}
execute if entity @s[tag=aj.folklore_microphone.bone.left_bend] run data modify entity @s {} merge value {transformation:[-0.9324651159431372f,0.36033645023257854f,-0.025815696444917796f,0.29284831944031936f,-0.19326646405891604f,-0.5579479741706256f,-0.8070577005326561f,0.5704280421178342f,-0.3052161224760504f,-0.7475638439308573f,0.589907974033243f,0.23441972323150984f,0f,0f,0f,1f],start_interpolation:0}
execute if entity @s[tag=aj.folklore_microphone.bone.right_straight] run data modify entity @s {} merge value {transformation:[-0.7529146631438334f,0.11501286769089415f,-0.6479903936699409f,-0.10240234874785042f,0.26547202903572964f,0.9540275392334098f,-0.13912604423290992f,0.34329863598317584f,0.602199395402105f,-0.2767733633313758f,-0.7488340226829825f,-0.11483495269192362f,0f,0f,0f,1f],start_interpolation:0}
execute if entity @s[tag=aj.folklore_microphone.bone.microphone] run data modify entity @s {} merge value {transformation:[-0.7529146631438334f,0.10368635895628427f,-0.649898952906832f,-0.10991005793645131f,0.26547202903572964f,0.9514541519482842f,-0.15575493102956414f,0.7060888253154356f,0.602199395402105f,-0.28980016512548806f,-0.7438896104063957f,0.2644608249740014f,0f,0f,0f,1f],start_interpolation:0}
execute if entity @s[tag=aj.folklore_microphone.bone.right_bend] run data modify entity @s {} merge value {transformation:[-0.7529146631438334f,-0.649898952906832f,-0.1036863589562844f,-0.3959876536287156f,0.26547202903572964f,-0.15575493102956392f,-0.9514541519482842f,0.5240634017684295f,0.602199395402105f,-0.7438896104063958f,0.2898001651254879f,-0.00892347153230437f,0f,0f,0f,1f],start_interpolation:0}