execute if entity @s[tag=aj.folklore_microphone.bone.left_straight] run data modify entity @s {} merge value {transformation:[-0.8823548712533007f,0.4436238884165057f,0.15699594517627094f,-0.14967568529444453f,-0.037052488569527114f,0.2670894067587746f,-0.9629591693774202f,0.7296221675465832f,-0.46912364496620296f,-0.855488804382305f,-0.21923027005903725f,0.11456451953834997f,0f,0f,0f,1f],start_interpolation:0}
execute if entity @s[tag=aj.folklore_microphone.bone.left_bend] run data modify entity @s {} merge value {transformation:[-0.8823548712533007f,0.4697435548767825f,0.02812247903891528f,0.17739104184381038f,-0.037052488569527114f,-0.009774738280810935f,-0.9992655140563727f,0.6935914724654595f,-0.46912364496620296f,-0.8827488018362104f,0.0260299556349807f,0.25830830164336444f,0f,0f,0f,1f],start_interpolation:0}
execute if entity @s[tag=aj.folklore_microphone.bone.right_straight] run data modify entity @s {} merge value {transformation:[-0.7739043865708405f,0.1405751583205103f,-0.6175035427506264f,-0.10698458012796982f,0.26213812179252954f,0.9587082849847924f,-0.11028159141308609f,0.34102148894106155f,0.5765029102697541f,-0.24721862624948263f,-0.7787986551643643f,-0.11610129298804632f,0f,0f,0f,1f],start_interpolation:0}
execute if entity @s[tag=aj.folklore_microphone.bone.microphone] run data modify entity @s {} merge value {transformation:[-0.7739043865708405f,0.12977682523846054f,-0.6198628687681149f,-0.1253345648403852f,0.26213812179252954f,0.9566375899134899f,-0.12699656163689874f,0.6943266443645232f,0.5765029102697541f,-0.26077288431801293f,-0.7743654804128138f,0.2716835949852397f,0f,0f,0f,1f],start_interpolation:0}
execute if entity @s[tag=aj.folklore_microphone.bone.right_bend] run data modify entity @s {} merge value {transformation:[-0.7739043865708405f,-0.6198628687681149f,-0.12977682523846068f,-0.402144451618849f,0.26213812179252954f,-0.12699656163689851f,-0.9566375899134899f,0.5236629585069457f,0.5765029102697541f,-0.774365480412814f,0.26077288431801277f,-0.018079777548249076f,0f,0f,0f,1f],start_interpolation:0}
execute if entity @s[tag=aj.folklore_microphone.bone.head] run data modify entity @s {} merge value {transformation:[-0.9997099362974089f,-0.018710147901086174f,-0.015164881593674979f,0f,-0.017397216370888476f,0.9964379550016932f,-0.0825150816189875f,0.8125f,0.016654732984205767f,-0.08222732026256942f,-0.9964744290104296f,0f,0f,0f,0f,1f],start_interpolation:0}