execute if entity @s[tag=aj.folklore_microphone.bone.left_straight] run data modify entity @s {} merge value {transformation:[-0.8801598398224301f,0.44746102554749645f,0.15842123273013944f,-0.15046174843398846f,-0.037467929854476084f,0.26721306052942395f,-0.9629087882634152f,0.729424152534578f,-0.47319637635570955f,-0.8534493604769303f,-0.2184247662362135f,0.11228576297996327f,0f,0f,0f,1f],start_interpolation:0}
execute if entity @s[tag=aj.folklore_microphone.bone.left_bend] run data modify entity @s {} merge value {transformation:[-0.8801598398224301f,0.4745426373034261f,-0.01131113366834835f,0.17595211541968883f,-0.037467929854476084f,-0.09320907728583105f,-0.9949413159297106f,0.6935451023014659f,-0.47319637635570955f,-0.8752835844985516f,0.09981901678133653f,0.2575435101788489f,0f,0f,0f,1f],start_interpolation:0}
execute if entity @s[tag=aj.folklore_microphone.bone.right_straight] run data modify entity @s {} merge value {transformation:[-0.7739043865708405f,0.09277801141824032f,-0.6264696649030085f,-0.08797425185471808f,0.2621381217925294f,0.9474195285102158f,-0.18352068575658004f,0.34938970143837866f,0.576502910269754f,-0.306249045051176f,-0.7575327826937569f,-0.09438666031055293f,0f,0f,0f,1f],start_interpolation:0}
execute if entity @s[tag=aj.folklore_microphone.bone.microphone] run data modify entity @s {} merge value {transformation:[-0.7739043865708405f,0.08183047766520476f,-0.6279934501023838f,-0.11485285085767238f,0.2621381217925294f,0.9440723543296213f,-0.20002748534541684f,0.72412491928695f,0.576502910269754f,-0.31942317185140207f,-0.7520726239764971f,0.272204981094183f,0f,0f,0f,1f],start_interpolation:0}
execute if entity @s[tag=aj.folklore_microphone.bone.right_bend] run data modify entity @s {} merge value {transformation:[-0.7739043865708405f,-0.6279934501023838f,-0.0818304776652049f,-0.38913106145391707f,0.2621381217925294f,-0.20002748534541662f,-0.9440723543296213f,0.5245139222032031f,0.576502910269754f,-0.7520726239764972f,0.3194231718514019f,-0.0009973838043216277f,0f,0f,0f,1f],start_interpolation:0}
execute if entity @s[tag=aj.folklore_microphone.bone.head] run data modify entity @s {} merge value {transformation:[-0.9408842685459625f,-0.000204876641408443f,0.3387281376388608f,0f,-0.020401868806023387f,0.9982185714668258f,-0.05606645456912157f,0.8125f,-0.3381132309625742f,-0.05966273212225005f,-0.9392123303299195f,0f,0f,0f,0f,1f],start_interpolation:0}