execute if entity @s[tag=aj.folklore_microphone.bone.left_straight] run data modify entity @s {} merge value {transformation:[-0.9112646881137727f,0.38509611187638426f,0.1459371536470408f,-0.1366470728272678f,-0.04905104591598944f,0.25035258160895746f,-0.9669113608683466f,0.7320674669255535f,-0.40888954876770345f,-0.8882705497197472f,-0.2092481001326469f,0.14808738664821564f,0f,0f,0f,1f],start_interpolation:0}
execute if entity @s[tag=aj.folklore_microphone.bone.left_bend] run data modify entity @s {} merge value {transformation:[-0.9112646881137727f,0.40889756023964263f,0.04898421610045907f,0.1993389580463559f,-0.04905104591598944f,0.010330581025226021f,-0.9987428467780027f,0.6998677818966409f,-0.40888954876770345f,-0.9125218158081205f,0.010642959306264133f,0.2706014561449052f,0f,0f,0f,1f],start_interpolation:0}
execute if entity @s[tag=aj.folklore_microphone.bone.right_straight] run data modify entity @s {} merge value {transformation:[-0.7739043865708404f,0.15461537563822894f,-0.6141384909470018f,-0.11260866481975218f,0.2621381217925297f,0.9609731514294543f,-0.08839800526498365f,0.3389505138866163f,0.5765029102697541f,-0.22940071457602865f,-0.7842319214381108f,-0.12270945096001949f,0f,0f,0f,1f],start_interpolation:0}
execute if entity @s[tag=aj.folklore_microphone.bone.microphone] run data modify entity @s {} merge value {transformation:[-0.7739043865708404f,0.14387363241483575f,-0.6167433650572757f,-0.1286944649158222f,0.2621381217925297f,0.9592840326477841f,-0.10515583583468059f,0.6855861809062382f,0.5765029102697541f,-0.2430525099701012f,-0.7801088846101791f,0.27114754785214745f,0f,0f,0f,1f],start_interpolation:0}
execute if entity @s[tag=aj.folklore_microphone.bone.right_bend] run data modify entity @s {} merge value {transformation:[-0.7739043865708404f,-0.6167433650572757f,-0.1438736324148359f,-0.4059442291914762f,0.2621381217925297f,-0.10515583583468038f,-0.9592840326477841f,0.5237169045941523f,0.5765029102697541f,-0.7801088846101791f,0.24305250997010103f,-0.023205173803483053f,0f,0f,0f,1f],start_interpolation:0}
execute if entity @s[tag=aj.folklore_microphone.bone.head] run data modify entity @s {} merge value {transformation:[-0.997097317027141f,-0.02203257744714518f,-0.07288007895380326f,0f,-0.01590202642813403f,0.9963679975301292f,-0.08365368523430003f,0.8125f,0.0744584846257025f,-0.08225192416494564f,-0.9938262197378414f,0f,0f,0f,0f,1f],start_interpolation:0}