execute if entity @s[tag=aj.folklore_microphone.bone.left_straight] run data modify entity @s {} merge value {transformation:[-0.7699495741292656f,-0.010247185204911425f,0.6380224514024085f,0.03983713288989171f,-0.23709256140664883f,0.9328843538110618f,-0.27113446800462704f,0.3629488464826701f,-0.592422797184407f,-0.3600302454098737f,-0.720703442316123f,-0.0938123811912172f,0f,0f,0f,1f],start_interpolation:0}
execute if entity @s[tag=aj.folklore_microphone.bone.left_bend] run data modify entity @s {} merge value {transformation:[-0.9827403824647292f,0.13067958615004932f,0.13093581036801794f,0.34759269445184177f,-0.16507442831793828f,-0.30001072339895796f,-0.9395445699705469f,0.44391836732085177f,-0.0834971483859393f,-0.9449425440783614f,0.3164045110331562f,0.07251134202870267f,0f,0f,0f,1f],start_interpolation:0}
execute if entity @s[tag=aj.folklore_microphone.bone.right_straight] run data modify entity @s {} merge value {transformation:[-0.7739043865708405f,0.11847702965400525f,-0.6221215266254455f,-0.09816973083652536f,0.2621381217925294f,0.9541685446558656f,-0.1443814167141758f,0.3446401444169708f,0.576502910269754f,-0.2748191802507085f,-0.7694925682661481f,-0.10591355086373963f,0f,0f,0f,1f],start_interpolation:0}
execute if entity @s[tag=aj.folklore_microphone.bone.microphone] run data modify entity @s {} merge value {transformation:[-0.7739043865708405f,0.10760146729248192f,-0.624094483778631f,-0.12030695522982315f,0.2621381217925294f,0.9515034169984089f,-0.16101196397608872f,0.7080951450776438f,0.576502910269754f,-0.28820682101028977f,-0.7645791147903838f,0.27217212714999733f,0f,0f,0f,1f],start_interpolation:0}
execute if entity @s[tag=aj.folklore_microphone.bone.right_bend] run data modify entity @s {} merge value {transformation:[-0.7739043865708405f,-0.624094483778631f,-0.10760146729248206f,-0.39614272157956537f,0.2621381217925294f,-0.1610119639760885f,-0.9515034169984089f,0.5238599542452693f,0.576502910269754f,-0.7645791147903839f,0.2882068210102896f,-0.01011255825108888f,0f,0f,0f,1f],start_interpolation:0}
execute if entity @s[tag=aj.folklore_microphone.bone.head] run data modify entity @s {} merge value {transformation:[-0.9999998384295505f,0.000031103350985966165f,-0.0005676032544054133f,0f,0.000040709506235651156f,0.9998566440987826f,-0.016931910531786384f,0.8125f,0.0005669952459732109f,-0.01693193090293821f,-0.9998564838176973f,0f,0f,0f,0f,1f],start_interpolation:0}