execute if entity @s[tag=aj.folklore_microphone.bone.left_bend] run data modify entity @s {} merge value {transformation:[-0.9762296131953061f,0.20309163967661875f,0.07569364711787549f,0.3459558612300571f,-0.1722261071330539f,-0.5148679207393325f,-0.83979115988164f,0.45277933702066775f,-0.13158233294153454f,-0.8328654213539057f,0.537606993602803f,0.09357415277254709f,0f,0f,0f,1f],start_interpolation:0}
execute if entity @s[tag=aj.folklore_microphone.bone.right_straight] run data modify entity @s {} merge value {transformation:[-0.7739043865708406f,0.08469025267917807f,-0.6276141820796816f,-0.08477783339104095f,0.26213812179252916f,0.9449737211339804f,-0.1957249893837865f,0.3510029677288411f,0.576502910269754f,-0.3159940307463658f,-0.7535198517512122f,-0.09082930849412751f,0f,0f,0f,1f],start_interpolation:0}
execute if entity @s[tag=aj.folklore_microphone.bone.microphone] run data modify entity @s {} merge value {transformation:[-0.7739043865708406f,0.07372397615203063f,-0.6289966421108666f,-0.11322239656572664f,0.26213812179252916f,0.9414139249945098f,-0.21218724497367064f,0.7291735379210741f,0.576502910269754f,-0.32909663803625555f,-0.747890230771694f,0.2720980958093763f,0f,0f,0f,1f],start_interpolation:0}
execute if entity @s[tag=aj.folklore_microphone.bone.right_bend] run data modify entity @s {} merge value {transformation:[-0.7739043865708406f,-0.6289966421108666f,-0.07372397615203077f,-0.38691741971638643f,0.26213812179252916f,-0.21218724497367042f,-0.9414139249945098f,0.5248127778913684f,0.576502910269754f,-0.7478902307716941f,0.3290966380362554f,0.0018383444341075472f,0f,0f,0f,1f],start_interpolation:0}
execute if entity @s[tag=aj.folklore_microphone.bone.head] run data modify entity @s {} merge value {transformation:[-0.9998484684912242f,0.000499563004452365f,-0.01740087620087183f,0f,0.0012465405563584647f,0.9990767362076741f,-0.04294323352127533f,0.8125f,0.01736335775116203f,-0.042958417166208705f,-0.9989259673279993f,0f,0f,0f,0f,1f],start_interpolation:0}