execute if entity @s[tag=aj.folklore_microphone.bone.left_straight] run data modify entity @s {} merge value {transformation:[-0.9560983654704648f,-0.2848327284351011f,-0.06889290498245355f,0.11876335949062064f,-0.18155102854816907f,0.7602723388119534f,-0.6237188428053976f,0.4687627564189212f,0.23003290977120494f,-0.5838289883601347f,-0.77860681526209f,0.28778193356878734f,0f,0f,0f,1f],start_interpolation:0}
execute if entity @s[tag=aj.folklore_microphone.bone.left_bend] run data modify entity @s {} merge value {transformation:[-0.9560983654704648f,-0.2914807828952113f,-0.030246797309800205f,0.4505622731631629f,-0.18155102854816907f,0.6701900032545314f,-0.719641982912888f,0.5086478729455174f,0.23003290977120494f,-0.6825571864250541f,-0.693686202602954f,0.1564358706350506f,0f,0f,0f,1f],start_interpolation:0}
execute if entity @s[tag=aj.folklore_microphone.bone.right_straight] run data modify entity @s {} merge value {transformation:[-0.7739043865708405f,0.5150038598117934f,-0.36856888748966016f,-0.26565041987554155f,0.2621381217925295f,0.790281514954358f,0.5538399879247884f,0.37007148245458643f,0.576502910269754f,0.3320032401956334f,-0.7466044755759935f,-0.3423053550912071f,0f,0f,0f,1f],start_interpolation:0}
execute if entity @s[tag=aj.folklore_microphone.bone.microphone] run data modify entity @s {} merge value {transformation:[-0.7739043865708405f,0.5084930082048599f,-0.37750080934109725f,-0.2760950300195231f,0.2621381217925295f,0.7998269918222998f,0.5399633212131875f,0.46398898462770993f,0.576502910269754f,0.31892262973841057f,-0.7522850195844927f,0.1740363796472293f,0f,0f,0f,1f],start_interpolation:0}
execute if entity @s[tag=aj.folklore_microphone.bone.right_bend] run data modify entity @s {} merge value {transformation:[-0.7739043865708405f,-0.37750080934109714f,-0.50849300820486f,-0.4985032262442069f,0.2621381217925295f,0.5399633212131877f,-0.7998269918222997f,0.5912604532759688f,0.576502910269754f,-0.7522850195844926f,-0.31892262973841073f,-0.17816979104116037f,0f,0f,0f,1f],start_interpolation:0}
execute if entity @s[tag=aj.folklore_microphone.bone.head] run data modify entity @s {} merge value {transformation:[-0.9244800042595683f,0.2385859528025491f,-0.2973440176790653f,0f,0.001524224168716018f,0.7822655341782636f,0.6229432644932276f,0.8125f,0.38122748912547216f,0.5754453728739988f,-0.7235525028448124f,0f,0f,0f,0f,1f],start_interpolation:0}