execute if entity @s[tag=aj.folklore_microphone.bone.left_straight] run data modify entity @s {} merge value {transformation:[-0.8024442265022123f,0.303430041692782f,0.5138224140221824f,-0.08646545625810359f,-0.14245981138213248f,0.738757194694766f,-0.6587435080725177f,0.49287497963075755f,-0.5794725752736135f,-0.6018039689841175f,-0.5495848591625593f,-0.004863091709805922f,0f,0f,0f,1f],start_interpolation:0}
execute if entity @s[tag=aj.folklore_microphone.bone.left_bend] run data modify entity @s {} merge value {transformation:[-0.7809346621734223f,0.31492776648207493f,0.5394085235836514f,0.22996373436520676f,-0.15944259757836765f,0.734468942011021f,-0.6596464441643528f,0.5167160519894627f,-0.6039197889567335f,-0.6011454691834779f,-0.5233593539687919f,0.16317648836904408f,0f,0f,0f,1f],start_interpolation:0}
execute if entity @s[tag=aj.folklore_microphone.bone.right_straight] run data modify entity @s {} merge value {transformation:[-0.7739043865708405f,0.08019484748776244f,-0.628204414886449f,-0.08300367774662343f,0.2621381217925294f,0.9435482633334489f,-0.20248525838568504f,0.35192397854555674f,0.5765029102697541f,-0.32138055510072033f,-0.751238266632935f,-0.08886644799529622f,0f,0f,0f,1f],start_interpolation:0}
execute if entity @s[tag=aj.folklore_microphone.bone.microphone] run data modify entity @s {} merge value {transformation:[-0.7739043865708405f,0.06921895464976334f,-0.6295083293838177f,-0.11233378584717518f,0.2621381217925294f,0.9398707013358593f,-0.21892160668496202f,0.7319804979393314f,0.5765029102697541f,-0.33444252284605525f,-0.7455149853375649f,0.2720146417743058f,0f,0f,0f,1f],start_interpolation:0}
execute if entity @s[tag=aj.folklore_microphone.bone.right_bend] run data modify entity @s {} merge value {transformation:[-0.7739043865708405f,-0.6295083293838177f,-0.06921895464976348f,-0.38568557992273544f,0.2621381217925294f,-0.2189216066849618f,-0.9398707013358593f,0.5249979749358318f,0.5765029102697541f,-0.745514985337565f,0.3344425228460551f,0.0034077710551085605f,0f,0f,0f,1f],start_interpolation:0}
execute if entity @s[tag=aj.folklore_microphone.bone.head] run data modify entity @s {} merge value {transformation:[-0.9956433462744269f,-0.004120914690407904f,0.09315226825781583f,0f,-0.005639611020795307f,0.9998553496511261f,-0.016046013883780075f,0.8125f,-0.09307266949537779f,-0.016501449516291566f,-0.9955225664729381f,0f,0f,0f,0f,1f],start_interpolation:0}