execute if entity @s[tag=aj.folklore_microphone.bone.left_straight] run data modify entity @s {} merge value {transformation:[-0.8997328403284627f,-0.04878974803420422f,0.4337054029191198f,0.019881537806319294f,-0.16736285619017444f,0.9563336439214053f,-0.23961560022643313f,0.3768757381253507f,-0.4030762836019309f,-0.2881761995563924f,-0.868610377330878f,-0.04643143237313332f,0f,0f,0f,1f],start_interpolation:0}
execute if entity @s[tag=aj.folklore_microphone.bone.left_bend] run data modify entity @s {} merge value {transformation:[-0.8997328403284627f,0.002668583323934791f,0.43643292118895016f,0.3620461555128266f,-0.16736285619017444f,0.9214257022479077f,-0.3506627291355858f,0.435124883529473f,-0.4030762836019309f,-0.388545433508095f,-0.828590342508083f,0.04556607483364719f,0f,0f,0f,1f],start_interpolation:0}
execute if entity @s[tag=aj.folklore_microphone.bone.right_straight] run data modify entity @s {} merge value {transformation:[-0.9949800260209207f,0.0965507818491146f,-0.02631908706115312f,-0.04858642534014074f,0.09686935607869258f,0.995235121032683f,-0.011107732260027448f,0.37646277655470006f,0.02512121956250016f,-0.013601484749308484f,-0.9995918786886511f,-0.01108108591054708f,0f,0f,0f,1f],start_interpolation:0}
execute if entity @s[tag=aj.folklore_microphone.bone.microphone] run data modify entity @s {} merge value {transformation:[-0.9949800260209207f,0.02837234295445484f,0.09596748394473345f,-0.40557280066834583f,0.09686935607869258f,0.03233165862850183f,0.9947718289654315f,0.10490684898336339f,0.02512121956250016f,0.9990744086431225f,-0.03491776513592815f,0.048077460366170194f,0f,0f,0f,1f],start_interpolation:0}
execute if entity @s[tag=aj.folklore_microphone.bone.right_bend] run data modify entity @s {} merge value {transformation:[-0.9949800260209207f,0.09596748394473345f,-0.02837234295445482f,-0.371425657672446f,0.09686935607869258f,0.9947718289654315f,-0.03233165862850161f,0.5166031153296592f,0.02512121956250016f,-0.034917765135927925f,-0.9990744086431225f,-0.08995433326311897f,0f,0f,0f,1f],start_interpolation:0}
execute if entity @s[tag=aj.folklore_microphone.bone.head] run data modify entity @s {} merge value {transformation:[-1f,-1.157845357803774e-16f,3.9894098570353515e-17f,0f,0f,0.3257600362662062f,0.9454524836139784f,0.8125f,-1.2246467991473532e-16f,0.9454524836139784f,-0.3257600362662062f,0f,0f,0f,0f,1f],start_interpolation:0}