execute if entity @s[tag=aj.folklore_microphone.bone.left_straight] run data modify entity @s {} merge value {transformation:[-0.8036383249232174f,-0.006046109087525514f,0.5950872938313395f,0.02860154490847222f,-0.2486446495380733f,0.9118999965511905f,-0.3265183525409061f,0.3700030561153746f,-0.5406859356139143f,-0.41036793351191625f,-0.7343411184010232f,-0.05521242943938686f,0f,0f,0f,1f],start_interpolation:0}
execute if entity @s[tag=aj.folklore_microphone.bone.left_bend] run data modify entity @s {} merge value {transformation:[-0.9892791909355902f,0.12847100488076985f,0.06943978173028087f,0.3460172909078221f,-0.14353502252748868f,-0.7677458834338978f,-0.6244709406996747f,0.45178750129330353f,-0.026914302700555448f,-0.627743147613121f,0.7779551149873067f,0.09138797506696865f,0f,0f,0f,1f],start_interpolation:0}
execute if entity @s[tag=aj.folklore_microphone.bone.right_straight] run data modify entity @s {} merge value {transformation:[-0.7739043865708405f,0.09879829773816604f,-0.6255484767869328f,-0.09035734634314407f,0.2621381217925292f,0.9491405833482229f,-0.17440114146553087f,0.3482254925390297f,0.5765029102697541f,-0.2989499111982402f,-0.7604428611309781f,-0.09705638446378584f,0f,0f,0f,1f],start_interpolation:0}
execute if entity @s[tag=aj.folklore_microphone.bone.microphone] run data modify entity @s {} merge value {transformation:[-0.7739043865708405f,0.08786592401577098f,-0.6271774707714443f,-0.11609311369660025f,0.2621381217925292f,0.9459523050361307f,-0.19093936655366844f,0.7203680767880876f,0.5765029102697541f,-0.312175937563557f,-0.7551096466453185f,0.2722482883950312f,0f,0f,0f,1f],start_interpolation:0}
execute if entity @s[tag=aj.folklore_microphone.bone.right_bend] run data modify entity @s {} merge value {transformation:[-0.7739043865708405f,-0.6271774707714443f,-0.08786592401577112f,-0.39077666645801906f,0.2621381217925292f,-0.19093936655366822f,-0.9459523050361307f,0.5243202395854777f,0.5765029102697541f,-0.7551096466453187f,0.3121759375635568f,-0.003118395358332561f,0f,0f,0f,1f],start_interpolation:0}
execute if entity @s[tag=aj.folklore_microphone.bone.head] run data modify entity @s {} merge value {transformation:[-0.9999665269260329f,0.00022392655250357644f,-0.008178929293407609f,0f,0.0005859350520104634f,0.999018740667027f,-0.044285578647934226f,0.8125f,0.00816098692575247f,-0.044288888594845394f,-0.9989854316452423f,0f,0f,0f,0f,1f],start_interpolation:0}