execute if entity @s[tag=aj.folklore_microphone.bone.left_bend] run data modify entity @s {} merge value {transformation:[-0.8945844531864118f,0.23571114923402386f,0.37968264411735264f,0.3459558612300571f,-0.22692065307591647f,0.4923368806615095f,-0.8403043574491889f,0.45277933702066775f,-0.3850008744467579f,-0.8378810476835421f,-0.3869491912486206f,0.09357415277254709f,0f,0f,0f,1f],start_interpolation:0}
execute if entity @s[tag=aj.folklore_microphone.bone.right_straight] run data modify entity @s {} merge value {transformation:[-0.7739043865708406f,0.06898915881427381f,-0.6295335546358986f,-0.07858899373368433f,0.26213812179252927f,0.9397907251379594f,-0.21926467578648756f,0.3542950272014465f,0.576502910269754f,-0.33471463802882495f,-0.7453928531584781f,-0.08401824856418462f,0f,0f,0f,1f],start_interpolation:0}
execute if entity @s[tag=aj.folklore_microphone.bone.microphone] run data modify entity @s {} merge value {transformation:[-0.7739043865708406f,0.0579917759698163f,-0.6306417004657063f,-0.11017335044235638f,0.26213812179252927f,0.9358208942193773f,-0.23563289041543015f,0.7389798625642763f,0.576502910269754f,-0.3476725583969946f,-0.7394377503131634f,0.27173219764968604f,0f,0f,0f,1f],start_interpolation:0}
execute if entity @s[tag=aj.folklore_microphone.bone.right_bend] run data modify entity @s {} merge value {transformation:[-0.7739043865708406f,-0.6306417004657063f,-0.05799177596981644f,-0.3826105333775917f,0.26213812179252927f,-0.23563289041542995f,-0.9358208942193773f,0.5255186834526773f,0.576502910269754f,-0.7394377503131635f,0.34767255839699446f,0.007298982040564436f,0f,0f,0f,1f],start_interpolation:0}
execute if entity @s[tag=aj.folklore_microphone.bone.head] run data modify entity @s {} merge value {transformation:[-0.999726455603104f,0.0014998608733243486f,-0.02334018818723644f,0f,0.0016746364413165733f,0.9999706936426792f,-0.007470438311671329f,0.8125f,0.02332829955321123f,-0.007507481144814346f,-0.9996996689840484f,0f,0f,0f,0f,1f],start_interpolation:0}