execute if entity @s[tag=aj.folklore_microphone.bone.left_straight] run data modify entity @s {} merge value {transformation:[-0.8619529751548046f,-0.01897579669307827f,0.5066329911895235f,0.017751845042544345f,-0.2716937721610406f,0.860980318386549f,-0.4299946342919889f,0.3872018867130782f,-0.4280415433000463f,-0.5082841828060949f,-0.7472801527663202f,0.023389256778665046f,0f,0f,0f,1f],start_interpolation:0}
execute if entity @s[tag=aj.folklore_microphone.bone.left_bend] run data modify entity @s {} merge value {transformation:[-0.8477337023158296f,0.5246668772211286f,-0.07792456547793848f,0.35086592375990433f,-0.2776670817075751f,-0.5641323885687175f,-0.7775960647429693f,0.47088238060504406f,-0.45193867027938117f,-0.6375573041811868f,0.6239167590242484f,0.12810656855228564f,0f,0f,0f,1f],start_interpolation:0}
execute if entity @s[tag=aj.folklore_microphone.bone.right_straight] run data modify entity @s {} merge value {transformation:[-0.7739043865708398f,0.3158715567991838f,-0.5489054199510806f,-0.17865267592236872f,0.26213812179253126f,0.9487732491160771f,0.17638856784045392f,0.3292388332183936f,0.5765029102697541f,-0.007381149435041426f,-0.8170617559790211f,-0.20695178053734303f,0f,0f,0f,1f],start_interpolation:0}
execute if entity @s[tag=aj.folklore_microphone.bone.microphone] run data modify entity @s {} merge value {transformation:[-0.7739043865708398f,0.30624372754651097f,-0.5543345377881759f,-0.17749686692943029f,0.26213812179253126f,0.9517071513315922f,0.15980332664681868f,0.5856594617112778f,0.5765029102697541f,-0.0216397190999376f,-0.8168084946961434f,0.2510716899497951f,0f,0f,0f,1f],start_interpolation:0}
execute if entity @s[tag=aj.folklore_microphone.bone.right_bend] run data modify entity @s {} merge value {transformation:[-0.7739043865708398f,-0.5543345377881758f,-0.3062437275465111f,-0.44875507110824425f,0.26213812179253126f,0.1598033266468189f,-0.9517071513315922f,0.5353845828346052f,0.5765029102697541f,-0.8168084946961434f,0.02163971909993742f,-0.08598029768772356f,0f,0f,0f,1f],start_interpolation:0}
execute if entity @s[tag=aj.folklore_microphone.bone.head] run data modify entity @s {} merge value {transformation:[-0.997297047513012f,0.04298711353092401f,-0.05958780992878172f,0f,0.0002384232873574206f,0.8128816715887234f,0.5824288206720706f,0.8125f,0.07347477237913168f,0.5808403361212119f,-0.8106947401817977f,0f,0f,0f,0f,1f],start_interpolation:0}