execute if entity @s[tag=aj.folklore_microphone.bone.left_straight] run data modify entity @s {} merge value {transformation:[-0.7966903768945391f,-0.06044701373494876f,0.6013572996930893f,0.051804334518621986f,-0.2652452314619115f,0.929016016637033f,-0.2580197822233346f,0.3537472667683692f,-0.5430740378165338f,-0.36506903369415894f,-0.7561714025849292f,-0.0724223504343558f,0f,0f,0f,1f],start_interpolation:0}
execute if entity @s[tag=aj.folklore_microphone.bone.left_bend] run data modify entity @s {} merge value {transformation:[-0.7966903768945391f,0.5716516838822668f,-0.19621109978338655f,0.3664176301506058f,-0.2652452314619115f,-0.6224125712830183f,-0.7363746045971296f,0.44536899376111255f,-0.5430740378165338f,-0.534618502694614f,0.6474979892063104f,0.07440088763530965f,0f,0f,0f,1f],start_interpolation:0}
execute if entity @s[tag=aj.folklore_microphone.bone.right_straight] run data modify entity @s {} merge value {transformation:[-0.7578286165496814f,0.0965247905291652f,-0.6452741686691764f,-0.09375091287436965f,0.2647683736609002f,0.9493993647560286f,-0.16893358017224172f,0.34695168109178814f,0.596316607388523f,-0.2988708935546419f,-0.7450387189525737f,-0.10452125700118657f,0f,0f,0f,1f],start_interpolation:0}
execute if entity @s[tag=aj.folklore_microphone.bone.microphone] run data modify entity @s {} merge value {transformation:[-0.7578286165496814f,0.08524850228094452f,-0.6468604801634211f,-0.10821955984657683f,0.2647683736609002f,0.9463064691321859f,-0.18547715435475445f,0.7182230948589129f,0.596316607388523f,-0.3118280926046133f,-0.7397092296404114f,0.2662705575017099f,0f,0f,0f,1f],start_interpolation:0}
execute if entity @s[tag=aj.folklore_microphone.bone.right_bend] run data modify entity @s {} merge value {transformation:[-0.7578286165496814f,-0.6468604801634211f,-0.08524850228094466f,-0.3907607751368358f,0.2647683736609002f,-0.18547715435475423f,-0.9463064691321859f,0.524419127296847f,0.596316607388523f,-0.7397092296404115f,0.31182809260461314f,-0.0026589926973831918f,0f,0f,0f,1f],start_interpolation:0}