execute if entity @s[tag=aj.folklore_microphone.bone.left_straight] run data modify entity @s {} merge value {transformation:[-0.8095794153942932f,0.06852850533600856f,0.5829965815733803f,-0.0017440270542901093f,-0.22520473684149211f,0.8809063155750801f,-0.41627741913787686f,0.395221625628552f,-0.5420922400053229f,-0.4683032213602102f,-0.6977306759700775f,-0.0352577171758132f,0f,0f,0f,1f],start_interpolation:0}
execute if entity @s[tag=aj.folklore_microphone.bone.left_bend] run data modify entity @s {} merge value {transformation:[-0.7932250398323987f,0.03333599855272093f,0.6080154170606059f,0.3180518104989968f,-0.23051355796299056f,0.9077514235756086f,-0.35050085961620553f,0.4634101316593449f,-0.5636111565415756f,-0.4181818554133465f,-0.7123667594890419f,0.11311370801007885f,0f,0f,0f,1f],start_interpolation:0}
execute if entity @s[tag=aj.folklore_microphone.bone.right_straight] run data modify entity @s {} merge value {transformation:[-0.7739043865708405f,0.07783246726331765f,-0.6285014777119587f,-0.08207205620244751f,0.2621381217925293f,0.9427803261054589f,-0.20603121562416132f,0.3524149197020636f,0.5765029102697542f,-0.32420265845330326f,-0.7500246867285867f,-0.08783906097532937f,0f,0f,0f,1f],start_interpolation:0}
execute if entity @s[tag=aj.folklore_microphone.bone.microphone] run data modify entity @s {} merge value {transformation:[-0.7739043865708405f,0.06685174976610096f,-0.6297641177453839f,-0.11187184867359612f,0.2621381217925293f,0.9390409955814936f,-0.22245362150435444f,0.7334558103385267f,0.5765029102697542f,-0.33724301648889365f,-0.7442523377725969f,0.27196392144677844f,0f,0f,0f,1f],start_interpolation:0}
execute if entity @s[tag=aj.folklore_microphone.bone.right_bend] run data modify entity @s {} merge value {transformation:[-0.7739043865708405f,-0.6297641177453839f,-0.0668517497661011f,-0.38503782613610893f,0.2621381217925293f,-0.22245362150435422f,-0.9390409955814936f,0.5251007463136642f,0.5765029102697542f,-0.744252337772597f,0.3372430164888935f,0.004230592922056575f,0f,0f,0f,1f],start_interpolation:0}
execute if entity @s[tag=aj.folklore_microphone.bone.head] run data modify entity @s {} merge value {transformation:[-0.9993566719098397f,-0.0020327217780969796f,0.035806568551901195f,0f,-0.002269117245185732f,0.9999758913118844f,-0.006562613955588181f,0.8125f,-0.035792365334198724f,-0.006639641343877717f,-0.9993371912155616f,0f,0f,0f,0f,1f],start_interpolation:0}