execute if entity @s[tag=aj.folklore_microphone.bone.left_straight] run data modify entity @s {} merge value {transformation:[-0.9956586181611566f,-0.008883609952340233f,0.09265526188852277f,-0.011007874522361905f,-0.09213169786998093f,0.23580029968868366f,-0.9674243995859946f,0.7224542840723f,-0.013253917496748226f,-0.9717609274615553f,-0.2355950626181451f,0.32220365378762056f,0f,0f,0f,1f],start_interpolation:0}
execute if entity @s[tag=aj.folklore_microphone.bone.left_bend] run data modify entity @s {} merge value {transformation:[-0.9956586181611566f,0.034056669306523f,0.08662597391753926f,0.34708135373212756f,-0.09213169786998093f,-0.22806584096808383f,-0.9692769069936186f,0.7053248876167436f,-0.013253917496748226f,-0.9730499038894497f,0.23021341883505092f,0.3019103477980833f,0f,0f,0f,1f],start_interpolation:0}
execute if entity @s[tag=aj.folklore_microphone.bone.right_straight] run data modify entity @s {} merge value {transformation:[-0.7436865891856265f,0.10331979165718701f,-0.6604962359600279f,-0.10026054093662337f,0.26667152126325205f,0.951826801847486f,-0.15136723235868943f,0.34441974300323286f,0.613038788995111f,-0.28870531677941447f,-0.7354132737792444f,-0.11455065662463793f,0f,0f,0f,1f],start_interpolation:0}
execute if entity @s[tag=aj.folklore_microphone.bone.microphone] run data modify entity @s {} merge value {transformation:[-0.7436865891856265f,0.09177680679220657f,-0.6621988181811226f,-0.10340660968865834f,0.26667152126325205f,0.9490401115548774f,-0.16795584659977972f,0.7111126082791178f,0.613038788995111f,-0.30149607691466207f,-0.7302626642465545f,0.26103531081206677f,0f,0f,0f,1f],start_interpolation:0}
execute if entity @s[tag=aj.folklore_microphone.bone.right_bend] run data modify entity @s {} merge value {transformation:[-0.7436865891856265f,-0.6621988181811226f,-0.09177680679220672f,-0.393126324428406f,0.26667152126325205f,-0.1679558465997795f,-0.9490401115548774f,0.5242929447249589f,0.613038788995111f,-0.7302626642465546f,0.3014960769146619f,-0.0051854985763268024f,0f,0f,0f,1f],start_interpolation:0}