execute if entity @s[tag=aj.folklore_microphone.bone.left_straight] run data modify entity @s {} merge value {transformation:[-0.996260471472132f,-0.07238587747213822f,0.04717369738226722f,0.015865950859804967f,-0.07826401994027712f,0.5247506825612221f,-0.847650555555955f,1.12321898841762f,0.03660349935338198f,-0.8481727453143728f,-0.5284535721716401f,0.3079669763437069f,0f,0f,0f,1f],start_interpolation:0}
execute if entity @s[tag=aj.folklore_microphone.bone.left_bend] run data modify entity @s {} merge value {transformation:[-0.996260471472132f,-0.04451113742982947f,0.07405289749110405f,0.36788555769136067f,-0.07826401994027712f,0.10180721144234267f,-0.9917207444039485f,1.1175376676329336f,0.03660349935338198f,-0.9938078538344507f,-0.10491012101818387f,0.18696970526365764f,0f,0f,0f,1f],start_interpolation:0}
execute if entity @s[tag=aj.folklore_microphone.bone.right_straight] run data modify entity @s {} merge value {transformation:[-0.8397576068972611f,0.14422129092417094f,-0.5234571433291849f,0.0021408506595480548f,0.24531765585425624f,0.9608454838585838f,-0.12882237334693347f,0.8611481408373791f,0.48438250317735243f,-0.23659284729832739f,-0.8422573331369176f,-0.08609947831298824f,0f,0f,0f,1f],start_interpolation:0}
execute if entity @s[tag=aj.folklore_microphone.bone.microphone] run data modify entity @s {} merge value {transformation:[-0.8397576068972611f,0.2756966322606149f,-0.46775904974499477f,-0.07498466736278098f,0.24531765585425624f,0.9612040469993564f,0.12611910148043373f,1.1023926811646343f,0.48438250317735243f,-0.008840078744814628f,-0.8748116618012289f,0.3400652016249992f,0f,0f,0f,1f],start_interpolation:0}
execute if entity @s[tag=aj.folklore_microphone.bone.right_bend] run data modify entity @s {} merge value {transformation:[-0.8397576068972611f,-0.4677590497449947f,-0.275696632260615f,-0.30646958226732207f,0.24531765585425624f,0.12611910148043395f,-0.9612040469993564f,1.0368348537597398f,0.48438250317735243f,-0.8748116618012289f,0.008840078744814434f,-0.02301815600568141f,0f,0f,0f,1f],start_interpolation:0}
execute if entity @s[tag=aj.folklore_microphone.bone.head] run data modify entity @s {} merge value {transformation:[-1f,-1.3452343983090162e-17f,1.2172358961178886e-16f,0f,0f,0.9939485384401247f,0.10984672472468149f,1.326845703125f,-1.2246467991473532e-16f,0.10984672472468149f,-0.9939485384401247f,0f,0f,0f,0f,1f],start_interpolation:0}
execute if entity @s[tag=aj.folklore_microphone.bone.hair] run data modify entity @s {} merge value {transformation:[-1f,0f,1.2246467991473532e-16f,-0.010937499999999998f,0f,1f,0f,0.920595703125f,-1.2246467991473532e-16f,0f,-1f,-0.007968750000000002f,0f,0f,0f,1f],start_interpolation:0}
execute if entity @s[tag=aj.folklore_microphone.bone.outfit] run data modify entity @s {} merge value {transformation:[-1f,0f,1.2246467991473532e-16f,0f,0f,1f,0f,-0.11065429687499995f,-1.2246467991473532e-16f,0f,-1f,0f,0f,0f,0f,1f],start_interpolation:0}
execute if entity @s[tag=aj.folklore_microphone.bone.chest] run data modify entity @s {} merge value {transformation:[-1f,0f,1.2246467991473532e-16f,-0.010937499999999998f,0f,1f,0f,0.576845703125f,-1.2246467991473532e-16f,0f,-1f,-0.007968750000000002f,0f,0f,0f,1f],start_interpolation:0}
execute if entity @s[tag=aj.folklore_microphone.bone.right_leg] run data modify entity @s {} merge value {transformation:[-1f,-2.6283467194297793e-17f,1.19610940882784e-16f,0.10625000000000001f,0f,0.9766974524088234f,0.2146207968909678f,0.5989765625f,-1.2246467991473532e-16f,0.2146207968909678f,-0.9766974524088234f,-0.062499999999999986f,0f,0f,0f,1f],start_interpolation:0}
execute if entity @s[tag=aj.folklore_microphone.bone.left_leg] run data modify entity @s {} merge value {transformation:[-1f,-2.6283467194297793e-17f,1.19610940882784e-16f,-0.10624999999999998f,0f,0.9766974524088234f,0.2146207968909678f,0.5989765625f,-1.2246467991473532e-16f,0.2146207968909678f,-0.9766974524088234f,-0.06250000000000001f,0f,0f,0f,1f],start_interpolation:0}
execute if entity @s[tag=aj.folklore_microphone.bone.waist] run data modify entity @s {} merge value {transformation:[-1f,0f,1.2246467991473532e-16f,0f,0f,1f,0f,1.389345703125f,-1.2246467991473532e-16f,0f,-1f,0f,0f,0f,0f,1f],start_interpolation:0}