execute if entity @s[tag=aj.folklore_microphone.bone.left_straight] run data modify entity @s {} merge value {transformation:[-0.8855429000529871f,-0.4644931196158629f,-0.0077404131200441055f,0.2100721808915554f,-0.24110117312750032f,0.473767166015454f,-0.8470034809386726f,0.5708378093952883f,0.39709444277437134f,-0.7481916961816729f,-0.531530986192247f,0.3972537665327291f,0f,0f,0f,1f],start_interpolation:0}
execute if entity @s[tag=aj.folklore_microphone.bone.left_bend] run data modify entity @s {} merge value {transformation:[-0.8855429000529871f,-0.4528774786877864f,0.1035169622001095f,0.5179349198559486f,-0.24110117312750032f,0.25756368917508543f,-0.935698226104476f,0.6160873127442047f,0.39709444277437134f,-0.8535589817440348f,-0.33727298765510116f,0.21807188606812739f,0f,0f,0f,1f],start_interpolation:0}
execute if entity @s[tag=aj.folklore_microphone.bone.right_straight] run data modify entity @s {} merge value {transformation:[-0.7739043865708405f,0.4566001473729846f,-0.4388488417044983f,-0.23918652755222525f,0.2621381217925294f,0.8617605665258511f,0.43434126108870796f,0.3488897649184129f,0.576502910269754f,0.22109959611001756f,-0.786612587650675f,-0.2971485006464585f,0f,0f,0f,1f],start_interpolation:0}
execute if entity @s[tag=aj.folklore_microphone.bone.microphone] run data modify entity @s {} merge value {transformation:[-0.7739043865708405f,0.4488716366089892f,-0.44675077425157156f,-0.24049680224043685f,0.2621381217925294f,0.8692096164385407f,0.41923531315223206f,0.4993728425413858f,0.576502910269754f,0.20733763898224708f,-0.7903515027579634f,0.20573468723871624f,0f,0f,0f,1f],start_interpolation:0}
execute if entity @s[tag=aj.folklore_microphone.bone.right_bend] run data modify entity @s {} merge value {transformation:[-0.7739043865708405f,-0.44675077425157145f,-0.4488716366089893f,-0.4844559422913769f,0.2621381217925294f,0.4192353131522322f,-0.8692096164385406f,0.5676460068440198f,0.576502910269754f,-0.7903515027579634f,-0.20733763898224725f,-0.14857496853218227f,0f,0f,0f,1f],start_interpolation:0}
execute if entity @s[tag=aj.folklore_microphone.bone.head] run data modify entity @s {} merge value {transformation:[-0.8460787916025692f,0.14653377051942587f,-0.512521738561104f,0f,0.0014552374251888406f,0.9621062384899319f,0.27267098881764174f,0.8125f,0.5330558701340532f,0.229955299908731f,-0.8142309250817688f,0f,0f,0f,0f,1f],start_interpolation:0}