execute if entity @s[tag=aj.folklore_microphone.bone.left_bend] run data modify entity @s {} merge value {transformation:[-0.831554430886883f,0.07490656120017468f,0.5503691811516673f,0.3459558612300571f,-0.24495022039559453f,0.8398535598312762f,-0.4844020928597259f,0.45277933702066775f,-0.4985144110259422f,-0.5376197588704282f,-0.6800355702987607f,0.09357415277254709f,0f,0f,0f,1f],start_interpolation:0}
execute if entity @s[tag=aj.folklore_microphone.bone.right_straight] run data modify entity @s {} merge value {transformation:[-0.7739043865708405f,0.07321360306991727f,-0.6290562524702633f,-0.08025199376646602f,0.26213812179252927f,0.9412414528175616f,-0.2129510098613556f,0.3533885781306208f,0.576502910269754f,-0.32970334518079536f,-0.7476229655562335f,-0.085838513726106f,0f,0f,0f,1f],start_interpolation:0}
execute if entity @s[tag=aj.folklore_microphone.bone.microphone] run data modify entity @s {} merge value {transformation:[-0.7739043865708405f,0.06222390689352613f,-0.6302381977136239f,-0.1109786829094882f,0.26213812179252927f,0.9373815896099618f,-0.22934550478129373f,0.736340753314917f,0.576502910269754f,-0.34270094962110503f,-0.7417549821735588f,0.2718511230040073f,0f,0f,0f,1f],start_interpolation:0}
execute if entity @s[tag=aj.folklore_microphone.bone.right_bend] run data modify entity @s {} merge value {transformation:[-0.7739043865708405f,-0.6302381977136239f,-0.06222390689352627f,-0.38377054124351645f,0.26213812179252927f,-0.22934550478129354f,-0.9373815896099618f,0.5253125018769483f,0.576502910269754f,-0.741754982173559f,0.34270094962110487f,0.005835525204776357f,0f,0f,0f,1f],start_interpolation:0}
execute if entity @s[tag=aj.folklore_microphone.bone.head] run data modify entity @s {} merge value {transformation:[-0.9999752453870997f,0.0005099743324903558f,-0.007017730344631204f,0f,0.0005038870557460034f,0.9999994953338942f,0.0008691546421798449f,0.8125f,0.007018170049579036f,0.0008655969831117518f,-0.9999749977029516f,0f,0f,0f,0f,1f],start_interpolation:0}