execute if entity @s[tag=aj.folklore_microphone.bone.left_straight] run data modify entity @s {} merge value {transformation:[-0.8235948770691428f,0.05392397995206832f,0.5646093187785626f,-0.00005320210653153579f,-0.24564902222421087f,0.8633462051921343f,-0.4407832663119486f,0.3961111704089716f,-0.5112221007994009f,-0.5017225671289562f,-0.6978011387836632f,-0.01135462576552028f,0f,0f,0f,1f],start_interpolation:0}
execute if entity @s[tag=aj.folklore_microphone.bone.left_bend] run data modify entity @s {} merge value {transformation:[-0.8235948770691428f,0.5322980544707461f,-0.19583222327319436f,0.3235285075179744f,-0.24564902222421087f,-0.645978530487062f,-0.7227505074574938f,0.4699951730529496f,-0.5112221007994009f,-0.5471476211740616f,0.6627831050183858f,0.12564596267335865f,0f,0f,0f,1f],start_interpolation:0}
execute if entity @s[tag=aj.folklore_microphone.bone.right_straight] run data modify entity @s {} merge value {transformation:[-0.7665163746022192f,0.12212614562921309f,-0.6305060285361453f,-0.10158536864040729f,0.2634105471605819f,0.9551595597447515f,-0.13522240595690965f,0.34333319469686535f,0.5857196693907701f,-0.2697321263438315f,-0.7643147577450027f,-0.11123458937759888f,0f,0f,0f,1f],start_interpolation:0}
execute if entity @s[tag=aj.folklore_microphone.bone.microphone] run data modify entity @s {} merge value {transformation:[-0.7665163746022192f,0.15279977298386468f,-0.6237827160500279f,-0.11614448415118317f,0.2634105471605819f,0.9606275562860905f,-0.08837183798233952f,0.6788931349521218f,0.5857196693907701f,-0.23204940741120939f,-0.7765858235950959f,0.28285354553777126f,0f,0f,0f,1f],start_interpolation:0}
execute if entity @s[tag=aj.folklore_microphone.bone.right_bend] run data modify entity @s {} merge value {transformation:[-0.7665163746022192f,-0.6237827160500279f,-0.15279977298386482f,-0.3974196476448794f,0.2634105471605819f,-0.08837183798233932f,-0.9606275562860905f,0.5238705472598375f,0.5857196693907701f,-0.7765858235950959f,0.23204940741120922f,-0.011365588540153258f,0f,0f,0f,1f],start_interpolation:0}