execute if entity @s[tag=aj.stage.bone.left_straight] run data modify entity @s {} merge value {transformation:[0.49499975448158673f,-0.3209192929952105f,-0.8074565316143175f,-27.656041934557074f,-0.34016842815040116f,0.7835416768417358f,-0.5199498832981179f,1.2978276279378322f,0.7995377936988686f,0.5320462837343151f,0.2786863262014312f,-0.34402898747015426f,0f,0f,0f,1f],start_interpolation:0}
execute if entity @s[tag=aj.stage.bone.left_bend] run data modify entity @s {} merge value {transformation:[0.49499975448158673f,-0.750838480484884f,-0.43728345416482395f,-27.879655265126797f,-0.34016842815040116f,0.2956335294445461f,-0.8926848585911191f,1.399921871184349f,0.7995377936988686f,0.59062881109146f,-0.10907302120980333f,-0.6057673564003716f,0f,0f,0f,1f],start_interpolation:0}
execute if entity @s[tag=aj.stage.bone.right_straight] run data modify entity @s {} merge value {transformation:[-0.5155571092790304f,-0.3061744020621409f,-0.8002862629045561f,-27.66613295849498f,0.3281243827282396f,0.7922407799825856f,-0.5144792862611633f,1.305608000208935f,0.7915398009772228f,-0.5278368896301914f,-0.3079820796969583f,0.23028681197509532f,0f,0f,0f,1f],start_interpolation:0}
execute if entity @s[tag=aj.stage.bone.microphone] run data modify entity @s {} merge value {transformation:[-0.5155571092790304f,0.48512754402965735f,-0.7062946503376637f,-27.58364659106124f,0.3281243827282396f,0.8732321877898483f,0.36027758141045474f,1.414016981360434f,0.7915398009772228f,-0.0460088277562892f,-0.6093832383955359f,0.6564559101178201f,0f,0f,0f,1f],start_interpolation:0}
execute if entity @s[tag=aj.stage.bone.right_bend] run data modify entity @s {} merge value {transformation:[-0.5155571092790304f,-0.7062946503376636f,-0.4851275440296575f,-27.939854190142235f,0.3281243827282396f,0.3602775814104549f,-0.8732321877898482f,1.457330555371682f,0.7915398009772228f,-0.6093832383955359f,0.04600882775628906f,0.40956990441051977f,0f,0f,0f,1f],start_interpolation:0}
execute if entity @s[tag=aj.stage.bone.head] run data modify entity @s {} merge value {transformation:[-3.4450928483976665e-16f,-0.5389501315496205f,-0.8423376732063257f,-27.9375f,0f,0.8423376732063257f,-0.5389501315496205f,1.7125f,1f,-1.856733243844579e-16f,-2.9019314938990436e-16f,-0.06250000000000343f,0f,0f,0f,1f],start_interpolation:0}
execute if entity @s[tag=aj.stage.bone.outfit] run data modify entity @s {} merge value {transformation:[-3.4450928483976665e-16f,0f,-1f,-27.9375f,0f,1f,0f,0.2749999999999999f,1f,0f,-3.4450928483976665e-16f,-0.06250000000000343f,0f,0f,0f,1f],start_interpolation:0}
execute if entity @s[tag=aj.stage.bone.chest] run data modify entity @s {} merge value {transformation:[-3.4450928483976665e-16f,0f,-1f,-27.94546875f,0f,1f,0f,0.9624999999999999f,1f,0f,-3.4450928483976665e-16f,-0.05156250000000272f,0f,0f,0f,1f],start_interpolation:0}
execute if entity @s[tag=aj.stage.bone.waist] run data modify entity @s {} merge value {transformation:[-3.4450928483976665e-16f,0f,-1f,-27.9375f,0f,1f,0f,1.775f,1f,0f,-3.4450928483976665e-16f,-0.06250000000000343f,0f,0f,0f,1f],start_interpolation:0}
execute if entity @s[tag=aj.stage.bone.right_leg] run data modify entity @s {} merge value {transformation:[-3.4450928483976665e-16f,0f,-1f,-28f,0f,1f,0f,0.9624999999999999f,1f,0f,-3.4450928483976665e-16f,-0.16875000000000273f,0f,0f,0f,1f],start_interpolation:0}
execute if entity @s[tag=aj.stage.bone.left_leg] run data modify entity @s {} merge value {transformation:[-3.4450928483976665e-16f,0f,-1f,-28f,0f,1f,0f,0.9624999999999999f,1f,0f,-3.4450928483976665e-16f,0.043749999999995834f,0f,0f,0f,1f],start_interpolation:0}
execute if entity @s[tag=aj.stage.bone.platform] run data modify entity @s {} merge value {transformation:[-2f,0f,2.4492935982947064e-16f,-28f,0f,2f,0f,1.275f,-2.4492935982947064e-16f,0f,-2f,-3.429011037612589e-15f,0f,0f,0f,1f],start_interpolation:0}