execute if entity @s[tag=aj.stage.bone.left_bend] run data modify entity @s {} merge value {transformation:[-3.431983230007545e-16f,-0.1361712822435414f,-0.9906853092138541f,-28f,-0.08715574274765818f,0.986915452516223f,-0.13565310940337058f,3.0451769882155957f,0.9961946980917455f,0.08634391395372683f,-0.011868109244837189f,-0.43893340353037524f,0f,0f,0f,1f],start_interpolation:0}
execute if entity @s[tag=aj.stage.bone.right_straight] run data modify entity @s {} merge value {transformation:[0.37903826199470775f,-0.19339079034657666f,-0.9049475112696634f,-28.00186182133689f,0.21878553057694872f,0.9689221962136811f,-0.11542386795901402f,2.9767722973716984f,0.8991456431269599f,-0.15423935909353131f,0.40956969193560006f,-0.03987900013909673f,0f,0f,0f,1f],start_interpolation:0}
execute if entity @s[tag=aj.stage.bone.microphone] run data modify entity @s {} merge value {transformation:[0.37903826199470775f,0.06119692123756036f,-0.9233552581618166f,-27.58222060366999f,0.21878553057694872f,0.9635957139402813f,0.1536756053708025f,3.2000709705878005f,0.8991456431269599f,-0.2602657044386821f,0.3518506437948383f,0.09631740411817302f,0f,0f,0f,1f],start_interpolation:0}
execute if entity @s[tag=aj.stage.bone.right_bend] run data modify entity @s {} merge value {transformation:[0.37903826199470775f,-0.9233552581618166f,-0.06119692123756057f,-27.974492796162036f,0.21878553057694872f,0.15367560537080271f,-0.9635957139402813f,3.145661518304351f,0.8991456431269599f,0.35185064379483827f,0.26026570443868213f,0.2776313794495897f,0f,0f,0f,1f],start_interpolation:0}