execute if entity @s[tag=aj.stage.bone.left_straight] run data modify entity @s {} merge value {transformation:[0.47326491882361893f,-0.49262418513015493f,-0.7303024913251523f,-27.601422669636737f,-0.3325894161869191f,0.6677458214209204f,-0.6659578051313346f,1.9033486972066633f,0.8157233580395487f,0.5580653458151215f,0.15217908183758774f,-0.34147195850516593f,0f,0f,0f,1f],start_interpolation:0}
execute if entity @s[tag=aj.stage.bone.left_bend] run data modify entity @s {} merge value {transformation:[0.47326491882361893f,-0.8755127739215353f,-0.09745614044836909f,-27.815265930576192f,-0.3325894161869191f,-0.07514107669505327f,-0.9400734539564197f,1.993345316967155f,0.8157233580395487f,0.4773166677304775f,-0.32674791790515717f,-0.615524504680674f,0f,0f,0f,1f],start_interpolation:0}
execute if entity @s[tag=aj.stage.bone.right_straight] run data modify entity @s {} merge value {transformation:[-0.4672679591802429f,-0.49710566589248817f,-0.731126946064168f,-27.611989670524427f,0.33596091259417504f,0.6650909772608109f,-0.6669214775182671f,1.9105833169096051f,0.8177963802392499f,-0.557261113755343f,-0.14376763044487703f,0.1961717534537331f,0f,0f,0f,1f],start_interpolation:0}
execute if entity @s[tag=aj.stage.bone.microphone] run data modify entity @s {} merge value {transformation:[-0.4672679591802429f,0.07912154861419404f,-0.8805682454349706f,-27.50590881371258f,0.33596091259417504f,0.937166683019742f,-0.09406845085714587f,2.192254823120342f,0.8177963802392499f,-0.3397916843930498f,-0.4644897110646416f,0.5450514698310034f,0f,0f,0f,1f],start_interpolation:0}
execute if entity @s[tag=aj.stage.bone.right_bend] run data modify entity @s {} merge value {transformation:[-0.4672679591802429f,-0.8805682454349706f,-0.07912154861419424f,-27.884590203738156f,0.33596091259417504f,-0.09406845085714566f,-0.937166683019742f,2.037930275776891f,0.8177963802392499f,-0.46448971106464165f,0.3397916843930497f,0.39506160988601763f,0f,0f,0f,1f],start_interpolation:0}
execute if entity @s[tag=aj.stage.bone.head] run data modify entity @s {} merge value {transformation:[-3.4450928483976665e-16f,-0.2963609191802044f,-0.9550760208395269f,-27.9375f,0f,0.9550760208395269f,-0.2963609191802044f,2.2625f,1f,-1.020990883212281e-16f,-3.2903255690703547e-16f,-0.06250000000000343f,0f,0f,0f,1f],start_interpolation:0}
execute if entity @s[tag=aj.stage.bone.outfit] run data modify entity @s {} merge value {transformation:[-3.4450928483976665e-16f,0f,-1f,-27.9375f,0f,1f,0f,0.825f,1f,0f,-3.4450928483976665e-16f,-0.06250000000000343f,0f,0f,0f,1f],start_interpolation:0}
execute if entity @s[tag=aj.stage.bone.chest] run data modify entity @s {} merge value {transformation:[-3.4450928483976665e-16f,0f,-1f,-27.94546875f,0f,1f,0f,1.5125f,1f,0f,-3.4450928483976665e-16f,-0.05156250000000272f,0f,0f,0f,1f],start_interpolation:0}
execute if entity @s[tag=aj.stage.bone.waist] run data modify entity @s {} merge value {transformation:[-3.4450928483976665e-16f,0f,-1f,-27.9375f,0f,1f,0f,2.325f,1f,0f,-3.4450928483976665e-16f,-0.06250000000000343f,0f,0f,0f,1f],start_interpolation:0}
execute if entity @s[tag=aj.stage.bone.right_leg] run data modify entity @s {} merge value {transformation:[-3.4450928483976665e-16f,0f,-1f,-28f,0f,1f,0f,1.5125f,1f,0f,-3.4450928483976665e-16f,-0.16875000000000273f,0f,0f,0f,1f],start_interpolation:0}
execute if entity @s[tag=aj.stage.bone.left_leg] run data modify entity @s {} merge value {transformation:[-3.4450928483976665e-16f,0f,-1f,-28f,0f,1f,0f,1.5125f,1f,0f,-3.4450928483976665e-16f,0.043749999999995834f,0f,0f,0f,1f],start_interpolation:0}
execute if entity @s[tag=aj.stage.bone.platform] run data modify entity @s {} merge value {transformation:[-2f,0f,2.4492935982947064e-16f,-28f,0f,2f,0f,1.825f,-2.4492935982947064e-16f,0f,-2f,-3.429011037612589e-15f,0f,0f,0f,1f],start_interpolation:0}