execute if entity @s[tag=aj.stage.bone.right_straight] run data modify entity @s {} merge value {transformation:[0.6208479923566425f,-0.24855974758659719f,-0.7434822272700361f,-28.06976605506057f,0.25041695522264185f,0.9615950189654651f,-0.11236711279475081f,2.968917556360436f,0.7428587476255145f,-0.11641765922957725f,0.6592479121664007f,-0.05549916133875871f,0f,0f,0f,1f],start_interpolation:0}
execute if entity @s[tag=aj.stage.bone.microphone] run data modify entity @s {} merge value {transformation:[0.6208479923566425f,-0.2884729292322537f,-0.7289246459592993f,-27.686850197650447f,0.25041695522264185f,0.9540953744927159f,-0.1642965760709157f,3.3337508908247093f,0.7428587476255145f,-0.08053189102317157f,0.6645867103730592f,-0.053773387886896284f,0f,0f,0f,1f],start_interpolation:0}
execute if entity @s[tag=aj.stage.bone.right_bend] run data modify entity @s {} merge value {transformation:[0.6208479923566425f,-0.7289246459592994f,0.28847292923225354f,-27.954103139804666f,0.25041695522264185f,-0.16429657607091547f,-0.9540953744927159f,3.147794913075394f,0.7428587476255145f,0.6645867103730592f,0.08053189102317172f,0.2355514440926464f,0f,0f,0f,1f],start_interpolation:0}
execute if entity @s[tag=aj.stage.bone.head] run data modify entity @s {} merge value {transformation:[-3.44467397649237e-16f,0.04625162094301402f,-0.9989298211386742f,-27.9375f,0.015593440486026202f,0.9988083661718996f,0.04624599743577052f,3.4375f,0.9998784149154379f,-0.015576752715642699f,-0.0007212218985574762f,-0.06250000000000343f,0f,0f,0f,1f],start_interpolation:0}