execute if entity @s[tag=aj.stage.bone.left_straight] run data modify entity @s {} merge value {transformation:[-0.6907937807737313f,-0.0604366246519139f,-0.720521593600787f,-27.926470961367237f,-0.08715574274765818f,0.9961946980917455f,0f,3.0018115019836387f,0.7177797914057195f,0.06279759465600292f,-0.6934325007922417f,-0.08545163620594665f,0f,0f,0f,1f],start_interpolation:0}
execute if entity @s[tag=aj.stage.bone.left_bend] run data modify entity @s {} merge value {transformation:[-0.6907937807737313f,-0.0604366246519139f,-0.720521593600787f,-27.721501443208247f,-0.08715574274765818f,0.9961946980917455f,0f,3.0451769882155957f,0.7177797914057195f,0.06279759465600292f,-0.6934325007922417f,-0.3770679270957902f,0f,0f,0f,1f],start_interpolation:0}
execute if entity @s[tag=aj.stage.bone.right_straight] run data modify entity @s {} merge value {transformation:[-0.6907937807737313f,0.0604366246519139f,-0.720521593600787f,-27.9751234654852f,0.08715574274765818f,0.9961946980917455f,0f,3.003718033856244f,0.7177797914057195f,-0.06279759465600292f,-0.6934325007922417f,-0.03489851133843547f,0f,0f,0f,1f],start_interpolation:0}
execute if entity @s[tag=aj.stage.bone.microphone] run data modify entity @s {} merge value {transformation:[-0.6907937807737313f,0.720521593600787f,0.06043662465191374f,-28.194708205947702f,0.08715574274765818f,2.2119965816619248e-16f,0.9961946980917455f,2.7254195311375633f,0.7177797914057195f,0.6934325007922417f,-0.06279759465600307f,0.247837979818902f,0f,0f,0f,1f],start_interpolation:0}
execute if entity @s[tag=aj.stage.bone.right_bend] run data modify entity @s {} merge value {transformation:[-0.6907937807737313f,0.0604366246519139f,-0.720521593600787f,-28.26022525777872f,0.08715574274765818f,0.9961946980917455f,0f,3.1416833495932335f,0.7177797914057195f,-0.06279759465600292f,-0.6934325007922417f,0.13763558186469524f,0f,0f,0f,1f],start_interpolation:0}
execute if entity @s[tag=aj.stage.bone.head] run data modify entity @s {} merge value {transformation:[-0.6934325007922417f,0f,-0.720521593600787f,-27.9375f,0f,1f,0f,3.4375f,0.720521593600787f,0f,-0.6934325007922417f,-0.06250000000000343f,0f,0f,0f,1f],start_interpolation:0}
execute if entity @s[tag=aj.stage.bone.outfit] run data modify entity @s {} merge value {transformation:[-0.6934325007922417f,0f,-0.720521593600787f,-27.9375f,0f,1f,0f,2f,0.720521593600787f,0f,-0.6934325007922417f,-0.06250000000000343f,0f,0f,0f,1f],start_interpolation:0}
execute if entity @s[tag=aj.stage.bone.chest] run data modify entity @s {} merge value {transformation:[-0.6934325007922417f,0f,-0.720521593600787f,-27.950826074426423f,0f,1f,0f,2.6875f,0.720521593600787f,0f,-0.6934325007922417f,-0.06014508531068248f,0f,0f,0f,1f],start_interpolation:0}
execute if entity @s[tag=aj.stage.bone.waist] run data modify entity @s {} merge value {transformation:[-0.6934325007922417f,0f,-0.720521593600787f,-27.9375f,0f,1f,0f,3.5f,0.720521593600787f,0f,-0.6934325007922417f,-0.06250000000000343f,0f,0f,0f,1f],start_interpolation:0}
execute if entity @s[tag=aj.stage.bone.right_leg] run data modify entity @s {} merge value {transformation:[-0.6934325007922417f,0f,-0.720521593600787f,-27.908855396390873f,0f,1f,0f,2.6875f,0.720521593600787f,0f,-0.6934325007922417f,-0.18239495061960165f,0f,0f,0f,1f],start_interpolation:0}
execute if entity @s[tag=aj.stage.bone.left_leg] run data modify entity @s {} merge value {transformation:[-0.6934325007922417f,0f,-0.720521593600787f,-28.056209802809224f,0f,1f,0f,2.6875f,0.720521593600787f,0f,-0.6934325007922417f,-0.029284111979435423f,0f,0f,0f,1f],start_interpolation:0}