execute if entity @s[tag=aj.stage.bone.left_straight] run data modify entity @s {} merge value {transformation:[0.4905120705727572f,-0.2965045217868861f,-0.8194406489687686f,-27.66644087488723f,-0.3386460988457504f,0.8015710686864806f,-0.4927500802449124f,1.239897950512992f,0.8029425436225066f,0.5192002411447276f,0.29277018501936963f,-0.3386115341543145f,0f,0f,0f,1f],start_interpolation:0}
execute if entity @s[tag=aj.stage.bone.left_bend] run data modify entity @s {} merge value {transformation:[0.4905120705727572f,-0.7229107274787651f,-0.48661893584050875f,-27.888810804329918f,-0.3386460988457504f,0.35639332519700334f,-0.8708057289037419f,1.3431608492425697f,0.8029425436225066f,0.5919323253980523f,-0.06999566979373506f,-0.6009500904292763f,0f,0f,0f,1f],start_interpolation:0}
execute if entity @s[tag=aj.stage.bone.right_straight] run data modify entity @s {} merge value {transformation:[-0.5056573576555035f,-0.2858580234059162f,-0.8139998937980993f,-27.67655249487681f,0.32984876749843717f,0.8077721930577867f,-0.48857330535179233f,1.2476029953144994f,0.7971890787188546f,-0.5155475483183646f,-0.3141660360292108f,0.22592231259493128f,0f,0f,0f,1f],start_interpolation:0}
execute if entity @s[tag=aj.stage.bone.microphone] run data modify entity @s {} merge value {transformation:[-0.5056573576555035f,0.520105714386036f,-0.688331811346712f,-27.59292762233901f,0.32984876749843717f,0.8537823331072687f,0.40280953098663247f,1.3403351196819964f,0.7971890787188546f,-0.02336179652552647f,-0.6032775474311005f,0.6550212105644676f,0f,0f,0f,1f],start_interpolation:0}
execute if entity @s[tag=aj.stage.bone.right_bend] run data modify entity @s {} merge value {transformation:[-0.5056573576555035f,-0.6883318113467118f,-0.5201057143860361f,-27.94593323392142f,0.32984876749843717f,0.40280953098663264f,-0.8537823331072686f,1.4038204430135597f,0.7971890787188546f,-0.6032775474311005f,0.023361796525526335f,0.4078992344805976f,0f,0f,0f,1f],start_interpolation:0}
execute if entity @s[tag=aj.stage.bone.head] run data modify entity @s {} merge value {transformation:[-3.4450928483976665e-16f,-0.5549553928755379f,-0.8318801066970873f,-27.9375f,0f,0.8318801066970873f,-0.5549553928755379f,1.6625f,1f,-1.9118728551752328e-16f,-2.8659042063064234e-16f,-0.06250000000000343f,0f,0f,0f,1f],start_interpolation:0}
execute if entity @s[tag=aj.stage.bone.outfit] run data modify entity @s {} merge value {transformation:[-3.4450928483976665e-16f,0f,-1f,-27.9375f,0f,1f,0f,0.2250000000000001f,1f,0f,-3.4450928483976665e-16f,-0.06250000000000343f,0f,0f,0f,1f],start_interpolation:0}
execute if entity @s[tag=aj.stage.bone.chest] run data modify entity @s {} merge value {transformation:[-3.4450928483976665e-16f,0f,-1f,-27.94546875f,0f,1f,0f,0.9125000000000001f,1f,0f,-3.4450928483976665e-16f,-0.05156250000000272f,0f,0f,0f,1f],start_interpolation:0}
execute if entity @s[tag=aj.stage.bone.waist] run data modify entity @s {} merge value {transformation:[-3.4450928483976665e-16f,0f,-1f,-27.9375f,0f,1f,0f,1.725f,1f,0f,-3.4450928483976665e-16f,-0.06250000000000343f,0f,0f,0f,1f],start_interpolation:0}
execute if entity @s[tag=aj.stage.bone.right_leg] run data modify entity @s {} merge value {transformation:[-3.4450928483976665e-16f,0f,-1f,-28f,0f,1f,0f,0.9125000000000001f,1f,0f,-3.4450928483976665e-16f,-0.16875000000000273f,0f,0f,0f,1f],start_interpolation:0}
execute if entity @s[tag=aj.stage.bone.left_leg] run data modify entity @s {} merge value {transformation:[-3.4450928483976665e-16f,0f,-1f,-28f,0f,1f,0f,0.9125000000000001f,1f,0f,-3.4450928483976665e-16f,0.043749999999995834f,0f,0f,0f,1f],start_interpolation:0}
execute if entity @s[tag=aj.stage.bone.platform] run data modify entity @s {} merge value {transformation:[-2f,0f,2.4492935982947064e-16f,-28f,0f,2f,0f,1.225f,-2.4492935982947064e-16f,0f,-2f,-3.429011037612589e-15f,0f,0f,0f,1f],start_interpolation:0}