execute if entity @s[tag=aj.stage.bone.left_bend] run data modify entity @s {} merge value {transformation:[-3.431983230007545e-16f,-0.6979775931267193f,-0.7161195985958155f,-28f,-0.08715574274765818f,0.7133945473207405f,-0.6953215776596753f,3.0451769882155957f,0.9961946980917455f,0.06241393551177289f,-0.06083275555018222f,-0.43893340353037524f,0f,0f,0f,1f],start_interpolation:0}
execute if entity @s[tag=aj.stage.bone.right_straight] run data modify entity @s {} merge value {transformation:[0.576502910269754f,-0.266906677203439f,-0.7722727627689088f,-28.046328038313078f,0.2621381217925294f,0.9556002056484896f,-0.13458028112487153f,2.968550907607225f,0.7739043865708406f,-0.12485620781035929f,0.620872714666724f,-0.05554023835076638f,0f,0f,0f,1f],start_interpolation:0}
execute if entity @s[tag=aj.stage.bone.microphone] run data modify entity @s {} merge value {transformation:[0.576502910269754f,-0.2803440441599963f,-0.7674969780751727f,-27.66542476971843f,0.2621381217925294f,0.9531059133439806f,-0.15123730707673125f,3.3291190636437893f,0.7739043865708406f,-0.11400146864297185f,0.6229571940299401f,-0.034524078984657924f,0f,0f,0f,1f],start_interpolation:0}
execute if entity @s[tag=aj.stage.bone.right_bend] run data modify entity @s {} merge value {transformation:[0.576502910269754f,-0.7674969780751728f,0.28034404415999614f,-27.949900104239322f,0.2621381217925294f,-0.15123730707673103f,-0.9531059133439806f,3.148768059018862f,0.7739043865708406f,0.6229571940299401f,0.11400146864297199f,0.24162790513058785f,0f,0f,0f,1f],start_interpolation:0}