execute if entity @s[tag=aj.stage.bone.left_bend] run data modify entity @s {} merge value {transformation:[-3.431983230007545e-16f,-0.9858710185182359f,-0.16750622330473616f,-28f,-0.08715574274765818f,0.16686881155355018f,-0.9821194816501757f,3.0451769882155957f,0.9961946980917455f,0.014599129306979033f,-0.08592432087234718f,-0.43893340353037524f,0f,0f,0f,1f],start_interpolation:0}
execute if entity @s[tag=aj.stage.bone.right_straight] run data modify entity @s {} merge value {transformation:[0.6608233352992569f,-0.2486156118091817f,-0.7081686219317489f,-28.08497439653851f,0.24876421298492726f,0.9627614194354133f,-0.10586224815626233f,2.968660911054503f,0.7081164352434957f,-0.10621076598657314f,0.6980618792962338f,-0.05679565559204827f,0f,0f,0f,1f],start_interpolation:0}
execute if entity @s[tag=aj.stage.bone.microphone] run data modify entity @s {} merge value {transformation:[0.6608233352992569f,-0.31676041034917496f,-0.6804229287431373f,-27.709581859810278f,0.24876421298492726f,0.947769896338394f,-0.1996211159489389f,3.347604770902253f,0.7081164352434957f,-0.037350582728148334f,0.7051071181798636f,-0.07368669021912f,0f,0f,0f,1f],start_interpolation:0}
execute if entity @s[tag=aj.stage.bone.right_bend] run data modify entity @s {} merge value {transformation:[0.6608233352992569f,-0.6804229287431374f,0.3167604103491748f,-27.95298405240094f,0.24876421298492726f,-0.19962111594893867f,-0.947769896338394f,3.147673784964643f,0.7081164352434957f,0.7051071181798636f,0.03735058272814849f,0.22713816356602573f,0f,0f,0f,1f],start_interpolation:0}
execute if entity @s[tag=aj.stage.bone.head] run data modify entity @s {} merge value {transformation:[-3.4445757250467817e-16f,0.007140082413822215f,-0.9999745092866736f,-27.9375f,0.017325880266242693f,0.9998244087837852f,0.007139010656541372f,3.4375f,0.9998498956708451f,-0.017325438617195696f,-0.00012370821299333322f,-0.06250000000000343f,0f,0f,0f,1f],start_interpolation:0}