execute if entity @s[tag=aj.stage.bone.left_bend] run data modify entity @s {} merge value {transformation:[-3.431983230007545e-16f,-0.9555728057861413f,0.29475517441090254f,-28f,-0.08715574274765818f,-0.2936335419832488f,-0.9519365627648073f,3.0451769882155957f,0.9961946980917455f,-0.025689606154498067f,-0.08328365763775476f,-0.43893340353037524f,0f,0f,0f,1f],start_interpolation:0}
execute if entity @s[tag=aj.stage.bone.right_straight] run data modify entity @s {} merge value {transformation:[0.657884328195227f,-0.25177783111950547f,-0.7097859779341043f,-28.082682701809446f,0.25072554329409974f,0.9619219788586884f,-0.10882466874961617f,2.9684949835324437f,0.7101583715305999f,-0.10636743084865284f,0.6959605283345197f,-0.05717463427961392f,0f,0f,0f,1f],start_interpolation:0}
execute if entity @s[tag=aj.stage.bone.microphone] run data modify entity @s {} merge value {transformation:[0.657884328195227f,-0.3189532658818937f,-0.6822441094640459f,-27.708256237450026f,0.25072554329409974f,0.9469734883204124f,-0.20094256482425146f,3.348194319217207f,0.7101583715305999f,-0.03885906073934366f,0.7029687480560304f,-0.07288187035364418f,0f,0f,0f,1f],start_interpolation:0}
execute if entity @s[tag=aj.stage.bone.right_bend] run data modify entity @s {} merge value {transformation:[0.657884328195227f,-0.682244109464046f,0.31895326588189354f,-27.952155102530327f,0.25072554329409974f,-0.20094256482425124f,-0.9469734883204124f,3.147814678731502f,0.7101583715305999f,0.7029687480560304f,0.03885906073934381f,0.2272413750675375f,0f,0f,0f,1f],start_interpolation:0}
execute if entity @s[tag=aj.stage.bone.head] run data modify entity @s {} merge value {transformation:[-3.4448096037411956e-16f,0.003700508017532238f,-0.9999931530967661f,-27.9375f,0.013568144027159126f,0.9999011022241233f,0.0037001673802076872f,3.4375f,0.9999079484970895f,-0.013568051127389907f,-0.00005020902575587892f,-0.06250000000000343f,0f,0f,0f,1f],start_interpolation:0}