execute if entity @s[tag=aj.stage.bone.left_straight] run data modify entity @s {} merge value {transformation:[0.38688129009812183f,-0.44202730982267235f,-0.8092803746186757f,-27.647361389433613f,-0.29785479408481225f,0.7706746241678227f,-0.5633321802493438f,2.1451874188122337f,0.8727000567278009f,0.45899071998757923f,0.16649963949683685f,-0.2836525360908598f,0f,0f,0f,1f],start_interpolation:0}
execute if entity @s[tag=aj.stage.bone.left_bend] run data modify entity @s {} merge value {transformation:[0.38688129009812183f,-0.8659293557649681f,-0.3170003441582993f,-27.834239758816498f,-0.29785479408481225f,0.20799314550466647f,-0.9316766461942516f,2.2297470159370665f,0.8727000567278009f,0.45486833506800833f,-0.177452553488957f,-0.5783715199953456f,0f,0f,0f,1f],start_interpolation:0}
execute if entity @s[tag=aj.stage.bone.right_straight] run data modify entity @s {} merge value {transformation:[-0.2690805475323055f,-0.5177102784304309f,-0.812140213600583f,-27.665546876359706f,0.3550191440399154f,0.7305452916386379f,-0.5833223673319783f,2.1493181884578156f,0.89529719440244f,-0.4452860254624023f,-0.01277846716223466f,0.1038064068920566f,0f,0f,0f,1f],start_interpolation:0}
execute if entity @s[tag=aj.stage.bone.microphone] run data modify entity @s {} merge value {transformation:[-0.2690805475323055f,-0.03781896897054176f,-0.9623748669441239f,-27.483483832139235f,0.3550191440399154f,0.9249706069681434f,-0.1356126233436641f,2.467459161571227f,0.89529719440244f,-0.37815222044963576f,-0.2354651393818831f,0.4013818816407655f,0f,0f,0f,1f],start_interpolation:0}
execute if entity @s[tag=aj.stage.bone.right_bend] run data modify entity @s {} merge value {transformation:[-0.2690805475323055f,-0.9623748669441239f,0.037818968970541544f,-27.881391210486555f,0.3550191440399154f,-0.13561262334366392f,-0.9249706069681434f,2.2973382667838793f,0.89529719440244f,-0.23546513938188318f,0.3781522204496357f,0.35197319248290737f,0f,0f,0f,1f],start_interpolation:0}
execute if entity @s[tag=aj.stage.bone.head] run data modify entity @s {} merge value {transformation:[-3.4450928483976665e-16f,-0.16103644875672518f,-0.9869484597342572f,-27.9375f,0f,0.9869484597342572f,-0.16103644875672518f,2.5375f,1f,-5.547855179431512e-17f,-3.4001290803675816e-16f,-0.06250000000000343f,0f,0f,0f,1f],start_interpolation:0}
execute if entity @s[tag=aj.stage.bone.outfit] run data modify entity @s {} merge value {transformation:[-3.4450928483976665e-16f,0f,-1f,-27.9375f,0f,1f,0f,1.1f,1f,0f,-3.4450928483976665e-16f,-0.06250000000000343f,0f,0f,0f,1f],start_interpolation:0}
execute if entity @s[tag=aj.stage.bone.chest] run data modify entity @s {} merge value {transformation:[-3.4450928483976665e-16f,0f,-1f,-27.94546875f,0f,1f,0f,1.7875f,1f,0f,-3.4450928483976665e-16f,-0.05156250000000272f,0f,0f,0f,1f],start_interpolation:0}
execute if entity @s[tag=aj.stage.bone.waist] run data modify entity @s {} merge value {transformation:[-3.4450928483976665e-16f,0f,-1f,-27.9375f,0f,1f,0f,2.6f,1f,0f,-3.4450928483976665e-16f,-0.06250000000000343f,0f,0f,0f,1f],start_interpolation:0}
execute if entity @s[tag=aj.stage.bone.right_leg] run data modify entity @s {} merge value {transformation:[-3.4450928483976665e-16f,0f,-1f,-28f,0f,1f,0f,1.7875f,1f,0f,-3.4450928483976665e-16f,-0.16875000000000273f,0f,0f,0f,1f],start_interpolation:0}
execute if entity @s[tag=aj.stage.bone.left_leg] run data modify entity @s {} merge value {transformation:[-3.4450928483976665e-16f,0f,-1f,-28f,0f,1f,0f,1.7875f,1f,0f,-3.4450928483976665e-16f,0.043749999999995834f,0f,0f,0f,1f],start_interpolation:0}
execute if entity @s[tag=aj.stage.bone.platform] run data modify entity @s {} merge value {transformation:[-2f,0f,2.4492935982947064e-16f,-28f,0f,2f,0f,2.1f,-2.4492935982947064e-16f,0f,-2f,-3.429011037612589e-15f,0f,0f,0f,1f],start_interpolation:0}