execute if entity @s[tag=aj.stage.bone.left_straight] run data modify entity @s {} merge value {transformation:[0.4845215266206731f,-0.49346300772113477f,-0.7223109789086578f,-27.59754083496618f,-0.3365790479251279f,0.6569795263810201f,-0.6746054005223978f,1.8565771282136474f,0.8074363347899244f,0.569975580114606f,0.152231413755609f,-0.34902933157997196f,0f,0f,0f,1f],start_interpolation:0}
execute if entity @s[tag=aj.stage.bone.left_bend] run data modify entity @s {} merge value {transformation:[0.4845215266206731f,-0.871084125107584f,-0.08032021679955187f,-27.814951372104574f,-0.3365790479251279f,-0.10088713382729314f,-0.9362351898566555f,1.947382677607117f,0.8074363347899244f,0.48066020556487554f,-0.34207065358978794f,-0.6199908425429808f,0f,0f,0f,1f],start_interpolation:0}
execute if entity @s[tag=aj.stage.bone.right_straight] run data modify entity @s {} merge value {transformation:[-0.492383202687571f,-0.4874685358119506f,-0.7210639418973074f,-27.607914139646823f,0.3320638103577025f,0.66057696869719f,-0.6733288158675192f,1.8639788997354416f,0.804544844966304f,-0.5709750388766438f,-0.1633863440375633f,0.20982501778592816f,0f,0f,0f,1f],start_interpolation:0}
execute if entity @s[tag=aj.stage.bone.microphone] run data modify entity @s {} merge value {transformation:[-0.492383202687571f,0.10429466389701056f,-0.8641072877795557f,-27.51197620722963f,0.3320638103577025f,0.9402115508603086f,-0.07573549682663515f,2.1360393851197346f,0.804544844966304f,-0.32422964502257207f,-0.49757685811006414f,0.566886264024302f,0f,0f,0f,1f],start_interpolation:0}
execute if entity @s[tag=aj.stage.bone.right_bend] run data modify entity @s {} merge value {transformation:[-0.492383202687571f,-0.8641072877795557f,-0.10429466389701075f,-27.886956061661593f,0.3320638103577025f,-0.07573549682663494f,-0.9402115508603086f,1.9889855050852336f,0.804544844966304f,-0.4975768581100642f,0.32422964502257196f,0.4011217192996705f,0f,0f,0f,1f],start_interpolation:0}
execute if entity @s[tag=aj.stage.bone.head] run data modify entity @s {} merge value {transformation:[-3.4450928483976665e-16f,-0.3214394653031616f,-0.9469301294951057f,-27.9375f,0f,0.9469301294951057f,-0.3214394653031616f,2.2125f,1f,-1.1073888031086918e-16f,-3.2622622170558647e-16f,-0.06250000000000343f,0f,0f,0f,1f],start_interpolation:0}
execute if entity @s[tag=aj.stage.bone.outfit] run data modify entity @s {} merge value {transformation:[-3.4450928483976665e-16f,0f,-1f,-27.9375f,0f,1f,0f,0.7749999999999999f,1f,0f,-3.4450928483976665e-16f,-0.06250000000000343f,0f,0f,0f,1f],start_interpolation:0}
execute if entity @s[tag=aj.stage.bone.chest] run data modify entity @s {} merge value {transformation:[-3.4450928483976665e-16f,0f,-1f,-27.94546875f,0f,1f,0f,1.4625f,1f,0f,-3.4450928483976665e-16f,-0.05156250000000272f,0f,0f,0f,1f],start_interpolation:0}
execute if entity @s[tag=aj.stage.bone.waist] run data modify entity @s {} merge value {transformation:[-3.4450928483976665e-16f,0f,-1f,-27.9375f,0f,1f,0f,2.275f,1f,0f,-3.4450928483976665e-16f,-0.06250000000000343f,0f,0f,0f,1f],start_interpolation:0}
execute if entity @s[tag=aj.stage.bone.right_leg] run data modify entity @s {} merge value {transformation:[-3.4450928483976665e-16f,0f,-1f,-28f,0f,1f,0f,1.4625f,1f,0f,-3.4450928483976665e-16f,-0.16875000000000273f,0f,0f,0f,1f],start_interpolation:0}
execute if entity @s[tag=aj.stage.bone.left_leg] run data modify entity @s {} merge value {transformation:[-3.4450928483976665e-16f,0f,-1f,-28f,0f,1f,0f,1.4625f,1f,0f,-3.4450928483976665e-16f,0.043749999999995834f,0f,0f,0f,1f],start_interpolation:0}
execute if entity @s[tag=aj.stage.bone.platform] run data modify entity @s {} merge value {transformation:[-2f,0f,2.4492935982947064e-16f,-28f,0f,2f,0f,1.775f,-2.4492935982947064e-16f,0f,-2f,-3.429011037612589e-15f,0f,0f,0f,1f],start_interpolation:0}