execute if entity @s[tag=aj.stage.bone.left_straight] run data modify entity @s {} merge value {transformation:[-0.9375587259590507f,-0.08202575991122538f,0.3380168784085019f,-27.91204491515521f,-0.08715574274765818f,0.9961946980917455f,0f,3.0018115019836387f,-0.33673062213607186f,-0.029460112098937848f,-0.941140047979562f,-0.06182475690496783f,0f,0f,0f,1f],start_interpolation:0}
execute if entity @s[tag=aj.stage.bone.left_bend] run data modify entity @s {} merge value {transformation:[-0.9375587259590507f,-0.08202575991122538f,0.3380168784085019f,-27.562097393639785f,-0.08715574274765818f,0.9961946980917455f,0f,3.0451769882155957f,-0.33673062213607186f,-0.029460112098937848f,-0.941140047979562f,0.005919590991298174f,0f,0f,0f,1f],start_interpolation:0}
execute if entity @s[tag=aj.stage.bone.right_straight] run data modify entity @s {} merge value {transformation:[-0.9375587259590507f,0.08202575991122538f,0.3380168784085019f,-27.978077037975513f,0.08715574274765818f,0.9961946980917455f,0f,3.003718033856244f,-0.33673062213607186f,0.029460112098937848f,-0.941140047979562f,-0.08554064496894032f,0f,0f,0f,1f],start_interpolation:0}
execute if entity @s[tag=aj.stage.bone.microphone] run data modify entity @s {} merge value {transformation:[-0.9375587259590507f,-0.3380168784085019f,0.08202575991122545f,-28.32590033919109f,0.08715574274765818f,2.2119965816619248e-16f,0.9961946980917455f,2.7254195311375633f,-0.33673062213607186f,0.941140047979562f,0.02946011209893764f,-0.1702538836476977f,0f,0f,0f,1f],start_interpolation:0}
execute if entity @s[tag=aj.stage.bone.right_bend] run data modify entity @s {} merge value {transformation:[-0.9375587259590507f,0.08202575991122538f,0.3380168784085019f,-28.25214122361749f,0.08715574274765818f,0.9961946980917455f,0f,3.1416833495932335f,-0.33673062213607186f,0.029460112098937848f,-0.941140047979562f,-0.275118775128527f,0f,0f,0f,1f],start_interpolation:0}
execute if entity @s[tag=aj.stage.bone.head] run data modify entity @s {} merge value {transformation:[-0.941140047979562f,0f,0.3380168784085019f,-27.9375f,0f,1f,0f,3.4375f,-0.3380168784085019f,0f,-0.941140047979562f,-0.06250000000000343f,0f,0f,0f,1f],start_interpolation:0}
execute if entity @s[tag=aj.stage.bone.outfit] run data modify entity @s {} merge value {transformation:[-0.941140047979562f,0f,0.3380168784085019f,-27.9375f,0f,1f,0f,2f,-0.3380168784085019f,0f,-0.941140047979562f,-0.06250000000000343f,0f,0f,0f,1f],start_interpolation:0}
execute if entity @s[tag=aj.stage.bone.chest] run data modify entity @s {} merge value {transformation:[-0.941140047979562f,0f,0.3380168784085019f,-27.94510014727496f,0f,1f,0f,2.6875f,-0.3380168784085019f,0f,-0.941140047979562f,-0.07369676936493379f,0f,0f,0f,1f],start_interpolation:0}
execute if entity @s[tag=aj.stage.bone.waist] run data modify entity @s {} merge value {transformation:[-0.941140047979562f,0f,0.3380168784085019f,-27.9375f,0f,1f,0f,3.5f,-0.3380168784085019f,0f,-0.941140047979562f,-0.06250000000000343f,0f,0f,0f,1f],start_interpolation:0}
execute if entity @s[tag=aj.stage.bone.right_leg] run data modify entity @s {} merge value {transformation:[-0.941140047979562f,0f,0.3380168784085019f,-27.81637781500164f,0f,1f,0f,2.6875f,-0.3380168784085019f,0f,-0.941140047979562f,-0.08540695966782297f,0f,0f,0f,1f],start_interpolation:0}
execute if entity @s[tag=aj.stage.bone.left_leg] run data modify entity @s {} merge value {transformation:[-0.941140047979562f,0f,0.3380168784085019f,-28.016370075197297f,0f,1f,0f,2.6875f,-0.3380168784085019f,0f,-0.941140047979562f,-0.15723554632962916f,0f,0f,0f,1f],start_interpolation:0}