execute if entity @s[tag=aj.stage.bone.left_bend] run data modify entity @s {} merge value {transformation:[-3.431983230007545e-16f,-0.3796833978549462f,-0.9251164885533728f,-28f,-0.08715574274765818f,0.921596141014123f,-0.3782385878965562f,3.0451769882155957f,0.9961946980917455f,0.0806292146879745f,-0.03309158854900276f,-0.43893340353037524f,0f,0f,0f,1f],start_interpolation:0}
execute if entity @s[tag=aj.stage.bone.right_straight] run data modify entity @s {} merge value {transformation:[0.4902127309846059f,-0.2387455530315974f,-0.8382672839185907f,-28.024923259904885f,0.24658021714713346f,0.9604518258952643f,-0.1293463824238057f,2.9715633588628534f,0.8359962170322823f,-0.1432928855250308f,0.5296956428607125f,-0.048509517300718175f,0f,0f,0f,1f],start_interpolation:0}
execute if entity @s[tag=aj.stage.bone.microphone] run data modify entity @s {} merge value {transformation:[0.4902127309846059f,-0.1401702565154545f,-0.8602579715230811f,-27.619039422684498f,0.24658021714713346f,0.9689666891119488f,-0.017371007544192373f,3.27402396197776f,0.8359962170322823f,-0.20360710837252108f,0.5095630191918301f,0.019463008580894336f,0f,0f,0f,1f],start_interpolation:0}
execute if entity @s[tag=aj.stage.bone.right_bend] run data modify entity @s {} merge value {transformation:[0.4902127309846059f,-0.8602579715230811f,0.1401702565154543f,-27.959794745685542f,0.24658021714713346f,-0.017371007544192157f,-0.9689666891119488f,3.147582261472136f,0.8359962170322823f,0.5095630191918301f,0.2036071083725212f,0.25948576869018297f,0f,0f,0f,1f],start_interpolation:0}