execute if entity @s[tag=aj.stage.bone.left_straight] run data modify entity @s {} merge value {transformation:[-0.37239458502395517f,-0.03258030454803692f,-0.9275024511020946f,-27.935850253075277f,-0.08715574274765818f,0.9961946980917455f,0f,3.0018115019836387f,0.9239730242550052f,0.08083716502607657f,-0.37381707184076896f,-0.08791054176473645f,0f,0f,0f,1f],start_interpolation:0}
execute if entity @s[tag=aj.stage.bone.left_bend] run data modify entity @s {} merge value {transformation:[-0.37239458502395517f,-0.03258030454803692f,-0.9275024511020946f,-27.854751670543102f,-0.08715574274765818f,0.9961946980917455f,0f,3.0451769882155957f,0.9239730242550052f,0.08083716502607657f,-0.37381707184076896f,-0.43500647144117527f,0f,0f,0f,1f],start_interpolation:0}
execute if entity @s[tag=aj.stage.bone.right_straight] run data modify entity @s {} merge value {transformation:[-0.37239458502395517f,0.03258030454803692f,-0.9275024511020946f,-27.962077948786565f,0.08715574274765818f,0.9961946980917455f,0f,3.003718033856244f,0.9239730242550052f,-0.08083716502607657f,-0.37381707184076896f,-0.022835257912153073f,0f,0f,0f,1f],start_interpolation:0}
execute if entity @s[tag=aj.stage.bone.microphone] run data modify entity @s {} merge value {transformation:[-0.37239458502395517f,0.9275024511020946f,0.03258030454803671f,-28.06005160656318f,0.08715574274765818f,2.2119965816619248e-16f,0.9961946980917455f,2.7254195311375633f,0.9239730242550052f,0.37381707184076896f,-0.08083716502607666f,0.32148805535289016f,0f,0f,0f,1f],start_interpolation:0}
execute if entity @s[tag=aj.stage.bone.right_bend] run data modify entity @s {} merge value {transformation:[-0.37239458502395517f,0.03258030454803692f,-0.9275024511020946f,-28.16201437043851f,0.08715574274765818f,0.9961946980917455f,0f,3.1416833495932335f,0.9239730242550052f,-0.08083716502607657f,-0.37381707184076896f,0.24376645360414706f,0f,0f,0f,1f],start_interpolation:0}
execute if entity @s[tag=aj.stage.bone.head] run data modify entity @s {} merge value {transformation:[-0.37381707184076896f,0f,-0.9275024511020946f,-27.9375f,0f,1f,0f,3.4375f,0.9275024511020946f,0f,-0.37381707184076896f,-0.06250000000000343f,0f,0f,0f,1f],start_interpolation:0}
execute if entity @s[tag=aj.stage.bone.outfit] run data modify entity @s {} merge value {transformation:[-0.37381707184076896f,0f,-0.9275024511020946f,-27.9375f,0f,1f,0f,2f,0.9275024511020946f,0f,-0.37381707184076896f,-0.06250000000000343f,0f,0f,0f,1f],start_interpolation:0}
execute if entity @s[tag=aj.stage.bone.chest] run data modify entity @s {} merge value {transformation:[-0.37381707184076896f,0f,-0.9275024511020946f,-27.948979659380477f,0f,1f,0f,2.6875f,0.9275024511020946f,0f,-0.37381707184076896f,-0.055334296732304736f,0f,0f,0f,1f],start_interpolation:0}
execute if entity @s[tag=aj.stage.bone.waist] run data modify entity @s {} merge value {transformation:[-0.37381707184076896f,0f,-0.9275024511020946f,-27.9375f,0f,1f,0f,3.5f,0.9275024511020946f,0f,-0.37381707184076896f,-0.06250000000000343f,0f,0f,0f,1f],start_interpolation:0}
execute if entity @s[tag=aj.stage.bone.right_leg] run data modify entity @s {} merge value {transformation:[-0.37381707184076896f,0f,-0.9275024511020946f,-27.9557508393108f,0f,1f,0f,2.6875f,0.9275024511020946f,0f,-0.37381707184076896f,-0.18441070241964838f,0f,0f,0f,1f],start_interpolation:0}
execute if entity @s[tag=aj.stage.bone.left_leg] run data modify entity @s {} merge value {transformation:[-0.37381707184076896f,0f,-0.9275024511020946f,-28.035186967076964f,0f,1f,0f,2.6875f,0.9275024511020946f,0f,-0.37381707184076896f,0.012683568439545406f,0f,0f,0f,1f],start_interpolation:0}