execute if entity @s[tag=aj.stage.bone.right_straight] run data modify entity @s {} merge value {transformation:[0.14813706359142034f,-0.07954772719504591f,-0.9857624305524196f,-27.964722264647378f,0.14307346965717885f,0.9879977426214855f,-0.058227509435877386f,2.99145945448782f,0.9785629221827116f,-0.1324107989287559f,0.15774025376003667f,-0.02440642122520459f,0f,0f,0f,1f],start_interpolation:0}
execute if entity @s[tag=aj.stage.bone.microphone] run data modify entity @s {} merge value {transformation:[0.14813706359142034f,0.6226240485788836f,-0.7683714625893854f,-27.61116730168762f,0.14307346965717885f,0.7552778919002135f,0.6395977550672184f,2.9680435277438506f,0.9785629221827116f,-0.20468170445354678f,0.02280366617943504f,0.26310764401845427f,0f,0f,0f,1f],start_interpolation:0}
execute if entity @s[tag=aj.stage.bone.right_bend] run data modify entity @s {} merge value {transformation:[0.14813706359142034f,-0.7683714625893853f,-0.6226240485788839f,-28.008680864328642f,0.14307346965717885f,0.6395977550672186f,-0.7552778919002134f,3.1421435181635284f,0.9785629221827116f,0.022803666179434995f,0.20468170445354678f,0.30032027632374886f,0f,0f,0f,1f],start_interpolation:0}