execute if entity @s[tag=aj.stage.bone.left_bend] run data modify entity @s {} merge value {transformation:[-3.431983230007545e-16f,-0.9945112662438611f,-0.10462954321811865f,-28f,-0.08715574274765818f,0.10423139621765098f,-0.9907268506246428f,3.0451769882155957f,0.9961946980917455f,0.009119065552522992f,-0.08667736808039779f,-0.43893340353037524f,0f,0f,0f,1f],start_interpolation:0}
execute if entity @s[tag=aj.stage.bone.right_straight] run data modify entity @s {} merge value {transformation:[0.6116749803444096f,-0.26995669940277833f,-0.7436242995412563f,-28.058414095792937f,0.2630139430286226f,0.9559015406676337f,-0.13067482665678487f,2.9679296867182066f,0.7461081585086726f,-0.11565303712744537f,0.655703432055983f,-0.05770694685030972f,0f,0f,0f,1f],start_interpolation:0}
execute if entity @s[tag=aj.stage.bone.microphone] run data modify entity @s {} merge value {transformation:[0.6116749803444096f,-0.31070432077454674f,-0.7275414376327259f,-27.68420727684308f,0.2630139430286226f,0.9472028371691714f,-0.1833860709847094f,3.341852031228272f,0.7461081585086726f,-0.07918087086348538f,0.6610998453305654f,-0.05350479315148371f,0f,0f,0f,1f],start_interpolation:0}
execute if entity @s[tag=aj.stage.bone.right_bend] run data modify entity @s {} merge value {transformation:[0.6116749803444096f,-0.727541437632726f,0.31070432077454657f,-27.948156552339267f,0.2630139430286226f,-0.1833860709847092f,-0.9472028371691714f,3.14880629566879f,0.7461081585086726f,0.6610998453305654f,0.07918087086348553f,0.23420468374859532f,0f,0f,0f,1f],start_interpolation:0}
execute if entity @s[tag=aj.stage.bone.head] run data modify entity @s {} merge value {transformation:[-3.41561960149953e-16f,-4.4967485134587975e-17f,-1f,-27.9375f,-0.13052619222005185f,0.9914448613738104f,0f,3.4375f,0.9914448613738104f,0.13052619222005185f,-3.4450928483976665e-16f,-0.06250000000000343f,0f,0f,0f,1f],start_interpolation:0}