execute if entity @s[tag=aj.stage.bone.left_bend] run data modify entity @s {} merge value {transformation:[-3.431983230007545e-16f,-0.48800731678834314f,-0.8728395378080909f,-28f,-0.08715574274765818f,0.8695181198492699f,-0.4861503016145263f,3.0451769882155957f,0.9961946980917455f,0.07607297821718667f,-0.042532640160980066f,-0.43893340353037524f,0f,0f,0f,1f],start_interpolation:0}
execute if entity @s[tag=aj.stage.bone.right_straight] run data modify entity @s {} merge value {transformation:[0.5256980347051747f,-0.25120793020918014f,-0.8127337522873874f,-28.033296416789838f,0.25372097591435727f,0.9582197653987519f,-0.1320626653533356f,2.9701998708315362f,0.8119527342697868f,-0.13678251715471776f,0.5674709686958763f,-0.05137669232295833f,0f,0f,0f,1f],start_interpolation:0}
execute if entity @s[tag=aj.stage.bone.microphone] run data modify entity @s {} merge value {transformation:[0.5256980347051747f,-0.1990617326076067f,-0.827052599849837f,-27.636010230700016f,0.25372097591435727f,0.964674529054493f,-0.07091346398645783f,3.29637335373039f,0.8119527342697868f,-0.17256152411459003f,0.5576336411184917f,-0.003633299484397723f,0f,0f,0f,1f],start_interpolation:0}
execute if entity @s[tag=aj.stage.bone.right_bend] run data modify entity @s {} merge value {transformation:[0.5256980347051747f,-0.827052599849837f,0.1990617326076065f,-27.955530724169552f,0.25372097591435727f,-0.07091346398645762f,-0.964674529054493f,3.148118169456181f,0.8119527342697868f,0.5576336411184917f,0.17256152411459014f,0.25256910827085044f,0f,0f,0f,1f],start_interpolation:0}