execute if entity @s[tag=aj.stage.bone.left_bend] run data modify entity @s {} merge value {transformation:[-3.431983230007545e-16f,-0.9897406380782262f,0.14287571289937898f,-28f,-0.08715574274765818f,-0.14233202767643974f,-0.9859743761394701f,3.0451769882155957f,0.9961946980917455f,-0.012452438878346881f,-0.08626158043924889f,-0.43893340353037524f,0f,0f,0f,1f],start_interpolation:0}
execute if entity @s[tag=aj.stage.bone.right_straight] run data modify entity @s {} merge value {transformation:[0.6590017380687881f,-0.25069742316530336f,-0.709131519000949f,-28.083508936328943f,0.250050139975044f,0.9622136522161756f,-0.10779524566171564f,2.9685506070457786f,0.7093600191163704f,-0.10628118134028024f,0.696787394957843f,-0.05705009752395035f,0f,0f,0f,1f],start_interpolation:0}
execute if entity @s[tag=aj.stage.bone.microphone] run data modify entity @s {} merge value {transformation:[0.6590017380687881f,-0.31828154595542607f,-0.6814789554539012f,-27.70877551620013f,0.250050139975044f,0.9472258038195205f,-0.20059462624139313f,3.3480328923904166f,0.7093600191163704f,-0.03821170086095776f,0.7038097961782964f,-0.07321195248739426f,0f,0f,0f,1f],start_interpolation:0}
execute if entity @s[tag=aj.stage.bone.right_bend] run data modify entity @s {} merge value {transformation:[0.6590017380687881f,-0.6814789554539014f,0.3182815459554259f,-27.95243513915093f,0.250050139975044f,-0.2005946262413929f,-0.9472258038195205f,3.147765726550448f,0.7093600191163704f,0.7038097961782964f,0.03821170086095792f,0.22718057335285052f,0f,0f,0f,1f],start_interpolation:0}
execute if entity @s[tag=aj.stage.bone.head] run data modify entity @s {} merge value {transformation:[-3.444707956679782e-16f,0.00474543113067608f,-0.9999887403783024f,-27.9375f,0.014947607482851512f,0.9998770199106441f,0.004744900962921427f,3.4375f,0.9998882782743973f,-0.01494743917844597f,-0.0000709328418785947f,-0.06250000000000343f,0f,0f,0f,1f],start_interpolation:0}