execute if entity @s[tag=aj.stage.bone.left_straight] run data modify entity @s {} merge value {transformation:[0.4157514250919783f,-0.4634551521127191f,-0.7825343919050239f,-27.63027671641044f,-0.3102170772093814f,0.7365571318304684f,-0.601039895978081f,2.081079448670545f,0.8549363236765986f,0.4926387251626188f,0.16245297451414037f,-0.3027710424629483f,0f,0f,0f,1f],start_interpolation:0}
execute if entity @s[tag=aj.stage.bone.left_bend] run data modify entity @s {} merge value {transformation:[0.4157514250919783f,-0.8779905604249914f,-0.23724107641510728f,-27.826204317957732f,-0.3102170772093814f,0.10831008537657799f,-0.9444756695719518f,2.167541075563574f,0.8549363236765986f,0.46626333890874155f,-0.22733759312532154f,-0.5909895219359855f,0f,0f,0f,1f],start_interpolation:0}
execute if entity @s[tag=aj.stage.bone.right_straight] run data modify entity @s {} merge value {transformation:[-0.3361374049413736f,-0.517122057436846f,-0.7871444738493452f,-27.644820500571573f,0.3507009404599848f,0.706945703534907f,-0.6141959154976672f,2.086583754150367f,0.8740826593405003f,-0.4825065284178223f,-0.05627570234497322f,0.13204476844911112f,0f,0f,0f,1f],start_interpolation:0}
execute if entity @s[tag=aj.stage.bone.microphone] run data modify entity @s {} merge value {transformation:[-0.3361374049413736f,-0.004548018545826913f,-0.9418019752190936f,-27.487181838052106f,0.3507009404599848f,0.9274699407132363f,-0.129647057173961f,2.395886040042185f,0.8740826593405003f,-0.37387006379314847f,-0.31016234465122605f,0.4465352178952153f,0f,0f,0f,1f],start_interpolation:0}
execute if entity @s[tag=aj.stage.bone.right_bend] run data modify entity @s {} merge value {transformation:[-0.3361374049413736f,-0.9418019752190936f,0.004548018545826704f,-27.88077369258317f,0.3507009404599848f,-0.1296470571739608f,-0.9274699407132363f,2.2279371038450515f,0.8740826593405003f,-0.3101623446512261f,0.3738700637931484f,0.36534885187339167f,0f,0f,0f,1f],start_interpolation:0}
execute if entity @s[tag=aj.stage.bone.head] run data modify entity @s {} merge value {transformation:[-3.4450928483976665e-16f,-0.19674812487109458f,-0.9804540659101313f,-27.9375f,0f,0.9804540659101313f,-0.19674812487109458f,2.4625f,1f,-6.77815557929059e-17f,-3.377755290649408e-16f,-0.06250000000000343f,0f,0f,0f,1f],start_interpolation:0}
execute if entity @s[tag=aj.stage.bone.outfit] run data modify entity @s {} merge value {transformation:[-3.4450928483976665e-16f,0f,-1f,-27.9375f,0f,1f,0f,1.025f,1f,0f,-3.4450928483976665e-16f,-0.06250000000000343f,0f,0f,0f,1f],start_interpolation:0}
execute if entity @s[tag=aj.stage.bone.chest] run data modify entity @s {} merge value {transformation:[-3.4450928483976665e-16f,0f,-1f,-27.94546875f,0f,1f,0f,1.7125f,1f,0f,-3.4450928483976665e-16f,-0.05156250000000272f,0f,0f,0f,1f],start_interpolation:0}
execute if entity @s[tag=aj.stage.bone.waist] run data modify entity @s {} merge value {transformation:[-3.4450928483976665e-16f,0f,-1f,-27.9375f,0f,1f,0f,2.525f,1f,0f,-3.4450928483976665e-16f,-0.06250000000000343f,0f,0f,0f,1f],start_interpolation:0}
execute if entity @s[tag=aj.stage.bone.right_leg] run data modify entity @s {} merge value {transformation:[-3.4450928483976665e-16f,0f,-1f,-28f,0f,1f,0f,1.7125f,1f,0f,-3.4450928483976665e-16f,-0.16875000000000273f,0f,0f,0f,1f],start_interpolation:0}
execute if entity @s[tag=aj.stage.bone.left_leg] run data modify entity @s {} merge value {transformation:[-3.4450928483976665e-16f,0f,-1f,-28f,0f,1f,0f,1.7125f,1f,0f,-3.4450928483976665e-16f,0.043749999999995834f,0f,0f,0f,1f],start_interpolation:0}
execute if entity @s[tag=aj.stage.bone.platform] run data modify entity @s {} merge value {transformation:[-2f,0f,2.4492935982947064e-16f,-28f,0f,2f,0f,2.025f,-2.4492935982947064e-16f,0f,-2f,-3.429011037612589e-15f,0f,0f,0f,1f],start_interpolation:0}