execute if entity @s[tag=aj.stage.bone.left_bend] run data modify entity @s {} merge value {transformation:[-3.431983230007545e-16f,-0.3267856341508682f,-0.9450984865677307f,-28f,-0.08715574274765818f,0.941502101493306f,-0.3255421161536437f,3.0451769882155957f,0.9961946980917455f,0.0823707605664981f,-0.028481244663683732f,-0.43893340353037524f,0f,0f,0f,1f],start_interpolation:0}
execute if entity @s[tag=aj.stage.bone.right_straight] run data modify entity @s {} merge value {transformation:[0.47030265829271595f,-0.23127967135363234f,-0.8516602158263358f,-28.020459634669233f,0.24217079360728416f,0.9618243026237103f,-0.12746496619083833f,2.9723964394234823f,0.8486275486492428f,-0.14630011791167222f,0.5083577078914095f,-0.046920972852509346f,0f,0f,0f,1f],start_interpolation:0}
execute if entity @s[tag=aj.stage.bone.microphone] run data modify entity @s {} merge value {transformation:[0.47030265829271595f,-0.1059442892388651f,-0.8761228322447012f,-27.610628895185457f,0.24217079360728416f,0.9701507382074435f,0.01268273941902135f,3.261306495778911f,0.8486275486492428f,-0.2181360876453603f,0.4819210837267369f,0.03281357765754053f,0f,0f,0f,1f],start_interpolation:0}
execute if entity @s[tag=aj.stage.bone.right_bend] run data modify entity @s {} merge value {transformation:[0.47030265829271595f,-0.8761228322447012f,0.10594428923886491f,-27.962289723149343f,0.24217079360728416f,0.012682739419021566f,-0.9701507382074435f,3.1472593356393173f,0.8486275486492428f,0.48192108372673687f,0.2181360876453604f,0.263118867415787f,0f,0f,0f,1f],start_interpolation:0}