execute if entity @s[tag=aj.stage.bone.right_straight] run data modify entity @s {} merge value {transformation:[0.08066418010101012f,-0.043575987755319776f,-0.9957883426410353f,-27.955658769125037f,0.11805474371737856f,0.9924294311983992f,-0.033865935348752985f,2.9967402528041673f,0.9897254000653191f,-0.1148257696789796f,0.08519785844241662f,-0.020614860766475285f,0f,0f,0f,1f],start_interpolation:0}
execute if entity @s[tag=aj.stage.bone.microphone] run data modify entity @s {} merge value {transformation:[0.08066418010101012f,0.8499918202459739f,-0.5205835144946177f,-27.69669890116083f,0.11805474371737856f,0.5104618615765343f,0.851758043907801f,2.84876126232279f,0.9897254000653191f,-0.13016371764341728f,-0.05916957896410009f,0.3097351902141894f,0f,0f,0f,1f],start_interpolation:0}
execute if entity @s[tag=aj.stage.bone.right_bend] run data modify entity @s {} merge value {transformation:[0.08066418010101012f,-0.5205835144946175f,-0.849991820245974f,-28.018998814113083f,0.11805474371737856f,0.8517580439078011f,-0.5104618615765341f,3.141672253968297f,0.9897254000653191f,-0.05916957896410012f,0.13016371764341728f,0.30352743417863814f,0f,0f,0f,1f],start_interpolation:0}