execute if entity @s[tag=aj.stage.bone.left_straight] run data modify entity @s {} merge value {transformation:[0.48834298575667817f,-0.2847323876014737f,-0.8248930813826826f,-27.671474596199708f,-0.3379022290300249f,0.8098333513385824f,-0.47957483949458896f,1.2112416949634013f,0.8045764176750356f,0.5129302199232214f,0.2992647283104413f,-0.33595654179181567f,0f,0f,0f,1f],start_interpolation:0}
execute if entity @s[tag=aj.stage.bone.left_bend] run data modify entity @s {} merge value {transformation:[0.48834298575667817f,-0.7084684549155073f,-0.5095032646135712f,-27.89322535464945f,-0.3379022290300249f,0.38479350596162376f,-0.8589272619880582f,1.3150624932480315f,0.8045764176750356f,0.5916133924780572f,-0.05148186051232803f,-0.5985988324712115f,0f,0f,0f,1f],start_interpolation:0}
execute if entity @s[tag=aj.stage.bone.right_straight] run data modify entity @s {} merge value {transformation:[-0.5008586552633224f,-0.2760196882245404f,-0.8203375763429613f,-27.681616316148215f,0.3306622199655712f,0.8148751864209228f,-0.4760681955801148f,1.2188979389698291f,0.7998769303682014f,-0.5096975203666325f,-0.3168680072157012f,0.22382795677238138f,0f,0f,0f,1f],start_interpolation:0}
execute if entity @s[tag=aj.stage.bone.microphone] run data modify entity @s {} merge value {transformation:[-0.5008586552633224f,0.5364587257212603f,-0.6792294480110077f,-27.597653544634756f,0.3306622199655712f,0.8438277009091716f,0.4226314085178501f,1.3042393450381944f,0.7998769303682014f,-0.012916918203015071f,-0.6000250407182022f,0.6541557846901302f,0f,0f,0f,1f],start_interpolation:0}
execute if entity @s[tag=aj.stage.bone.right_bend] run data modify entity @s {} merge value {transformation:[-0.5008586552633224f,-0.6792294480110076f,-0.5364587257212604f,-27.94886757347327f,0.3306622199655712f,0.42263140851785025f,-0.8438277009091715f,1.3772357076648023f,0.7998769303682014f,-0.6000250407182022f,0.012916918203014938f,0.4071074976264755f,0f,0f,0f,1f],start_interpolation:0}
execute if entity @s[tag=aj.stage.bone.head] run data modify entity @s {} merge value {transformation:[-3.4450928483976665e-16f,-0.5624396165403018f,-0.826838362526799f,-27.9375f,0f,0.826838362526799f,-0.5624396165403018f,1.6375f,1f,-1.9376567005985197e-16f,-2.8485349295219124e-16f,-0.06250000000000343f,0f,0f,0f,1f],start_interpolation:0}
execute if entity @s[tag=aj.stage.bone.outfit] run data modify entity @s {} merge value {transformation:[-3.4450928483976665e-16f,0f,-1f,-27.9375f,0f,1f,0f,0.19999999999999996f,1f,0f,-3.4450928483976665e-16f,-0.06250000000000343f,0f,0f,0f,1f],start_interpolation:0}
execute if entity @s[tag=aj.stage.bone.chest] run data modify entity @s {} merge value {transformation:[-3.4450928483976665e-16f,0f,-1f,-27.94546875f,0f,1f,0f,0.8875f,1f,0f,-3.4450928483976665e-16f,-0.05156250000000272f,0f,0f,0f,1f],start_interpolation:0}
execute if entity @s[tag=aj.stage.bone.waist] run data modify entity @s {} merge value {transformation:[-3.4450928483976665e-16f,0f,-1f,-27.9375f,0f,1f,0f,1.7f,1f,0f,-3.4450928483976665e-16f,-0.06250000000000343f,0f,0f,0f,1f],start_interpolation:0}
execute if entity @s[tag=aj.stage.bone.right_leg] run data modify entity @s {} merge value {transformation:[-3.4450928483976665e-16f,0f,-1f,-28f,0f,1f,0f,0.8875f,1f,0f,-3.4450928483976665e-16f,-0.16875000000000273f,0f,0f,0f,1f],start_interpolation:0}
execute if entity @s[tag=aj.stage.bone.left_leg] run data modify entity @s {} merge value {transformation:[-3.4450928483976665e-16f,0f,-1f,-28f,0f,1f,0f,0.8875f,1f,0f,-3.4450928483976665e-16f,0.043749999999995834f,0f,0f,0f,1f],start_interpolation:0}
execute if entity @s[tag=aj.stage.bone.platform] run data modify entity @s {} merge value {transformation:[-2f,0f,2.4492935982947064e-16f,-28f,0f,2f,0f,1.2f,-2.4492935982947064e-16f,0f,-2f,-3.429011037612589e-15f,0f,0f,0f,1f],start_interpolation:0}