execute if entity @s[tag=aj.stage.bone.left_straight] run data modify entity @s {} merge value {transformation:[-0.9605842197868519f,-0.08404022959324413f,-0.26498150219666233f,-27.91629105877188f,-0.08715574274765818f,0.9961946980917455f,0f,3.0018115019836387f,0.2639731675807012f,0.02309465963834032f,-0.9642534954531408f,-0.07659248415557504f,0f,0f,0f,1f],start_interpolation:0}
execute if entity @s[tag=aj.stage.bone.left_bend] run data modify entity @s {} merge value {transformation:[-0.9605842197868519f,-0.08404022959324413f,-0.26498150219666233f,-27.591084118727807f,-0.08715574274765818f,0.9961946980917455f,0f,3.0451769882155957f,0.2639731675807012f,0.02309465963834032f,-0.9642534954531408f,-0.22251373221030502f,0f,0f,0f,1f],start_interpolation:0}
execute if entity @s[tag=aj.stage.bone.right_straight] run data modify entity @s {} merge value {transformation:[-0.9605842197868519f,0.08404022959324413f,-0.26498150219666233f,-27.983944863727217f,0.08715574274765818f,0.9961946980917455f,0f,3.003718033856244f,0.2639731675807012f,-0.02309465963834032f,-0.9642534954531408f,-0.05800089288738803f,0f,0f,0f,1f],start_interpolation:0}
execute if entity @s[tag=aj.stage.bone.microphone] run data modify entity @s {} merge value {transformation:[-0.9605842197868519f,0.26498150219666233f,0.08404022959324407f,-28.31717686112969f,0.08715574274765818f,2.2119965816619248e-16f,0.9961946980917455f,2.7254195311375633f,0.2639731675807012f,0.9642534954531408f,-0.023094659638340537f,0.07281889759978155f,0f,0f,0f,1f],start_interpolation:0}
execute if entity @s[tag=aj.stage.bone.right_bend] run data modify entity @s {} merge value {transformation:[-0.9605842197868519f,0.08404022959324413f,-0.26498150219666233f,-28.317177843748574f,0.08715574274765818f,0.9961946980917455f,0f,3.1416833495932335f,0.2639731675807012f,-0.02309465963834032f,-0.9642534954531408f,-0.0553881716067193f,0f,0f,0f,1f],start_interpolation:0}
execute if entity @s[tag=aj.stage.bone.head] run data modify entity @s {} merge value {transformation:[-0.9642534954531408f,0f,-0.26498150219666233f,-27.9375f,0f,1f,0f,3.4375f,0.26498150219666233f,0f,-0.9642534954531408f,-0.06250000000000343f,0f,0f,0f,1f],start_interpolation:0}
execute if entity @s[tag=aj.stage.bone.outfit] run data modify entity @s {} merge value {transformation:[-0.9642534954531408f,0f,-0.26498150219666233f,-27.9375f,0f,1f,0f,2f,0.26498150219666233f,0f,-0.9642534954531408f,-0.06250000000000343f,0f,0f,0f,1f],start_interpolation:0}
execute if entity @s[tag=aj.stage.bone.chest] run data modify entity @s {} merge value {transformation:[-0.9642534954531408f,0f,-0.26498150219666233f,-27.950158093952147f,0f,1f,0f,2.6875f,0.26498150219666233f,0f,-0.9642534954531408f,-0.06728565986161945f,0f,0f,0f,1f],start_interpolation:0}
execute if entity @s[tag=aj.stage.bone.waist] run data modify entity @s {} merge value {transformation:[-0.9642534954531408f,0f,-0.26498150219666233f,-27.9375f,0f,1f,0f,3.5f,0.26498150219666233f,0f,-0.9642534954531408f,-0.06250000000000343f,0f,0f,0f,1f],start_interpolation:0}
execute if entity @s[tag=aj.stage.bone.right_leg] run data modify entity @s {} merge value {transformation:[-0.9642534954531408f,0f,-0.26498150219666233f,-27.851609409995397f,0f,1f,0f,2.6875f,0.26498150219666233f,0f,-0.9642534954531408f,-0.1509201280742199f,0f,0f,0f,1f],start_interpolation:0}
execute if entity @s[tag=aj.stage.bone.left_leg] run data modify entity @s {} merge value {transformation:[-0.9642534954531408f,0f,-0.26498150219666233f,-28.056513277779185f,0f,1f,0f,2.6875f,0.26498150219666233f,0f,-0.9642534954531408f,-0.09461155885742954f,0f,0f,0f,1f],start_interpolation:0}