execute if entity @s[tag=aj.stage.bone.left_straight] run data modify entity @s {} merge value {transformation:[-0.7437123612131499f,-0.06506640053024773f,-0.6653257001655647f,-27.9247463921564f,-0.08715574274765818f,0.9961946980917455f,0f,3.0018115019836387f,0.662793935009114f,0.057986955567035516f,-0.7465532216119634f,-0.08454002687531731f,0f,0f,0f,1f],start_interpolation:0}
execute if entity @s[tag=aj.stage.bone.left_bend] run data modify entity @s {} merge value {transformation:[-0.7437123612131499f,-0.06506640053024773f,-0.6653257001655647f,-27.69805528613239f,-0.08715574274765818f,0.9961946980917455f,0f,3.0451769882155957f,0.662793935009114f,0.057986955567035516f,-0.7465532216119634f,-0.3596103941203023f,0f,0f,0f,1f],start_interpolation:0}
execute if entity @s[tag=aj.stage.bone.right_straight] run data modify entity @s {} merge value {transformation:[-0.7437123612131499f,0.06506640053024773f,-0.6653257001655647f,-27.977125944091526f,0.08715574274765818f,0.9961946980917455f,0f,3.003718033856244f,0.662793935009114f,-0.057986955567035516f,-0.7465532216119634f,-0.03785954776580493f,0f,0f,0f,1f],start_interpolation:0}
execute if entity @s[tag=aj.stage.bone.microphone] run data modify entity @s {} merge value {transformation:[-0.7437123612131499f,0.6653257001655647f,0.06506640053024758f,-28.2177096464162f,0.08715574274765818f,2.2119965816619248e-16f,0.9961946980917455f,2.7254195311375633f,0.662793935009114f,0.7465532216119634f,-0.05798695556703568f,0.22723829049716485f,0f,0f,0f,1f],start_interpolation:0}
execute if entity @s[tag=aj.stage.bone.right_bend] run data modify entity @s {} merge value {transformation:[-0.7437123612131499f,0.06506640053024773f,-0.6653257001655647f,-28.27459854696711f,0.08715574274765818f,0.9961946980917455f,0f,3.1416833495932335f,0.662793935009114f,-0.057986955567035516f,-0.7465532216119634f,0.11234396692286963f,0f,0f,0f,1f],start_interpolation:0}
execute if entity @s[tag=aj.stage.bone.head] run data modify entity @s {} merge value {transformation:[-0.7465532216119634f,0f,-0.6653257001655647f,-27.9375f,0f,1f,0f,3.4375f,0.6653257001655647f,0f,-0.7465532216119634f,-0.06250000000000343f,0f,0f,0f,1f],start_interpolation:0}
execute if entity @s[tag=aj.stage.bone.outfit] run data modify entity @s {} merge value {transformation:[-0.7465532216119634f,0f,-0.6653257001655647f,-27.9375f,0f,1f,0f,2f,0.6653257001655647f,0f,-0.7465532216119634f,-0.06250000000000343f,0f,0f,0f,1f],start_interpolation:0}
execute if entity @s[tag=aj.stage.bone.chest] run data modify entity @s {} merge value {transformation:[-0.7465532216119634f,0f,-0.6653257001655647f,-27.950967240034576f,0f,1f,0f,2.6875f,0.6653257001655647f,0f,-0.7465532216119634f,-0.06117209613916242f,0f,0f,0f,1f],start_interpolation:0}
execute if entity @s[tag=aj.stage.bone.waist] run data modify entity @s {} merge value {transformation:[-0.7465532216119634f,0f,-0.6653257001655647f,-27.9375f,0f,1f,0f,3.5f,0.6653257001655647f,0f,-0.7465532216119634f,-0.06250000000000343f,0f,0f,0f,1f],start_interpolation:0}
execute if entity @s[tag=aj.stage.bone.right_leg] run data modify entity @s {} merge value {transformation:[-0.7465532216119634f,0f,-0.6653257001655647f,-27.899761576464076f,0f,1f,0f,2.6875f,0.6653257001655647f,0f,-0.7465532216119634f,-0.17985043199334189f,0f,0f,0f,1f],start_interpolation:0}
execute if entity @s[tag=aj.stage.bone.left_leg] run data modify entity @s {} merge value {transformation:[-0.7465532216119634f,0f,-0.6653257001655647f,-28.05840413605662f,0f,1f,0f,2.6875f,0.6653257001655647f,0f,-0.7465532216119634f,-0.03846872070816037f,0f,0f,0f,1f],start_interpolation:0}