execute if entity @s[tag=aj.stage.bone.right_straight] run data modify entity @s {} merge value {transformation:[0.6453168249003154f,-0.24135016269609896f,-0.7247870683636279f,-28.081722772920692f,0.24532726754501855f,0.9639980634875739f,-0.10257809410932878f,2.9691464808631385f,0.7234505700457154f,-0.11161466103865561f,0.6812939454756335f,-0.05531943193454261f,0f,0f,0f,1f],start_interpolation:0}
execute if entity @s[tag=aj.stage.bone.microphone] run data modify entity @s {} merge value {transformation:[0.6453168249003154f,-0.29633246125293633f,-0.7040974846627083f,-27.69967124340635f,0.24532726754501855f,0.9532650329946306f,-0.17635279603295442f,3.3383333738059773f,0.7234505700457154f,-0.05893088559934375f,0.6878563973846624f,-0.0646371267608547f,0f,0f,0f,1f],start_interpolation:0}
execute if entity @s[tag=aj.stage.bone.right_bend] run data modify entity @s {} merge value {transformation:[0.6453168249003154f,-0.7040974846627084f,0.29633246125293616f,-27.955524081886512f,0.24532726754501855f,-0.1763527960329542f,-0.9532650329946306f,3.147432473151602f,0.7234505700457154f,0.6878563973846624f,0.0589308855993439f,0.23168835361802526f,0f,0f,0f,1f],start_interpolation:0}
execute if entity @s[tag=aj.stage.bone.head] run data modify entity @s {} merge value {transformation:[-3.4438453584884013e-16f,0.0380985448041901f,-0.9992739868943868f,-27.9375f,0.020235157427287532f,0.9990693837871526f,0.03809074406009961f,3.4375f,0.9997952482403049f,-0.02022046643780116f,-0.0007709300518636981f,-0.06250000000000343f,0f,0f,0f,1f],start_interpolation:0}