execute if entity @s[tag=aj.stage.bone.left_straight] run data modify entity @s {} merge value {transformation:[0.15924483409625723f,-0.20147005746628563f,-0.9664630871162059f,-27.81274576041899f,-0.18115936440961547f,0.9563689164082567f,-0.22921557629184153f,2.57140149472243f,0.9704753307015895f,0.21158523500619897f,0.11579862187008916f,-0.15033845330553813f,0f,0f,0f,1f],start_interpolation:0}
execute if entity @s[tag=aj.stage.bone.left_bend] run data modify entity @s {} merge value {transformation:[0.15924483409625723f,-0.47297504415802605f,-0.8665654565105678f,-27.924448728450145f,-0.18115936440961547f,0.848861904918484f,-0.4966032129022796f,2.635111656346904f,0.9704753307015895f,0.23606794357107455f,0.049493014838099085f,-0.48559446312732807f,0f,0f,0f,1f],start_interpolation:0}
execute if entity @s[tag=aj.stage.bone.right_straight] run data modify entity @s {} merge value {transformation:[0.25456475196347583f,-0.4044779803706711f,-0.8784044344452259f,-27.880086622303367f,0.3289601536055654f,0.8903793649893278f,-0.3146582332325093f,2.556404651725744f,0.9093855092300388f,-0.20885916258681206f,0.3597163407547102f,-0.03842628300673445f,0f,0f,0f,1f],start_interpolation:0}
execute if entity @s[tag=aj.stage.bone.microphone] run data modify entity @s {} merge value {transformation:[0.25456475196347583f,-0.22380930153856654f,-0.9408008203666667f,-27.550326844272178f,0.3289601536055654f,0.9348757476782928f,-0.1333887316933323f,2.9067603122311616f,0.9093855092300388f,-0.2755299129818249f,0.31161075503687474f,0.10582137727606741f,0f,0f,0f,1f],start_interpolation:0}
execute if entity @s[tag=aj.stage.bone.right_bend] run data modify entity @s {} merge value {transformation:[0.25456475196347583f,-0.9408008203666667f,0.22380930153856632f,-27.914954700285822f,0.3289601536055654f,-0.1333887316933321f,-0.9348757476782928f,2.7362801693238277f,0.9093855092300388f,0.3116107550368747f,0.27552991298182494f,0.27224152823131964f,0f,0f,0f,1f],start_interpolation:0}
execute if entity @s[tag=aj.stage.bone.head] run data modify entity @s {} merge value {transformation:[-3.445092845765876e-16f,0.0051092993877695425f,-0.9999869474446985f,-27.9375f,0.00003908770635488719f,0.999986946680784f,0.005109299383866423f,3.0125f,0.9999999992360756f,-0.00003908719616043662f,-1.9971079449284557e-7f,-0.06250000000000343f,0f,0f,0f,1f],start_interpolation:0}
execute if entity @s[tag=aj.stage.bone.outfit] run data modify entity @s {} merge value {transformation:[-3.4450928483976665e-16f,0f,-1f,-27.9375f,0f,1f,0f,1.5750000000000002f,1f,0f,-3.4450928483976665e-16f,-0.06250000000000343f,0f,0f,0f,1f],start_interpolation:0}
execute if entity @s[tag=aj.stage.bone.chest] run data modify entity @s {} merge value {transformation:[-3.4450928483976665e-16f,0f,-1f,-27.94546875f,0f,1f,0f,2.2625f,1f,0f,-3.4450928483976665e-16f,-0.05156250000000272f,0f,0f,0f,1f],start_interpolation:0}
execute if entity @s[tag=aj.stage.bone.waist] run data modify entity @s {} merge value {transformation:[-3.4450928483976665e-16f,0f,-1f,-27.9375f,0f,1f,0f,3.075f,1f,0f,-3.4450928483976665e-16f,-0.06250000000000343f,0f,0f,0f,1f],start_interpolation:0}
execute if entity @s[tag=aj.stage.bone.right_leg] run data modify entity @s {} merge value {transformation:[-3.4450928483976665e-16f,0f,-1f,-28f,0f,1f,0f,2.2625f,1f,0f,-3.4450928483976665e-16f,-0.16875000000000273f,0f,0f,0f,1f],start_interpolation:0}
execute if entity @s[tag=aj.stage.bone.left_leg] run data modify entity @s {} merge value {transformation:[-3.4450928483976665e-16f,0f,-1f,-28f,0f,1f,0f,2.2625f,1f,0f,-3.4450928483976665e-16f,0.043749999999995834f,0f,0f,0f,1f],start_interpolation:0}
execute if entity @s[tag=aj.stage.bone.platform] run data modify entity @s {} merge value {transformation:[-2f,0f,2.4492935982947064e-16f,-28f,0f,2f,0f,2.575f,-2.4492935982947064e-16f,0f,-2f,-3.429011037612589e-15f,0f,0f,0f,1f],start_interpolation:0}