execute if entity @s[tag=aj.stage.bone.left_straight] run data modify entity @s {} merge value {transformation:[-0.9896218948918485f,-0.08658069698008027f,-0.11468342539840189f,-27.914388410955926f,-0.08715574274765818f,0.9961946980917455f,0f,3.0018115019836387f,0.11424702034088818f,0.009995319121443363f,-0.9934020897596749f,-0.07318979651587693f,0f,0f,0f,1f],start_interpolation:0}
execute if entity @s[tag=aj.stage.bone.left_bend] run data modify entity @s {} merge value {transformation:[-0.9896218948918485f,-0.08658069698008027f,-0.11468342539840189f,-27.57071798436498f,-0.08715574274765818f,0.9961946980917455f,0f,3.0451769882155957f,0.11424702034088818f,0.009995319121443363f,-0.9934020897596749f,-0.16775830276122503f,0f,0f,0f,1f],start_interpolation:0}
execute if entity @s[tag=aj.stage.bone.right_straight] run data modify entity @s {} merge value {transformation:[-0.9896218948918485f,0.08658069698008027f,-0.11468342539840189f,-27.98408733508712f,0.08715574274765818f,0.9961946980917455f,0f,3.003718033856244f,0.11424702034088818f,-0.009995319121443363f,-0.9934020897596749f,-0.06514339571971765f,0f,0f,0f,1f],start_interpolation:0}
execute if entity @s[tag=aj.stage.bone.microphone] run data modify entity @s {} merge value {transformation:[-0.9896218948918485f,0.1146834253984019f,0.08658069698008024f,-28.333383542076735f,0.08715574274765818f,2.2119965816619248e-16f,0.9961946980917455f,2.7254195311375633f,0.11424702034088818f,0.9934020897596749f,-0.009995319121443583f,0.0132756163794861f,0f,0f,0f,1f],start_interpolation:0}
execute if entity @s[tag=aj.stage.bone.right_bend] run data modify entity @s {} merge value {transformation:[-0.9896218948918485f,0.08658069698008027f,-0.11468342539840189f,-28.313813795833575f,0.08715574274765818f,0.9961946980917455f,0f,3.1416833495932335f,0.11424702034088818f,-0.009995319121443363f,-0.9934020897596749f,-0.11342907030362087f,0f,0f,0f,1f],start_interpolation:0}
execute if entity @s[tag=aj.stage.bone.head] run data modify entity @s {} merge value {transformation:[-0.9934020897596749f,0f,-0.11468342539840189f,-27.9375f,0f,1f,0f,3.4375f,0.11468342539840189f,0f,-0.9934020897596749f,-0.06250000000000343f,0f,0f,0f,1f],start_interpolation:0}
execute if entity @s[tag=aj.stage.bone.outfit] run data modify entity @s {} merge value {transformation:[-0.9934020897596749f,0f,-0.11468342539840189f,-27.9375f,0f,1f,0f,2f,0.11468342539840189f,0f,-0.9934020897596749f,-0.06250000000000343f,0f,0f,0f,1f],start_interpolation:0}
execute if entity @s[tag=aj.stage.bone.chest] run data modify entity @s {} merge value {transformation:[-0.9934020897596749f,0f,-0.11468342539840189f,-27.94927921890289f,0f,1f,0f,2.6875f,0.11468342539840189f,0f,-0.9934020897596749f,-0.06916182293748073f,0f,0f,0f,1f],start_interpolation:0}
execute if entity @s[tag=aj.stage.bone.waist] run data modify entity @s {} merge value {transformation:[-0.9934020897596749f,0f,-0.11468342539840189f,-27.9375f,0f,1f,0f,3.5f,0.11468342539840189f,0f,-0.9934020897596749f,-0.06250000000000343f,0f,0f,0f,1f],start_interpolation:0}
execute if entity @s[tag=aj.stage.bone.right_leg] run data modify entity @s {} merge value {transformation:[-0.9934020897596749f,0f,-0.11468342539840189f,-27.839118742050434f,0f,1f,0f,2.6875f,0.11468342539840189f,0f,-0.9934020897596749f,-0.13677274455856323f,0f,0f,0f,1f],start_interpolation:0}
execute if entity @s[tag=aj.stage.bone.left_leg] run data modify entity @s {} merge value {transformation:[-0.9934020897596749f,0f,-0.11468342539840189f,-28.050216686124365f,0f,1f,0f,2.6875f,0.11468342539840189f,0f,-0.9934020897596749f,-0.112402516661403f,0f,0f,0f,1f],start_interpolation:0}