execute if entity @s[tag=aj.stage.bone.left_straight] run data modify entity @s {} merge value {transformation:[0.4554083197624989f,-0.4864403977160583f,-0.7456399947434019f,-27.609316026505915f,-0.32598836712924995f,0.688253570595522f,-0.6481038551489415f,1.9717696557791695f,0.8284532858209344f,0.5382218520576415f,0.1548624911982862f,-0.3294137880808828f,0f,0f,0f,1f],start_interpolation:0}
execute if entity @s[tag=aj.stage.bone.left_bend] run data modify entity @s {} merge value {transformation:[0.4554083197624989f,-0.8799084048781002f,-0.13551553902034513f,-27.817584850856477f,-0.32598836712924995f,-0.023165417142221256f,-0.9450899152699874f,2.060654911026679f,0.8284532858209344f,0.47457829962346987f,-0.29738962782685124f,-0.608083194521619f,0f,0f,0f,1f],start_interpolation:0}
execute if entity @s[tag=aj.stage.bone.right_straight] run data modify entity @s {} merge value {transformation:[-0.42701025410167903f,-0.5069773849784565f,-0.7487564183447281f,-27.620601289689773f,0.341447530423689f,0.676339980468436f,-0.6526697593634314f,1.978621149164634f,0.8373027092154804f,-0.5343577097229546f,-0.11569793083739764f,0.1749306136478418f,0f,0f,0f,1f],start_interpolation:0}
execute if entity @s[tag=aj.stage.bone.microphone] run data modify entity @s {} merge value {transformation:[-0.42701025410167903f,0.04868694395507719f,-0.9029351163734494f,-27.498233436028006f,0.341447530423689f,0.9333054815575602f,-0.11115062780827993f,2.271215059105321f,0.8373027092154804f,-0.35576742344251544f,-0.41515504761172134f,0.5125884967623353f,0f,0f,0f,1f],start_interpolation:0}
execute if entity @s[tag=aj.stage.bone.right_bend] run data modify entity @s {} merge value {transformation:[-0.42701025410167903f,-0.9029351163734494f,-0.04868694395507739f,-27.88239555287614f,0.341447530423689f,-0.11115062780827972f,-0.9333054815575602f,2.1102470129521085f,0.8373027092154804f,-0.4151550476117214f,0.35576742344251533f,0.3852253339280246f,0f,0f,0f,1f],start_interpolation:0}
execute if entity @s[tag=aj.stage.bone.head] run data modify entity @s {} merge value {transformation:[-3.4450928483976665e-16f,-0.2586407836860816f,-0.9659735736624732f,-27.9375f,0f,0.9659735736624732f,-0.2586407836860816f,2.3375f,1f,-8.910415141808877e-17f,-3.327868650365723e-16f,-0.06250000000000343f,0f,0f,0f,1f],start_interpolation:0}
execute if entity @s[tag=aj.stage.bone.outfit] run data modify entity @s {} merge value {transformation:[-3.4450928483976665e-16f,0f,-1f,-27.9375f,0f,1f,0f,0.8999999999999999f,1f,0f,-3.4450928483976665e-16f,-0.06250000000000343f,0f,0f,0f,1f],start_interpolation:0}
execute if entity @s[tag=aj.stage.bone.chest] run data modify entity @s {} merge value {transformation:[-3.4450928483976665e-16f,0f,-1f,-27.94546875f,0f,1f,0f,1.5875f,1f,0f,-3.4450928483976665e-16f,-0.05156250000000272f,0f,0f,0f,1f],start_interpolation:0}
execute if entity @s[tag=aj.stage.bone.waist] run data modify entity @s {} merge value {transformation:[-3.4450928483976665e-16f,0f,-1f,-27.9375f,0f,1f,0f,2.4f,1f,0f,-3.4450928483976665e-16f,-0.06250000000000343f,0f,0f,0f,1f],start_interpolation:0}
execute if entity @s[tag=aj.stage.bone.right_leg] run data modify entity @s {} merge value {transformation:[-3.4450928483976665e-16f,0f,-1f,-28f,0f,1f,0f,1.5875f,1f,0f,-3.4450928483976665e-16f,-0.16875000000000273f,0f,0f,0f,1f],start_interpolation:0}
execute if entity @s[tag=aj.stage.bone.left_leg] run data modify entity @s {} merge value {transformation:[-3.4450928483976665e-16f,0f,-1f,-28f,0f,1f,0f,1.5875f,1f,0f,-3.4450928483976665e-16f,0.043749999999995834f,0f,0f,0f,1f],start_interpolation:0}
execute if entity @s[tag=aj.stage.bone.platform] run data modify entity @s {} merge value {transformation:[-2f,0f,2.4492935982947064e-16f,-28f,0f,2f,0f,1.9f,-2.4492935982947064e-16f,0f,-2f,-3.429011037612589e-15f,0f,0f,0f,1f],start_interpolation:0}