execute if entity @s[tag=aj.stage.bone.left_bend] run data modify entity @s {} merge value {transformation:[-3.431983230007545e-16f,-0.5837436722347903f,-0.8119380057158562f,-28f,-0.08715574274765818f,0.8088483364733213f,-0.5815223513249038f,3.0451769882155957f,0.9961946980917455f,0.07076505995321758f,-0.050876613327868955f,-0.43893340353037524f,0f,0f,0f,1f],start_interpolation:0}
execute if entity @s[tag=aj.stage.bone.right_straight] run data modify entity @s {} merge value {transformation:[0.6628103916097444f,-0.24410875827123565f,-0.7078794381174047f,-28.087397889017673f,0.24607781123058875f,0.9638706924356064f,-0.10197548275770695f,2.9689131856751536f,0.7071973526492445f,-0.1066030130858415f,0.6989332600520023f,-0.0561764513065216f,0f,0f,0f,1f],start_interpolation:0}
execute if entity @s[tag=aj.stage.bone.microphone] run data modify entity @s {} merge value {transformation:[0.6628103916097444f,-0.31213497560403447f,-0.6806277556629657f,-27.71017377438379f,0.24607781123058875f,0.9492866025548713f,-0.1957055365333143f,3.3459764606957476f,0.7071973526492445f,-0.037771725066489424f,0.706006516394432f,-0.07376697043251537f,0f,0f,0f,1f],start_interpolation:0}
execute if entity @s[tag=aj.stage.bone.right_bend] run data modify entity @s {} merge value {transformation:[0.6628103916097444f,-0.6806277556629658f,0.3121349756040343f,-27.954228484046983f,0.24607781123058875f,-0.19570553653331407f,-0.9492866025548713f,3.147486729830169f,0.7071973526492445f,0.706006516394432f,0.037771725066489584f,0.2274833317796265f,0f,0f,0f,1f],start_interpolation:0}
execute if entity @s[tag=aj.stage.bone.head] run data modify entity @s {} merge value {transformation:[-3.4443163344265576e-16f,0.014520069177637535f,-0.9998945782386645f,-27.9375f,0.02123071868292935f,0.9996692048905993f,0.014516796396010423f,3.4375f,0.9997746028901746f,-0.021228480503171374f,-0.0003082715039674401f,-0.06250000000000343f,0f,0f,0f,1f],start_interpolation:0}