execute if entity @s[tag=aj.stage.bone.left_straight] run data modify entity @s {} merge value {transformation:[-0.15206840760634482f,-0.013304261745994564f,0.9882804237803482f,-27.925932810819063f,-0.08715574274765818f,0.9961946980917455f,0f,3.0018115019836387f,-0.9845197183978464f,-0.08613431437754664f,-0.15264928421887658f,-0.03981481910706541f,0f,0f,0f,1f],start_interpolation:0}
execute if entity @s[tag=aj.stage.bone.left_bend] run data modify entity @s {} merge value {transformation:[-0.15206840760634482f,-0.013304261745994564f,0.9882804237803482f,-27.81827018390874f,-0.08715574274765818f,0.9961946980917455f,0f,3.0451769882155957f,-0.9845197183978464f,-0.08613431437754664f,-0.15264928421887658f,0.29998118330239143f,0f,0f,0f,1f],start_interpolation:0}
execute if entity @s[tag=aj.stage.bone.right_straight] run data modify entity @s {} merge value {transformation:[-0.15206840760634482f,0.013304261745994564f,0.9882804237803482f,-27.936642966343328f,0.08715574274765818f,0.9961946980917455f,0f,3.003718033856244f,-0.9845197183978464f,0.08613431437754664f,-0.15264928421887658f,-0.10915439770013402f,0f,0f,0f,1f],start_interpolation:0}
execute if entity @s[tag=aj.stage.bone.microphone] run data modify entity @s {} merge value {transformation:[-0.15206840760634482f,-0.9882804237803482f,0.013304261745994783f,-28.028383432680737f,0.08715574274765818f,2.2119965816619248e-16f,0.9961946980917455f,2.7254195311375633f,-0.9845197183978464f,0.1526492842188766f,0.08613431437754661f,-0.45519062197750804f,0f,0f,0f,1f],start_interpolation:0}
execute if entity @s[tag=aj.stage.bone.right_bend] run data modify entity @s {} merge value {transformation:[-0.15206840760634482f,0.013304261745994564f,0.9882804237803482f,-27.901022149518937f,0.08715574274765818f,0.9961946980917455f,0f,3.1416833495932335f,-0.9845197183978464f,0.08613431437754664f,-0.15264928421887658f,-0.4404883722562729f,0f,0f,0f,1f],start_interpolation:0}
execute if entity @s[tag=aj.stage.bone.head] run data modify entity @s {} merge value {transformation:[-0.15264928421887658f,0f,0.9882804237803482f,-27.9375f,0f,1f,0f,3.4375f,-0.9882804237803482f,0f,-0.15264928421887658f,-0.06250000000000343f,0f,0f,0f,1f],start_interpolation:0}
execute if entity @s[tag=aj.stage.bone.outfit] run data modify entity @s {} merge value {transformation:[-0.15264928421887658f,0f,0.9882804237803482f,-27.9375f,0f,1f,0f,2f,-0.9882804237803482f,0f,-0.15264928421887658f,-0.06250000000000343f,0f,0f,0f,1f],start_interpolation:0}
execute if entity @s[tag=aj.stage.bone.chest] run data modify entity @s {} merge value {transformation:[-0.15264928421887658f,0f,0.9882804237803482f,-27.931294241919144f,0f,1f,0f,2.6875f,-0.9882804237803482f,0f,-0.15264928421887658f,-0.07452574111872086f,0f,0f,0f,1f],start_interpolation:0}
execute if entity @s[tag=aj.stage.bone.waist] run data modify entity @s {} merge value {transformation:[-0.15264928421887658f,0f,0.9882804237803482f,-27.9375f,0f,1f,0f,3.5f,-0.9882804237803482f,0f,-0.15264928421887658f,-0.06250000000000343f,0f,0f,0f,1f],start_interpolation:0}
execute if entity @s[tag=aj.stage.bone.right_leg] run data modify entity @s {} merge value {transformation:[-0.15264928421887658f,0f,0.9882804237803482f,-27.859513487065474f,0f,1f,0f,2.6875f,-0.9882804237803482f,0f,-0.15264928421887658f,0.032964214762978075f,0f,0f,0f,1f],start_interpolation:0}
execute if entity @s[tag=aj.stage.bone.left_leg] run data modify entity @s {} merge value {transformation:[-0.15264928421887658f,0f,0.9882804237803482f,-27.891951459961984f,0f,1f,0f,2.6875f,-0.9882804237803482f,0f,-0.15264928421887658f,-0.17704537529034453f,0f,0f,0f,1f],start_interpolation:0}