execute if entity @s[tag=aj.stage.bone.left_bend] run data modify entity @s {} merge value {transformation:[-3.431983230007545e-16f,-0.5957258071580357f,-0.8031878750864625f,-28f,-0.08715574274765818f,0.8001315027327092f,-0.5934588906072608f,3.0451769882155957f,0.9961946980917455f,0.07000243581907373f,-0.05192092519680706f,-0.43893340353037524f,0f,0f,0f,1f],start_interpolation:0}
execute if entity @s[tag=aj.stage.bone.right_straight] run data modify entity @s {} merge value {transformation:[0.5547142387289143f,-0.2605082393290178f,-0.790207295962962f,-28.040577898228992f,0.2588085294920007f,0.9566316775879736f,-0.13369359931353303f,2.9692109903006703f,0.7907656153460325f,-0.1303506450958894f,0.5980789671184703f,-0.0537482767347611f,0f,0f,0f,1f],start_interpolation:0}
execute if entity @s[tag=aj.stage.bone.microphone] run data modify entity @s {} merge value {transformation:[0.5547142387289143f,-0.24551144814580456f,-0.7949944919184981f,-27.651921442748332f,0.2588085294920007f,0.9589898425171064f,-0.11557087440702184f,3.3146996560333313f,0.7907656153460325f,-0.1416425457917406f,0.5955057773087054f,-0.02167010319727855f,0f,0f,0f,1f],start_interpolation:0}
execute if entity @s[tag=aj.stage.bone.right_bend] run data modify entity @s {} merge value {transformation:[0.5547142387289143f,-0.7949944919184981f,0.2455114481458044f,-27.95224012393546f,0.2588085294920007f,-0.11557087440702163f,-0.9589898425171064f,3.1485088896922973f,0.7907656153460325f,0.5955057773087054f,0.14164254579174074f,0.24647526421335816f,0f,0f,0f,1f],start_interpolation:0}