execute if entity @s[tag=aj.stage.bone.right_straight] run data modify entity @s {} merge value {transformation:[0.6501914561619916f,-0.24052400752725914f,-0.7206936048952952f,-28.083888467945155f,0.2446350939068f,0.964326858761344f,-0.10113051122529758f,2.969170498229377f,0.7193085159812583f,-0.11055275335560795f,0.6858376976824284f,-0.05533112372266977f,0f,0f,0f,1f],start_interpolation:0}
execute if entity @s[tag=aj.stage.bone.microphone] run data modify entity @s {} merge value {transformation:[0.6501914561619916f,-0.29865187235841745f,-0.698611572671653f,-27.702362854453924f,0.2446350939068f,0.952827536448253f,-0.17964786838469393f,3.339610922598119f,0.7193085159812583f,-0.054099398543465155f,0.6925810522343757f,-0.06688725300044435f,0f,0f,0f,1f],start_interpolation:0}
execute if entity @s[tag=aj.stage.bone.right_bend] run data modify entity @s {} merge value {transformation:[0.6501914561619916f,-0.6986115726716531f,0.2986518723584173f,-27.95562593555946f,0.2446350939068f,-0.1796478683846937f,-0.952827536448253f,3.1473862639312107f,0.7193085159812583f,0.6925810522343757f,0.05409939854346531f,0.2308040493583935f,0f,0f,0f,1f],start_interpolation:0}
execute if entity @s[tag=aj.stage.bone.head] run data modify entity @s {} merge value {transformation:[-3.4448612450442995e-16f,0.035027593057264945f,-0.9993863455764316f,-27.9375f,0.02119228040877989f,0.9991619017990113f,0.0350197265046204f,3.4375f,0.9997754184070918f,-0.021179275672161525f,-0.0007423145741145346f,-0.06250000000000343f,0f,0f,0f,1f],start_interpolation:0}