execute if entity @s[tag=aj.stage.bone.left_bend] run data modify entity @s {} merge value {transformation:[-3.431983230007545e-16f,-0.898246846582844f,0.43949129980464496f,-28f,-0.08715574274765818f,-0.43781890272283713f,-0.8948287461434588f,3.0451769882155957f,0.9961946980917455f,-0.03830419066560786f,-0.07828737108466939f,-0.43893340353037524f,0f,0f,0f,1f],start_interpolation:0}
execute if entity @s[tag=aj.stage.bone.right_straight] run data modify entity @s {} merge value {transformation:[0.6566334921599868f,-0.2528776349401922f,-0.7105528542767494f,-28.08179841523539f,0.251418133721963f,0.9616200472158981f,-0.10988997601355244f,2.968439571828988f,0.7110705865169404f,-0.10648843382991814f,0.6950099527711135f,-0.05729596856462346f,0f,0f,0f,1f],start_interpolation:0}
execute if entity @s[tag=aj.stage.bone.microphone] run data modify entity @s {} merge value {transformation:[0.6566334921599868f,-0.31955912746150394f,-0.6831650027847028f,-27.707661567282393f,0.251418133721963f,0.9467364434699779f,-0.20119400746936528f,3.348319023056167f,0.7110705865169404f,-0.03964934629801785f,0.7020018164710077f,-0.07249047652042737f,0f,0f,0f,1f],start_interpolation:0}
execute if entity @s[tag=aj.stage.bone.right_bend] run data modify entity @s {} merge value {transformation:[0.6566334921599868f,-0.6831650027847029f,0.3195591274615038f,-27.95187318447841f,0.251418133721963f,-0.20119400746936505f,-0.9467364434699779f,3.147865362617655f,0.7110705865169404f,0.7020018164710077f,0.039649346298018f,0.22732886107154507f,0f,0f,0f,1f],start_interpolation:0}
execute if entity @s[tag=aj.stage.bone.head] run data modify entity @s {} merge value {transformation:[-3.4448424445561237e-16f,0.0027681750137790815f,-0.9999961685962068f,-27.9375f,0.012056663340210355f,0.9999234846677427f,0.002767973811173511f,3.4375f,0.9999273157930535f,-0.012056617146264699f,-0.000033374954208261f,-0.06250000000000343f,0f,0f,0f,1f],start_interpolation:0}