execute if entity @s[tag=aj.stage.bone.right_straight] run data modify entity @s {} merge value {transformation:[0.2499069440600888f,-0.1320376092148915f,-0.9592249939734491f,-27.97969984329661f,0.1787267180671032f,0.9799263866068887f,-0.08832347978045631f,2.9843624290899013f,0.9516319033951678f,-0.14936648414012452f,0.2684890572371769f,-0.030765153884482865f,0f,0f,0f,1f],start_interpolation:0}
execute if entity @s[tag=aj.stage.bone.microphone] run data modify entity @s {} merge value {transformation:[0.2499069440600888f,0.31932825996494096f,-0.9140984529569618f,-27.572620563412446f,0.1787267180671032f,0.9126186498662396f,0.3676737142702536f,3.1022786489856893f,0.9516319033951678f,-0.2552580308317154f,0.17099724599070343f,0.18735309272385856f,0f,0f,0f,1f],start_interpolation:0}
execute if entity @s[tag=aj.stage.bone.right_bend] run data modify entity @s {} merge value {transformation:[0.2499069440600888f,-0.9140984529569617f,-0.3193282599649412f,-27.99325282099878f,0.1787267180671032f,0.3676737142702538f,-0.9126186498662395f,3.14344786498182f,0.9516319033951678f,0.17099724599070337f,0.25525803083171544f,0.29264420670252117f,0f,0f,0f,1f],start_interpolation:0}