execute if entity @s[tag=aj.stage.bone.left_straight] run data modify entity @s {} merge value {transformation:[0.5070726926695857f,-0.4700297160313027f,-0.7224606220385642f,-27.598614458561087f,-0.3441499057077176f,0.6580818469151427f,-0.6696933067920896f,1.7031968277756824f,0.790213975294151f,0.5882179432899746f,0.17193465166023736f,-0.3632812451360711f,0f,0f,0f,1f],start_interpolation:0}
execute if entity @s[tag=aj.stage.bone.left_bend] run data modify entity @s {} merge value {transformation:[0.5070726926695857f,-0.8554273893953346f,-0.10545741235730566f,-27.823738856488262f,-0.3441499057077176f,-0.08877088478972223f,-0.9347088169130636f,1.7969693074068216f,0.790213975294151f,0.5102584751730564f,-0.3394085469811894f,-0.6268317287337439f,0f,0f,0f,1f],start_interpolation:0}
execute if entity @s[tag=aj.stage.bone.right_straight] run data modify entity @s {} merge value {transformation:[-0.5419898837682278f,-0.4425356618283978f,-0.7144292504531186f,-27.609177702786113f,0.32320515396772487f,0.6749714719023279f,-0.6632887309209349f,1.7108018029409973f,0.7757482802698322f,-0.5904029980683593f,-0.22279790288575602f,0.23848156065889037f,0f,0f,0f,1f],start_interpolation:0}
execute if entity @s[tag=aj.stage.bone.microphone] run data modify entity @s {} merge value {transformation:[-0.5419898837682278f,0.2086487834003458f,-0.8140716498432177f,-27.532141114711273f,0.32320515396772487f,0.9459361112139262f,0.02726356451702384f,1.9400623623872244f,0.7757482802698322f,-0.24833557676464763f,-0.5801241651330926f,0.6226652766683847f,0f,0f,0f,1f],start_interpolation:0}
execute if entity @s[tag=aj.stage.bone.right_bend] run data modify entity @s {} merge value {transformation:[-0.5419898837682278f,-0.8140716498432177f,-0.20864878340034598f,-27.899245683130637f,0.32320515396772487f,0.027263564517024053f,-0.9459361112139262f,1.835295786535886f,0.7757482802698322f,-0.5801241651330926f,0.2483355767646475f,0.41297307466554783f,0f,0f,0f,1f],start_interpolation:0}
execute if entity @s[tag=aj.stage.bone.head] run data modify entity @s {} merge value {transformation:[-3.4450928483976665e-16f,-0.3947807956045731f,-0.91877533892776f,-27.9375f,0f,0.91877533892776f,-0.3947807956045731f,2.0625f,1f,-1.3600564956220558e-16f,-3.165266349424168e-16f,-0.06250000000000343f,0f,0f,0f,1f],start_interpolation:0}
execute if entity @s[tag=aj.stage.bone.outfit] run data modify entity @s {} merge value {transformation:[-3.4450928483976665e-16f,0f,-1f,-27.9375f,0f,1f,0f,0.625f,1f,0f,-3.4450928483976665e-16f,-0.06250000000000343f,0f,0f,0f,1f],start_interpolation:0}
execute if entity @s[tag=aj.stage.bone.chest] run data modify entity @s {} merge value {transformation:[-3.4450928483976665e-16f,0f,-1f,-27.94546875f,0f,1f,0f,1.3125f,1f,0f,-3.4450928483976665e-16f,-0.05156250000000272f,0f,0f,0f,1f],start_interpolation:0}
execute if entity @s[tag=aj.stage.bone.waist] run data modify entity @s {} merge value {transformation:[-3.4450928483976665e-16f,0f,-1f,-27.9375f,0f,1f,0f,2.125f,1f,0f,-3.4450928483976665e-16f,-0.06250000000000343f,0f,0f,0f,1f],start_interpolation:0}
execute if entity @s[tag=aj.stage.bone.right_leg] run data modify entity @s {} merge value {transformation:[-3.4450928483976665e-16f,0f,-1f,-28f,0f,1f,0f,1.3125f,1f,0f,-3.4450928483976665e-16f,-0.16875000000000273f,0f,0f,0f,1f],start_interpolation:0}
execute if entity @s[tag=aj.stage.bone.left_leg] run data modify entity @s {} merge value {transformation:[-3.4450928483976665e-16f,0f,-1f,-28f,0f,1f,0f,1.3125f,1f,0f,-3.4450928483976665e-16f,0.043749999999995834f,0f,0f,0f,1f],start_interpolation:0}
execute if entity @s[tag=aj.stage.bone.platform] run data modify entity @s {} merge value {transformation:[-2f,0f,2.4492935982947064e-16f,-28f,0f,2f,0f,1.625f,-2.4492935982947064e-16f,0f,-2f,-3.429011037612589e-15f,0f,0f,0f,1f],start_interpolation:0}