execute if entity @s[tag=aj.stage.bone.left_bend] run data modify entity @s {} merge value {transformation:[-3.431983230007545e-16f,-0.027683289422060352f,-0.9996167443009217f,-28f,-0.08715574274765818f,0.9958129007963104f,-0.027577946147995795f,3.0451769882155957f,0.9961946980917455f,0.08712233981254272f,-0.0024127576512784003f,-0.43893340353037524f,0f,0f,0f,1f],start_interpolation:0}
execute if entity @s[tag=aj.stage.bone.right_straight] run data modify entity @s {} merge value {transformation:[0.3024110653493159f,-0.1578591486656441f,-0.9400149130396016f,-27.98821557435194f,0.19583574630278244f,0.9754416618632762f,-0.10080637267277374f,2.9810868692213983f,0.9328429171218078f,-0.15360355947688187f,0.3258988163398388f,-0.03433707388584445f,0f,0f,0f,1f],start_interpolation:0}
execute if entity @s[tag=aj.stage.bone.microphone] run data modify entity @s {} merge value {transformation:[0.3024110653493159f,0.2120733448751547f,-0.9292859860924167f,-27.571883002531916f,0.19583574630278244f,0.940312099918135f,0.27831908884871637f,3.143835876457748f,0.9328429171218078f,-0.2661541867809168f,0.24282924213254228f,0.15068802193270533f,0f,0f,0f,1f],start_interpolation:0}
execute if entity @s[tag=aj.stage.bone.right_bend] run data modify entity @s {} merge value {transformation:[0.3024110653493159f,-0.9292859860924167f,-0.2120733448751549f,-27.985470890309855f,0.19583574630278244f,0.2783190888487166f,-0.9403120999181349f,3.1443050886482524f,0.9328429171218078f,0.24282924213254223f,0.26615418678091685f,0.2872803279901244f,0f,0f,0f,1f],start_interpolation:0}