execute if entity @s[tag=aj.stage.bone.left_straight] run data modify entity @s {} merge value {transformation:[0.018376512613366435f,-0.022625362997396613f,-0.9995751081001402f,-27.93020667240737f,-0.09826970389370156f,0.9948624750993041f,-0.02432531471390808f,2.924712245117215f,0.9949901351675879f,0.09867496434517972f,0.016058715099985636f,-0.09245168692430217f,0f,0f,0f,1f],start_interpolation:0}
execute if entity @s[tag=aj.stage.bone.left_bend] run data modify entity @s {} merge value {transformation:[0.018376512613366435f,-0.05540350589063353f,-0.9982949240175456f,-27.991515488875976f,-0.09826970389370156f,0.9935290617219639f,-0.05694794825556343f,2.970676571837761f,0.9949901351675879f,0.0991486512712132f,0.01281311321593428f,-0.4432531116294458f,0f,0f,0f,1f],start_interpolation:0}
execute if entity @s[tag=aj.stage.bone.right_straight] run data modify entity @s {} merge value {transformation:[0.5425024739326653f,-0.28262007898267144f,-0.7910859351124669f,-28.027897419100828f,0.2713775611235689f,0.9501772359969229f,-0.15335396803432022f,2.8936010600591264f,0.7950127578193706f,-0.13148806466396956f,0.5921702489617006f,-0.05647971973457294f,0f,0f,0f,1f],start_interpolation:0}
execute if entity @s[tag=aj.stage.bone.microphone] run data modify entity @s {} merge value {transformation:[0.5425024739326653f,-0.27605411969867377f,-0.7934010264515216f,-27.650210593236487f,0.2713775611235689f,0.9514155497294813f,-0.14547395317228626f,3.2524021473567277f,0.7950127578193706f,-0.13639125606262006f,0.5910601832081902f,-0.02112381088776355f,0f,0f,0f,1f],start_interpolation:0}
execute if entity @s[tag=aj.stage.bone.right_bend] run data modify entity @s {} merge value {transformation:[0.5425024739326653f,-0.7934010264515217f,0.2760541196986736f,-27.94611772600521f,0.2713775611235689f,-0.14547395317228604f,-0.9514155497294813f,3.0746896447372833f,0.7950127578193706f,0.5910601832081902f,0.1363912560626202f,0.24452606082330997f,0f,0f,0f,1f],start_interpolation:0}
execute if entity @s[tag=aj.stage.bone.head] run data modify entity @s {} merge value {transformation:[-3.4450137530881496e-16f,0.04548212007759805f,-0.9989651529223864f,-27.9375f,0.006776218548193267f,0.9989422178488067f,0.045481075861223234f,3.3625f,0.9999770411675396f,-0.0067692061982313825f,-0.0003081967856813173f,-0.06250000000000343f,0f,0f,0f,1f],start_interpolation:0}
execute if entity @s[tag=aj.stage.bone.outfit] run data modify entity @s {} merge value {transformation:[-3.4450928483976665e-16f,0f,-1f,-27.9375f,0f,1f,0f,1.9249999999999998f,1f,0f,-3.4450928483976665e-16f,-0.06250000000000343f,0f,0f,0f,1f],start_interpolation:0}
execute if entity @s[tag=aj.stage.bone.chest] run data modify entity @s {} merge value {transformation:[-3.4450928483976665e-16f,0f,-1f,-27.94546875f,0f,1f,0f,2.6125f,1f,0f,-3.4450928483976665e-16f,-0.05156250000000272f,0f,0f,0f,1f],start_interpolation:0}
execute if entity @s[tag=aj.stage.bone.waist] run data modify entity @s {} merge value {transformation:[-3.4450928483976665e-16f,0f,-1f,-27.9375f,0f,1f,0f,3.425f,1f,0f,-3.4450928483976665e-16f,-0.06250000000000343f,0f,0f,0f,1f],start_interpolation:0}
execute if entity @s[tag=aj.stage.bone.right_leg] run data modify entity @s {} merge value {transformation:[-3.4450928483976665e-16f,0f,-1f,-28f,0f,1f,0f,2.6125f,1f,0f,-3.4450928483976665e-16f,-0.16875000000000273f,0f,0f,0f,1f],start_interpolation:0}
execute if entity @s[tag=aj.stage.bone.left_leg] run data modify entity @s {} merge value {transformation:[-3.4450928483976665e-16f,0f,-1f,-28f,0f,1f,0f,2.6125f,1f,0f,-3.4450928483976665e-16f,0.043749999999995834f,0f,0f,0f,1f],start_interpolation:0}
execute if entity @s[tag=aj.stage.bone.platform] run data modify entity @s {} merge value {transformation:[-2f,0f,2.4492935982947064e-16f,-28f,0f,2f,0f,2.925f,-2.4492935982947064e-16f,0f,-2f,-3.429011037612589e-15f,0f,0f,0f,1f],start_interpolation:0}