execute if entity @s[tag=aj.stage.bone.left_bend] run data modify entity @s {} merge value {transformation:[-3.431983230007545e-16f,-0.8045977797666678f,-0.5938201855735024f,-28f,-0.08715574274765818f,0.5915605204881795f,-0.8015360422999444f,3.0451769882155957f,0.9961946980917455f,0.051754839332210534f,-0.07012531710868083f,-0.43893340353037524f,0f,0f,0f,1f],start_interpolation:0}
execute if entity @s[tag=aj.stage.bone.right_straight] run data modify entity @s {} merge value {transformation:[0.6624728393137023f,-0.24576690773660184f,-0.7076216250463451f,-28.08665707334535f,0.24704609903992508f,0.9634770129770474f,-0.10334539377244711f,2.9688181811388232f,0.7071760474738926f,-0.10635164562156645f,0.698993108229822f,-0.05641621985455242f,0f,0f,0f,1f],start_interpolation:0}
execute if entity @s[tag=aj.stage.bone.microphone] run data modify entity @s {} merge value {transformation:[0.6624728393137023f,-0.31410452872155104f,-0.6800500586046984f,-27.7101884766552f,0.24704609903992508f,0.9486609644899491f,-0.19751101083776346f,3.346717478176593f,0.7071760474738926f,-0.0371580339847506f,0.706060421203165f,-0.07392779617153108f,0f,0f,0f,1f],start_interpolation:0}
execute if entity @s[tag=aj.stage.bone.right_bend] run data modify entity @s {} merge value {transformation:[0.6624728393137023f,-0.6800500586046985f,0.31410452872155087f,-27.953759254568457f,0.24704609903992508f,-0.19751101083776323f,-0.9486609644899491f,3.14755341221037f,0.7071760474738926f,0.706060421203165f,0.03715803398475076f,0.22726909977083257f,0f,0f,0f,1f],start_interpolation:0}
execute if entity @s[tag=aj.stage.bone.head] run data modify entity @s {} merge value {transformation:[-3.444539327715526e-16f,0.011370432837779425f,-0.9999353545390229f,-27.9375f,0.019999397346611585f,0.9997353595199254f,0.011368158660831663f,3.4375f,0.9997999920512964f,-0.01999810447635085f,-0.00022740180432605545f,-0.06250000000000343f,0f,0f,0f,1f],start_interpolation:0}