execute if entity @s[tag=aj.stage.bone.left_straight] run data modify entity @s {} merge value {transformation:[-0.5090740990910562f,-0.04453821256514031f,-0.8595696069872014f,-27.931990686398102f,-0.08715574274765818f,0.9961946980917455f,0f,3.0018115019836387f,0.8562986851214555f,0.07491642754028217f,-0.5110186794471099f,-0.08736090829654058f,0f,0f,0f,1f],start_interpolation:0}
execute if entity @s[tag=aj.stage.bone.left_bend] run data modify entity @s {} merge value {transformation:[-0.5090740990910562f,-0.04453821256514031f,-0.8595696069872014f,-27.79885859966483f,-0.08715574274765818f,0.9961946980917455f,0f,3.0451769882155957f,0.8562986851214555f,0.07491642754028217f,-0.5110186794471099f,-0.41800938019490413f,0f,0f,0f,1f],start_interpolation:0}
execute if entity @s[tag=aj.stage.bone.right_straight] run data modify entity @s {} merge value {transformation:[-0.5090740990910562f,0.04453821256514031f,-0.8595696069872014f,-27.967844700130875f,0.08715574274765818f,0.9961946980917455f,0f,3.003718033856244f,0.8562986851214555f,-0.07491642754028217f,-0.5110186794471099f,-0.02705191817012159f,0f,0f,0f,1f],start_interpolation:0}
execute if entity @s[tag=aj.stage.bone.microphone] run data modify entity @s {} merge value {transformation:[-0.5090740990910562f,0.8595696069872014f,0.044538212565140116f,-28.11723085546744f,0.08715574274765818f,2.2119965816619248e-16f,0.9961946980917455f,2.7254195311375633f,0.8562986851214555f,0.5110186794471099f,-0.07491642754028228f,0.2982804630490036f,0f,0f,0f,1f],start_interpolation:0}
execute if entity @s[tag=aj.stage.bone.right_bend] run data modify entity @s {} merge value {transformation:[-0.5090740990910562f,0.04453821256514031f,-0.8595696069872014f,-28.206134512084674f,0.08715574274765818f,0.9961946980917455f,0f,3.1416833495932335f,0.8562986851214555f,-0.07491642754028217f,-0.5110186794471099f,0.20590518261332147f,0f,0f,0f,1f],start_interpolation:0}
execute if entity @s[tag=aj.stage.bone.head] run data modify entity @s {} merge value {transformation:[-0.5110186794471099f,0f,-0.8595696069872014f,-27.9375f,0f,1f,0f,3.4375f,0.8595696069872014f,0f,-0.5110186794471099f,-0.06250000000000343f,0f,0f,0f,1f],start_interpolation:0}
execute if entity @s[tag=aj.stage.bone.outfit] run data modify entity @s {} merge value {transformation:[-0.5110186794471099f,0f,-0.8595696069872014f,-27.9375f,0f,1f,0f,2f,0.8595696069872014f,0f,-0.5110186794471099f,-0.06250000000000343f,0f,0f,0f,1f],start_interpolation:0}
execute if entity @s[tag=aj.stage.bone.chest] run data modify entity @s {} merge value {transformation:[-0.5110186794471099f,0f,-0.8595696069872014f,-27.94993896211213f,0f,1f,0f,2.6875f,0.8595696069872014f,0f,-0.5110186794471099f,-0.05717063752542446f,0f,0f,0f,1f],start_interpolation:0}
execute if entity @s[tag=aj.stage.bone.waist] run data modify entity @s {} merge value {transformation:[-0.5110186794471099f,0f,-0.8595696069872014f,-27.9375f,0f,1f,0f,3.5f,0.8595696069872014f,0f,-0.5110186794471099f,-0.06250000000000343f,0f,0f,0f,1f],start_interpolation:0}
execute if entity @s[tag=aj.stage.bone.right_leg] run data modify entity @s {} merge value {transformation:[-0.5110186794471099f,0f,-0.8595696069872014f,-27.936927365745444f,0f,1f,0f,2.6875f,0.8595696069872014f,0f,-0.5110186794471099f,-0.18576793820783732f,0f,0f,0f,1f],start_interpolation:0}
execute if entity @s[tag=aj.stage.bone.left_leg] run data modify entity @s {} merge value {transformation:[-0.5110186794471099f,0f,-0.8595696069872014f,-28.045518835127954f,0f,1f,0f,2.6875f,0.8595696069872014f,0f,-0.5110186794471099f,-0.0031093967230582525f,0f,0f,0f,1f],start_interpolation:0}