execute if entity @s[tag=aj.stage.bone.right_straight] run data modify entity @s {} merge value {transformation:[0.1019311451248982f,-0.05498230092229574f,-0.9932708534125105f,-27.95845401640434f,0.1260364516577794f,0.9911390766985319f,-0.04193022173442558f,2.99502360861592f,0.9867749766319792f,-0.1209143383824763f,0.10795771517814205f,-0.021773256007071806f,0f,0f,0f,1f],start_interpolation:0}
execute if entity @s[tag=aj.stage.bone.microphone] run data modify entity @s {} merge value {transformation:[0.1019311451248982f,0.7845007249099755f,-0.611693268124842f,-27.663544848279376f,0.1260364516577794f,0.5997565437965856f,0.7901942172824923f,2.8855992321148713f,0.9867749766319792f,-0.1576410504560828f,-0.03774181638527192f,0.2965425083390636f,0f,0f,0f,1f],start_interpolation:0}
execute if entity @s[tag=aj.stage.bone.right_bend] run data modify entity @s {} merge value {transformation:[0.1019311451248982f,-0.6116932681248418f,-0.7845007249099756f,-28.015747761725127f,0.1260364516577794f,0.7901942172824924f,-0.5997565437965854f,3.14177912486402f,0.9867749766319792f,-0.03774181638527196f,0.1576410504560828f,0.30267353289779975f,0f,0f,0f,1f],start_interpolation:0}