execute if entity @s[tag=aj.stage.bone.left_bend] run data modify entity @s {} merge value {transformation:[-3.431983230007545e-16f,-0.4336185542169827f,-0.9010965261495428f,-28f,-0.08715574274765818f,0.8976675818190645f,-0.4319685047051663f,3.0451769882155957f,0.9961946980917455f,0.07853573702389785f,-0.037792347161947126f,-0.43893340353037524f,0f,0f,0f,1f],start_interpolation:0}
execute if entity @s[tag=aj.stage.bone.right_straight] run data modify entity @s {} merge value {transformation:[0.5087139748350448f,-0.24538435956508844f,-0.8252251861694242f,-28.029219369485016f,0.2504229455241338f,0.9592513566044654f,-0.130863223281064f,2.9708323479030647f,0.8237101675726397f,-0.1400833713662128f,0.5494344445920091f,-0.04999916470787241f,0f,0f,0f,1f],start_interpolation:0}
execute if entity @s[tag=aj.stage.bone.microphone] run data modify entity @s {} merge value {transformation:[0.5087139748350448f,-0.17120482409193993f,-0.8437410740358545f,-27.62756529225426f,0.2504229455241338f,0.9670787232757991f,-0.04524479353767575f,3.2857089013789746f,0.8237101675726397f,-0.18827546625861288f,0.5348400776330768f,0.007297255469135955f,0f,0f,0f,1f],start_interpolation:0}
execute if entity @s[tag=aj.stage.bone.right_bend] run data modify entity @s {} merge value {transformation:[0.5087139748350448f,-0.8437410740358545f,0.17120482409193974f,-27.957540762063754f,0.2504229455241338f,-0.045244793537675534f,-0.9670787232757991f,3.14786874071685f,0.8237101675726397f,0.5348400776330768f,0.188275466258613f,0.25595143014437494f,0f,0f,0f,1f],start_interpolation:0}