execute if entity @s[tag=aj.stage.bone.left_straight] run data modify entity @s {} merge value {transformation:[-0.7437123612131497f,-0.0650664005302477f,0.6653257001655647f,-27.914142763810013f,-0.08715574274765818f,0.9961946980917455f,0f,3.0018115019836387f,-0.662793935009114f,-0.057986955567035516f,-0.7465532216119631f,-0.0523581650941302f,0f,0f,0f,1f],start_interpolation:0}
execute if entity @s[tag=aj.stage.bone.left_bend] run data modify entity @s {} merge value {transformation:[-0.7437123612131497f,-0.0650664005302477f,0.6653257001655647f,-27.614889573611695f,-0.08715574274765818f,0.9961946980917455f,0f,3.0451769882155957f,-0.662793935009114f,-0.057986955567035516f,-0.7465532216119631f,0.14129124141880006f,0f,0f,0f,1f],start_interpolation:0}
execute if entity @s[tag=aj.stage.bone.right_straight] run data modify entity @s {} merge value {transformation:[-0.7437123612131497f,0.0650664005302477f,0.6653257001655647f,-27.966522315745138f,0.08715574274765818f,0.9961946980917455f,0f,3.003718033856244f,-0.662793935009114f,0.057986955567035516f,-0.7465532216119631f,-0.09903864420364261f,0f,0f,0f,1f],start_interpolation:0}
execute if entity @s[tag=aj.stage.bone.microphone] run data modify entity @s {} merge value {transformation:[-0.7437123612131497f,-0.6653257001655647f,0.06506640053024786f,-28.257462025343965f,0.08715574274765818f,2.2119965816619248e-16f,0.9961946980917455f,2.7254195311375633f,-0.662793935009114f,0.7465532216119631f,0.05798695556703535f,-0.3076326686973839f,0f,0f,0f,1f],start_interpolation:0}
execute if entity @s[tag=aj.stage.bone.right_bend] run data modify entity @s {} merge value {transformation:[-0.7437123612131497f,0.0650664005302477f,0.6653257001655647f,-28.149849978186065f,0.08715574274765818f,0.9961946980917455f,0f,3.1416833495932335f,-0.662793935009114f,0.057986955567035516f,-0.7465532216119631f,-0.3773226959751196f,0f,0f,0f,1f],start_interpolation:0}
execute if entity @s[tag=aj.stage.bone.head] run data modify entity @s {} merge value {transformation:[-0.7465532216119631f,0f,0.6653257001655647f,-27.9375f,0f,1f,0f,3.4375f,-0.6653257001655647f,0f,-0.7465532216119631f,-0.06250000000000343f,0f,0f,0f,1f],start_interpolation:0}
execute if entity @s[tag=aj.stage.bone.outfit] run data modify entity @s {} merge value {transformation:[-0.7465532216119631f,0f,0.6653257001655647f,-27.9375f,0f,1f,0f,2f,-0.6653257001655647f,0f,-0.7465532216119631f,-0.06250000000000343f,0f,0f,0f,1f],start_interpolation:0}
execute if entity @s[tag=aj.stage.bone.chest] run data modify entity @s {} merge value {transformation:[-0.7465532216119631f,0f,0.6653257001655647f,-27.940363611688188f,0f,1f,0f,2.6875f,-0.6653257001655647f,0f,-0.7465532216119631f,-0.0757260958302851f,0f,0f,0f,1f],start_interpolation:0}
execute if entity @s[tag=aj.stage.bone.waist] run data modify entity @s {} merge value {transformation:[-0.7465532216119631f,0f,0.6653257001655647f,-27.9375f,0f,1f,0f,3.5f,-0.6653257001655647f,0f,-0.7465532216119631f,-0.06250000000000343f,0f,0f,0f,1f],start_interpolation:0}
execute if entity @s[tag=aj.stage.bone.right_leg] run data modify entity @s {} merge value {transformation:[-0.7465532216119631f,0f,0.6653257001655647f,-27.81659586394338f,0f,1f,0f,2.6875f,-0.6653257001655647f,0f,-0.7465532216119631f,-0.038468720708160355f,0f,0f,0f,1f],start_interpolation:0}
execute if entity @s[tag=aj.stage.bone.left_leg] run data modify entity @s {} merge value {transformation:[-0.7465532216119631f,0f,0.6653257001655647f,-27.975238423535924f,0f,1f,0f,2.6875f,-0.6653257001655647f,0f,-0.7465532216119631f,-0.17985043199334189f,0f,0f,0f,1f],start_interpolation:0}