execute if entity @s[tag=aj.stage.bone.right_straight] run data modify entity @s {} merge value {transformation:[0.5831242676996139f,-0.26392827974251437f,-0.7683150080350807f,-28.04990165916164f,0.2602904819985187f,0.9565948566705356f,-0.13105397808710822f,2.9685881042425986f,0.769555035979083f,-0.12356432876698067f,0.6265116944284422f,-0.055590008525034124f,0f,0f,0f,1f],start_interpolation:0}
execute if entity @s[tag=aj.stage.bone.microphone] run data modify entity @s {} merge value {transformation:[0.5831242676996139f,-0.28129841650233806f,-0.7621268196914909f,-27.6685063762236f,0.2602904819985187f,0.9533739598528068f,-0.1527316524351046f,3.329614363331772f,0.769555035979083f,-0.109312824260724f,0.6291547925998627f,-0.03739448606651219f,0f,0f,0f,1f],start_interpolation:0}
execute if entity @s[tag=aj.stage.bone.right_bend] run data modify entity @s {} merge value {transformation:[0.5831242676996139f,-0.762126819691491f,0.2812984165023379f,-27.95060479119771f,0.2602904819985187f,-0.15273165243510436f,-0.9533739598528068f,3.1486016186732853f,0.769555035979083f,0.6291547925998627f,0.10931282426072414f,0.24075563471555517f,0f,0f,0f,1f],start_interpolation:0}
execute if entity @s[tag=aj.stage.bone.head] run data modify entity @s {} merge value {transformation:[-3.444922421015223e-16f,0.048219826067932264f,-0.9988367476089265f,-27.9375f,0.009946696073790284f,0.9987873355495498f,0.04821744065218288f,3.4375f,0.9999505303949869f,-0.00993512555579915f,-0.00047962795462909636f,-0.06250000000000343f,0f,0f,0f,1f],start_interpolation:0}