execute if entity @s[tag=aj.stage.bone.left_bend] run data modify entity @s {} merge value {transformation:[-3.431983230007545e-16f,-0.45065497579994607f,-0.8926982092436111f,-28f,-0.08715574274765818f,0.889301223044481f,-0.4489400975605702f,3.0451769882155957f,0.9961946980917455f,0.07780377547613115f,-0.03927716913877253f,-0.43893340353037524f,0f,0f,0f,1f],start_interpolation:0}
execute if entity @s[tag=aj.stage.bone.right_straight] run data modify entity @s {} merge value {transformation:[0.6627397577512392f,-0.24336672454527195f,-0.708200996102049f,-28.087644384296603f,0.2456559250993927f,0.9640393670479133f,-0.10139657413059085f,2.968956664629851f,0.7074101921511948f,-0.10677422987764693f,0.6986916944365699f,-0.056063345651223756f,0f,0f,0f,1f],start_interpolation:0}
execute if entity @s[tag=aj.stage.bone.microphone] run data modify entity @s {} merge value {transformation:[0.6627397577512392f,-0.3111024622074631f,-0.6811690476704609f,-27.710036319675165f,0.2456559250993927f,0.9496042010705089f,-0.19469213587816564f,3.3455646929462466f,0.7074101921511948f,-0.038302993586592594f,0.7057646213313012f,-0.07358764909721782f,0f,0f,0f,1f],start_interpolation:0}
execute if entity @s[tag=aj.stage.bone.right_bend] run data modify entity @s {} merge value {transformation:[0.6627397577512392f,-0.681169047670461f,0.31110246220746296f,-27.954444910864034f,0.2456559250993927f,-0.19469213587816542f,-0.9496042010705089f,3.147457908098218f,0.7074101921511948f,0.7057646213313012f,0.038302993586592754f,0.22762782444461466f,0f,0f,0f,1f],start_interpolation:0}
execute if entity @s[tag=aj.stage.bone.head] run data modify entity @s {} merge value {transformation:[-3.4445532255868138e-16f,0.016168973266842697f,-0.9998692736070531f,-27.9375f,0.021692616139927873f,0.9996339918851258f,0.016165168505587954f,3.4375f,0.9997646875165205f,-0.02168978034246631f,-0.0003507473304547185f,-0.06250000000000343f,0f,0f,0f,1f],start_interpolation:0}