execute if entity @s[tag=aj.stage.bone.right_straight] run data modify entity @s {} merge value {transformation:[0.04272812208888455f,-0.023123887281652936f,-0.9988190994468131f,-27.950793092794356f,0.10363251820564708f,0.9944419235868862f,-0.01858929216430402f,2.9999272544831f,0.9936974432658633f,-0.10271585296242755f,0.04488702259102691f,-0.018631613395115543f,0f,0f,0f,1f],start_interpolation:0}
execute if entity @s[tag=aj.stage.bone.microphone] run data modify entity @s {} merge value {transformation:[0.04272812208888455f,0.946265637693899f,-0.3205552222356014f,-27.77402753409972f,0.10363251820564708f,0.31491976548493944f,0.9434436085306143f,2.7862487012233776f,0.9936974432658633f,-0.0735315185935201f,-0.08460796073784785f,0.32852253148632055f,0f,0f,0f,1f],start_interpolation:0}
execute if entity @s[tag=aj.stage.bone.right_bend] run data modify entity @s {} merge value {transformation:[0.04272812208888455f,-0.3205552222356012f,-0.9462656376938992f,-28.024781765707502f,0.10363251820564708f,0.9434436085306144f,-0.3149197654849392f,3.141589924622263f,0.9936974432658633f,-0.08460796073784786f,0.07353151859352008f,0.30469923543067484f,0f,0f,0f,1f],start_interpolation:0}