execute if entity @s[tag=aj.stage.bone.left_straight] run data modify entity @s {} merge value {transformation:[0.06968080254829596f,-0.08810843872887156f,-0.9936707144627872f,-27.886956964190663f,-0.12900901894571784f,0.9869312588650605f,-0.09655756472535086f,2.7708216554839087f,0.9891922253975153f,0.1349206926301062f,0.057403378936466846f,-0.11080792895611691f,0f,0f,0f,1f],start_interpolation:0}
execute if entity @s[tag=aj.stage.bone.left_bend] run data modify entity @s {} merge value {transformation:[0.06968080254829596f,-0.21331915169432297f,-0.9744944973044434f,-27.966959335476673f,-0.12900901894571784f,0.9667386748885372f,-0.2208461172523045f,2.823650777925602f,0.9891922253975153f,0.14110731375506239f,0.03984303223829207f,-0.45684525973629325f,0f,0f,0f,1f],start_interpolation:0}
execute if entity @s[tag=aj.stage.bone.right_straight] run data modify entity @s {} merge value {transformation:[0.4428268958352733f,-0.32810892944235687f,-0.8344152867398144f,-27.974734407506233f,0.2952274334325761f,0.9320982901596002f,-0.20984170231477692f,2.745749462703228f,0.8466079983520767f,-0.15341873386826027f,0.5096249495703188f,-0.055682711839327714f,0f,0f,0f,1f],start_interpolation:0}
execute if entity @s[tag=aj.stage.bone.microphone] run data modify entity @s {} merge value {transformation:[0.4428268958352733f,-0.2623790263224044f,-0.8573573274143069f,-27.61026876534064f,0.2952274334325761f,0.9455697181002264f,-0.136889264592488f,3.1012989764222962f,0.8466079983520767f,-0.1924971551944738f,0.4961851895898594f,0.0199270636084804f,0f,0f,0f,1f],start_interpolation:0}
execute if entity @s[tag=aj.stage.bone.right_bend] run data modify entity @s {} merge value {transformation:[0.4428268958352733f,-0.857357327414307f,0.26237902632240423f,-27.934820181709465f,0.2952274334325761f,-0.1368892645924878f,-0.9455697181002264f,2.9279526098520243f,0.8466079983520767f,0.49618518958985935f,0.1924971551944739f,0.25301510380071013f,0f,0f,0f,1f],start_interpolation:0}
execute if entity @s[tag=aj.stage.bone.head] run data modify entity @s {} merge value {transformation:[-3.445147575970201e-16f,0.03470648198708443f,-0.9993975485801835f,-27.9375f,0.002750873963721224f,0.9993937671987152f,0.03470635066952416f,3.2125f,0.9999962163390598f,-0.002749216695796032f,-0.00009547315767097451f,-0.06250000000000343f,0f,0f,0f,1f],start_interpolation:0}
execute if entity @s[tag=aj.stage.bone.outfit] run data modify entity @s {} merge value {transformation:[-3.4450928483976665e-16f,0f,-1f,-27.9375f,0f,1f,0f,1.775f,1f,0f,-3.4450928483976665e-16f,-0.06250000000000343f,0f,0f,0f,1f],start_interpolation:0}
execute if entity @s[tag=aj.stage.bone.chest] run data modify entity @s {} merge value {transformation:[-3.4450928483976665e-16f,0f,-1f,-27.94546875f,0f,1f,0f,2.4625f,1f,0f,-3.4450928483976665e-16f,-0.05156250000000272f,0f,0f,0f,1f],start_interpolation:0}
execute if entity @s[tag=aj.stage.bone.waist] run data modify entity @s {} merge value {transformation:[-3.4450928483976665e-16f,0f,-1f,-27.9375f,0f,1f,0f,3.275f,1f,0f,-3.4450928483976665e-16f,-0.06250000000000343f,0f,0f,0f,1f],start_interpolation:0}
execute if entity @s[tag=aj.stage.bone.right_leg] run data modify entity @s {} merge value {transformation:[-3.4450928483976665e-16f,0f,-1f,-28f,0f,1f,0f,2.4625f,1f,0f,-3.4450928483976665e-16f,-0.16875000000000273f,0f,0f,0f,1f],start_interpolation:0}
execute if entity @s[tag=aj.stage.bone.left_leg] run data modify entity @s {} merge value {transformation:[-3.4450928483976665e-16f,0f,-1f,-28f,0f,1f,0f,2.4625f,1f,0f,-3.4450928483976665e-16f,0.043749999999995834f,0f,0f,0f,1f],start_interpolation:0}
execute if entity @s[tag=aj.stage.bone.platform] run data modify entity @s {} merge value {transformation:[-2f,0f,2.4492935982947064e-16f,-28f,0f,2f,0f,2.775f,-2.4492935982947064e-16f,0f,-2f,-3.429011037612589e-15f,0f,0f,0f,1f],start_interpolation:0}