execute if entity @s[tag=aj.stage.bone.left_straight] run data modify entity @s {} merge value {transformation:[0.503462380855268f,-0.3705263905296786f,-0.7805356013562695f,-27.63528562844869f,-0.3429769358982594f,0.7434508392198182f,-0.5741495198162141f,1.4153222588533843f,0.7930273970711141f,0.5567683931262586f,0.24721752346914566f,-0.3542019280144441f,0f,0f,0f,1f],start_interpolation:0}
execute if entity @s[tag=aj.stage.bone.left_bend] run data modify entity @s {} merge value {transformation:[0.503462380855268f,-0.7984303622564393f,-0.33020385777667155f,-27.86105260355137f,-0.3429769358982594f,0.1660906895068497f,-0.9245435113075968f,1.5149559352925681f,0.7930273970711141f,0.5787251847692394f,-0.19022278519783922f,-0.6150381474223504f,0f,0f,0f,1f],start_interpolation:0}
execute if entity @s[tag=aj.stage.bone.right_straight] run data modify entity @s {} merge value {transformation:[-0.5341169652536258f,-0.3476476700760262f,-0.7706232314944622f,-27.645502677254637f,0.32471935885154474f,0.7572535370665263f,-0.5666784084357519f,1.4231452747289537f,0.7805615961698978f,-0.5529088334354458f,-0.29157403261222664f,0.238506483997605f,0f,0f,0f,1f],start_interpolation:0}
execute if entity @s[tag=aj.stage.bone.microphone] run data modify entity @s {} merge value {transformation:[-0.5341169652536258f,0.40847202042256414f,-0.7401821910585026f,-27.566463306524234f,0.32471935885154474f,0.9074928048703245f,0.26648479711914724f,1.5655320098998065f,0.7805615961698978f,-0.09801743539034133f,-0.6173460755072487f,0.6566099893171262f,0f,0f,0f,1f],start_interpolation:0}
execute if entity @s[tag=aj.stage.bone.right_bend] run data modify entity @s {} merge value {transformation:[-0.5341169652536258f,-0.7401821910585025f,-0.4084720204225643f,-27.92739246774431f,0.32471935885154474f,0.26648479711914747f,-0.9074928048703244f,1.565430159739755f,0.7805615961698978f,-0.6173460755072487f,0.09801743539034119f,0.41280115158087904f,0f,0f,0f,1f],start_interpolation:0}
execute if entity @s[tag=aj.stage.bone.head] run data modify entity @s {} merge value {transformation:[-3.4450928483976665e-16f,-0.5030544028182204f,-0.8642547470539017f,-27.9375f,0f,0.8642547470539017f,-0.5030544028182204f,1.8125f,1f,-1.7330691255040103e-16f,-2.977437848269131e-16f,-0.06250000000000343f,0f,0f,0f,1f],start_interpolation:0}
execute if entity @s[tag=aj.stage.bone.outfit] run data modify entity @s {} merge value {transformation:[-3.4450928483976665e-16f,0f,-1f,-27.9375f,0f,1f,0f,0.375f,1f,0f,-3.4450928483976665e-16f,-0.06250000000000343f,0f,0f,0f,1f],start_interpolation:0}
execute if entity @s[tag=aj.stage.bone.chest] run data modify entity @s {} merge value {transformation:[-3.4450928483976665e-16f,0f,-1f,-27.94546875f,0f,1f,0f,1.0625f,1f,0f,-3.4450928483976665e-16f,-0.05156250000000272f,0f,0f,0f,1f],start_interpolation:0}
execute if entity @s[tag=aj.stage.bone.waist] run data modify entity @s {} merge value {transformation:[-3.4450928483976665e-16f,0f,-1f,-27.9375f,0f,1f,0f,1.875f,1f,0f,-3.4450928483976665e-16f,-0.06250000000000343f,0f,0f,0f,1f],start_interpolation:0}
execute if entity @s[tag=aj.stage.bone.right_leg] run data modify entity @s {} merge value {transformation:[-3.4450928483976665e-16f,0f,-1f,-28f,0f,1f,0f,1.0625f,1f,0f,-3.4450928483976665e-16f,-0.16875000000000273f,0f,0f,0f,1f],start_interpolation:0}
execute if entity @s[tag=aj.stage.bone.left_leg] run data modify entity @s {} merge value {transformation:[-3.4450928483976665e-16f,0f,-1f,-28f,0f,1f,0f,1.0625f,1f,0f,-3.4450928483976665e-16f,0.043749999999995834f,0f,0f,0f,1f],start_interpolation:0}
execute if entity @s[tag=aj.stage.bone.platform] run data modify entity @s {} merge value {transformation:[-2f,0f,2.4492935982947064e-16f,-28f,0f,2f,0f,1.375f,-2.4492935982947064e-16f,0f,-2f,-3.429011037612589e-15f,0f,0f,0f,1f],start_interpolation:0}