execute if entity @s[tag=aj.stage.bone.left_straight] run data modify entity @s {} merge value {transformation:[0.04185449994783871f,-0.05241700674210875f,-0.9977477929007481f,-27.910434707605564f,-0.11239612901247469f,0.992036918077276f,-0.05683188677803262f,2.847569306061808f,0.9927816028800732f,0.11452165985497109f,0.0356297404836856f,-0.10044285270802905f,0f,0f,0f,1f],start_interpolation:0}
execute if entity @s[tag=aj.stage.bone.left_bend] run data modify entity @s {} merge value {transformation:[0.04185449994783871f,-0.12770088239636537f,-0.9909292030560538f,-27.980343622471707f,-0.11239612901247469f,0.9849008899188767f,-0.13167136066744345f,2.896736155721021f,0.9927816028800732f,0.1168876455071043f,0.02686944939290717f,-0.4491956224456176f,0f,0f,0f,1f],start_interpolation:0}
execute if entity @s[tag=aj.stage.bone.right_straight] run data modify entity @s {} merge value {transformation:[0.4977234565116578f,-0.3033478734972462f,-0.8125585692630326f,-28.003791452409978f,0.28266126696334104f,0.9424289050367441f,-0.17869070236003437f,2.8192298237500952f,0.8199841272834291f,-0.14074028064467634f,0.554813666384752f,-0.05685170151300051f,0f,0f,0f,1f],start_interpolation:0}
execute if entity @s[tag=aj.stage.bone.microphone] run data modify entity @s {} merge value {transformation:[0.4977234565116578f,-0.2703985499702814f,-0.8241092069695963f,-27.63148339637224f,0.28266126696334104f,0.9488571617090464f,-0.14061541463200722f,3.1763924727317816f,0.8199841272834291f,-0.16295616234871776f,0.5486996629813174f,-0.0030549277452475987f,0f,0f,0f,1f],start_interpolation:0}
execute if entity @s[tag=aj.stage.bone.right_bend] run data modify entity @s {} merge value {transformation:[0.4977234565116578f,-0.8241092069695964f,0.27039854997028123f,-27.941023827973048f,0.28266126696334104f,-0.140615414632007f,-0.9488571617090464f,3.001052876337904f,0.8199841272834291f,0.5486996629813174f,0.16295616234871788f,0.24824840747257068f,0f,0f,0f,1f],start_interpolation:0}
execute if entity @s[tag=aj.stage.bone.head] run data modify entity @s {} merge value {transformation:[-3.4450561830453804e-16f,0.04118148423213768f,-0.9991516828572318f,-27.9375f,0.004613614547902208f,0.9991410491094486f,0.041181045946816076f,3.2875f,0.9999893572237674f,-0.004609700739591084f,-0.00018999549475794f,-0.06250000000000343f,0f,0f,0f,1f],start_interpolation:0}
execute if entity @s[tag=aj.stage.bone.outfit] run data modify entity @s {} merge value {transformation:[-3.4450928483976665e-16f,0f,-1f,-27.9375f,0f,1f,0f,1.85f,1f,0f,-3.4450928483976665e-16f,-0.06250000000000343f,0f,0f,0f,1f],start_interpolation:0}
execute if entity @s[tag=aj.stage.bone.chest] run data modify entity @s {} merge value {transformation:[-3.4450928483976665e-16f,0f,-1f,-27.94546875f,0f,1f,0f,2.5375f,1f,0f,-3.4450928483976665e-16f,-0.05156250000000272f,0f,0f,0f,1f],start_interpolation:0}
execute if entity @s[tag=aj.stage.bone.waist] run data modify entity @s {} merge value {transformation:[-3.4450928483976665e-16f,0f,-1f,-27.9375f,0f,1f,0f,3.35f,1f,0f,-3.4450928483976665e-16f,-0.06250000000000343f,0f,0f,0f,1f],start_interpolation:0}
execute if entity @s[tag=aj.stage.bone.right_leg] run data modify entity @s {} merge value {transformation:[-3.4450928483976665e-16f,0f,-1f,-28f,0f,1f,0f,2.5375f,1f,0f,-3.4450928483976665e-16f,-0.16875000000000273f,0f,0f,0f,1f],start_interpolation:0}
execute if entity @s[tag=aj.stage.bone.left_leg] run data modify entity @s {} merge value {transformation:[-3.4450928483976665e-16f,0f,-1f,-28f,0f,1f,0f,2.5375f,1f,0f,-3.4450928483976665e-16f,0.043749999999995834f,0f,0f,0f,1f],start_interpolation:0}
execute if entity @s[tag=aj.stage.bone.platform] run data modify entity @s {} merge value {transformation:[-2f,0f,2.4492935982947064e-16f,-28f,0f,2f,0f,2.85f,-2.4492935982947064e-16f,0f,-2f,-3.429011037612589e-15f,0f,0f,0f,1f],start_interpolation:0}