execute if entity @s[tag=aj.stage.bone.left_bend] run data modify entity @s {} merge value {transformation:[-3.431983230007545e-16f,-0.8208168962078722f,0.5711914065352133f,-28f,-0.08715574274765818f,-0.5690178507859462f,-0.8176934401064049f,3.0451769882155957f,0.9961946980917455f,-0.049782611287656375f,-0.07153890624882436f,-0.43893340353037524f,0f,0f,0f,1f],start_interpolation:0}
execute if entity @s[tag=aj.stage.bone.right_straight] run data modify entity @s {} merge value {transformation:[0.6537442579182893f,-0.2551142117127554f,-0.7124150364928051f,-28.07986862134099f,0.2528412393362194f,0.9609904611108729f,-0.11210995203297765f,2.96833096717475f,0.713224896459588f,-0.10683666335154485f,0.692745389327218f,-0.057524793202931634f,0f,0f,0f,1f],start_interpolation:0}
execute if entity @s[tag=aj.stage.bone.microphone] run data modify entity @s {} merge value {transformation:[0.6537442579182893f,-0.3205523805892563f,-0.6854667143905866f,-27.706252172076795f,0.2528412393362194f,0.9463145284800548f,-0.20139543410538463f,3.3484532485903116f,0.713224896459588f,-0.04165314497288587f,0.6996965503588521f,-0.07152486127721741f,0f,0f,0f,1f],start_interpolation:0}
execute if entity @s[tag=aj.stage.bone.right_bend] run data modify entity @s {} merge value {transformation:[0.6537442579182893f,-0.6854667143905867f,0.3205523805892561f,-27.95130932975779f,0.2528412393362194f,-0.2013954341053844f,-0.9463145284800548f,3.147971092002508f,0.713224896459588f,0.6996965503588521f,0.041653144972886025f,0.22758467302417468f,0f,0f,0f,1f],start_interpolation:0}
execute if entity @s[tag=aj.stage.bone.head] run data modify entity @s {} merge value {transformation:[-3.4449732565426173e-16f,0.0012742405746059586f,-0.9999991881551494f,-27.9375f,0.008622256716748029f,0.9999620158389912f,0.0012741932080940002f,3.4375f,0.9999628276536636f,-0.008622249716813314f,-0.000010986829353493578f,-0.06250000000000343f,0f,0f,0f,1f],start_interpolation:0}