execute if entity @s[tag=aj.stage.bone.left_straight] run data modify entity @s {} merge value {transformation:[0.4329835119872391f,-0.47455976002614014f,-0.7663669568236411f,-27.620743305467606f,-0.3172505885997225f,0.7155689822567906f,-0.6223448366180204f,2.0378794431033556f,0.8437282396484818f,0.5125954211616733f,0.1592752078126435f,-0.3143063418758636f,0f,0f,0f,1f],start_interpolation:0}
execute if entity @s[tag=aj.stage.bone.left_bend] run data modify entity @s {} merge value {transformation:[0.4329835119872391f,-0.8808623969387208f,-0.1913288164562983f,-27.822040089990196f,-0.3172505885997225f,0.049759069536189526f,-0.9470354264926009f,2.1254116316537033f,0.8437282396484818f,0.470749904575948f,-0.25790925722317504f,-0.598473282935631f,0f,0f,0f,1f],start_interpolation:0}
execute if entity @s[tag=aj.stage.bone.right_straight] run data modify entity @s {} merge value {transformation:[-0.37583804366673684f,-0.5142537093467229f,-0.7709013473563893f,-27.633604874622282f,0.34716516459503716f,0.6931720616548968f,-0.6316556351627055f,2.044049891121908f,0.8591985296917476f,-0.505030311332138f,-0.08198945792785166f,0.15005788325032532f,0f,0f,0f,1f],start_interpolation:0}
execute if entity @s[tag=aj.stage.bone.microphone] run data modify entity @s {} merge value {transformation:[-0.37583804366673684f,0.017129104574784577f,-0.9265270415423537f,-27.491074841404878f,0.34716516459503716f,0.9296181403153942f,-0.12363843127542855f,2.346935959961739f,0.8591985296917476f,-0.3681259390113853f,-0.35533249162231856f,0.4745366937597921f,0f,0f,0f,1f],start_interpolation:0}
execute if entity @s[tag=aj.stage.bone.right_bend] run data modify entity @s {} merge value {transformation:[-0.37583804366673684f,-0.9265270415423537f,-0.01712910457478478f,-27.88106385419283f,0.34716516459503716f,-0.12363843127542834f,-0.9296181403153942f,2.181222281753397f,0.8591985296917476f,-0.3553324916223186f,0.36812593901138524f,0.3737390454235333f,0f,0f,0f,1f],start_interpolation:0}
execute if entity @s[tag=aj.stage.bone.head] run data modify entity @s {} merge value {transformation:[-3.4450928483976665e-16f,-0.22124509859608057f,-0.9752182352413282f,-27.9375f,0f,0.9752182352413282f,-0.22124509859608057f,2.4125f,1f,-7.622099069163939e-17f,-3.359717367856893e-16f,-0.06250000000000343f,0f,0f,0f,1f],start_interpolation:0}
execute if entity @s[tag=aj.stage.bone.outfit] run data modify entity @s {} merge value {transformation:[-3.4450928483976665e-16f,0f,-1f,-27.9375f,0f,1f,0f,0.9750000000000001f,1f,0f,-3.4450928483976665e-16f,-0.06250000000000343f,0f,0f,0f,1f],start_interpolation:0}
execute if entity @s[tag=aj.stage.bone.chest] run data modify entity @s {} merge value {transformation:[-3.4450928483976665e-16f,0f,-1f,-27.94546875f,0f,1f,0f,1.6625f,1f,0f,-3.4450928483976665e-16f,-0.05156250000000272f,0f,0f,0f,1f],start_interpolation:0}
execute if entity @s[tag=aj.stage.bone.waist] run data modify entity @s {} merge value {transformation:[-3.4450928483976665e-16f,0f,-1f,-27.9375f,0f,1f,0f,2.475f,1f,0f,-3.4450928483976665e-16f,-0.06250000000000343f,0f,0f,0f,1f],start_interpolation:0}
execute if entity @s[tag=aj.stage.bone.right_leg] run data modify entity @s {} merge value {transformation:[-3.4450928483976665e-16f,0f,-1f,-28f,0f,1f,0f,1.6625f,1f,0f,-3.4450928483976665e-16f,-0.16875000000000273f,0f,0f,0f,1f],start_interpolation:0}
execute if entity @s[tag=aj.stage.bone.left_leg] run data modify entity @s {} merge value {transformation:[-3.4450928483976665e-16f,0f,-1f,-28f,0f,1f,0f,1.6625f,1f,0f,-3.4450928483976665e-16f,0.043749999999995834f,0f,0f,0f,1f],start_interpolation:0}
execute if entity @s[tag=aj.stage.bone.platform] run data modify entity @s {} merge value {transformation:[-2f,0f,2.4492935982947064e-16f,-28f,0f,2f,0f,1.975f,-2.4492935982947064e-16f,0f,-2f,-3.429011037612589e-15f,0f,0f,0f,1f],start_interpolation:0}