execute if entity @s[tag=aj.stage.bone.left_bend] run data modify entity @s {} merge value {transformation:[-3.431983230007545e-16f,-0.887010833178221f,-0.46174861323503513f,-28f,-0.08715574274765818f,0.45999152035595803f,-0.8836354891620856f,3.0451769882155957f,0.9961946980917455f,0.04024404334920033f,-0.07730808799086714f,-0.43893340353037524f,0f,0f,0f,1f],start_interpolation:0}
execute if entity @s[tag=aj.stage.bone.right_straight] run data modify entity @s {} merge value {transformation:[0.662071915344101f,-0.24667323060241989f,-0.7076814934818905f,-28.086169176025585f,0.24758646735758813f,0.963254094040174f,-0.10412728507088548f,2.9687673584060073f,0.7073625096751901f,-0.1062726099190609f,0.6988164367607617f,-0.05654103779269523f,0f,0f,0f,1f],start_interpolation:0}
execute if entity @s[tag=aj.stage.bone.microphone] run data modify entity @s {} merge value {transformation:[0.662071915344101f,-0.315033771306507f,-0.6800106630406562f,-27.710068629466356f,0.24758646735758813f,0.9483560535178932f,-0.1982970926094395f,3.347044331509133f,0.7073625096751901f,-0.03707450191662907f,0.7058780073168807f,-0.07391101218022364f,0f,0f,0f,1f],start_interpolation:0}
execute if entity @s[tag=aj.stage.bone.right_bend] run data modify entity @s {} merge value {transformation:[0.662071915344101f,-0.6800106630406563f,0.31503377130650684f,-27.95350905441001f,0.24758646735758813f,-0.19829709260943928f,-0.9483560535178932f,3.1475909774366118f,0.7073625096751901f,0.7058780073168807f,0.03707450191662923f,0.22719982821456527f,0f,0f,0f,1f],start_interpolation:0}
execute if entity @s[tag=aj.stage.bone.head] run data modify entity @s {} merge value {transformation:[-3.4444563156160514e-16f,0.009886190913318263f,-0.9999511304204948f,-27.9375f,0.01922227819068963f,0.9997663743914019f,0.009884364290675978f,3.4375f,0.9998152349415165f,-0.019221338806037318f,-0.00019003511198241598f,-0.06250000000000343f,0f,0f,0f,1f],start_interpolation:0}