execute if entity @s[tag=aj.stage.bone.left_bend] run data modify entity @s {} merge value {transformation:[-3.431983230007545e-16f,-0.985297039901412f,-0.17085006046681692f,-28f,-0.08715574274765818f,0.17019992440569717f,-0.9815476871952777f,3.0451769882155957f,0.9961946980917455f,0.014890563918467402f,-0.08587429533967662f,-0.43893340353037524f,0f,0f,0f,1f],start_interpolation:0}
execute if entity @s[tag=aj.stage.bone.right_straight] run data modify entity @s {} merge value {transformation:[0.60841404059007f,-0.27022746774871514f,-0.746196670380525f,-28.057083616949566f,0.26326891453784396f,0.9557252098213782f,-0.13144885678448479f,2.967955366046119f,0.7486800610747759f,-0.11647505735564036f,0.6526191287137317f,-0.05757495920083561f,0f,0f,0f,1f],start_interpolation:0}
execute if entity @s[tag=aj.stage.bone.microphone] run data modify entity @s {} merge value {transformation:[0.60841404059007f,-0.3086954860234574f,-0.7311220500857609f,-27.68246065728159f,0.26326891453784396f,0.9475890845249398f,-0.18100940728937726f,3.3409314215871615f,0.7486800610747759f,-0.08235304364701782f,0.657796429262992f,-0.05189011417692943f,0f,0f,0f,1f],start_interpolation:0}
execute if entity @s[tag=aj.stage.bone.right_bend] run data modify entity @s {} merge value {transformation:[0.60841404059007f,-0.731122050085761f,0.30869548602345726f,-27.94816163148178f,0.26326891453784396f,-0.18100940728937703f,-0.9475890845249398f,3.1488311492439145f,0.7486800610747759f,0.657796429262992f,0.08235304364701797f,0.23483814886231433f,0f,0f,0f,1f],start_interpolation:0}
execute if entity @s[tag=aj.stage.bone.head] run data modify entity @s {} merge value {transformation:[-3.4246163817140854e-16f,-3.750564919799069e-17f,-1f,-27.9375f,-0.10886687485196457f,0.9940563382223196f,0f,3.4375f,0.9940563382223196f,0.10886687485196457f,-3.4450928483976665e-16f,-0.06250000000000343f,0f,0f,0f,1f],start_interpolation:0}