execute if entity @s[tag=aj.stage.bone.right_straight] run data modify entity @s {} merge value {transformation:[0.17269746804548344f,-0.09244949930950648f,-0.9806266744322739f,-27.968176896761317f,0.15193514450157902f,0.9861700143723405f,-0.06621491235471058f,2.9896539860906293f,0.9731861571127919f,-0.1375565077714583f,0.1843553925811697f,-0.0258709970545013f,0f,0f,0f,1f],start_interpolation:0}
execute if entity @s[tag=aj.stage.bone.microphone] run data modify entity @s {} merge value {transformation:[0.17269746804548344f,0.5285059193963966f,-0.8311781263325263f,-27.592883050521888f,0.15193514450157902f,0.8194637036824641f,0.5526255062990695f,3.012538733188131f,0.9731861571127919f,-0.22172219444608676f,0.06122068354770447f,0.24343586033217113f,0f,0f,0f,1f],start_interpolation:0}
execute if entity @s[tag=aj.stage.bone.right_bend] run data modify entity @s {} merge value {transformation:[0.17269746804548344f,-0.8311781263325262f,-0.5285059193963968f,-28.00493206658055f,0.15193514450157902f,0.5526255062990697f,-0.819463703682464f,3.1424022487416083f,0.9731861571127919f,0.06122068354770442f,0.22172219444608676f,0.2987865138419492f,0f,0f,0f,1f],start_interpolation:0}