execute if entity @s[tag=aj.stage.bone.right_straight] run data modify entity @s {} merge value {transformation:[0.6478638866332866f,-0.24087551751400513f,-0.7226696129344115f,-28.082869859403132f,0.24494218344079197f,0.9641798598674445f,-0.10178666217757891f,2.969161037796848f,0.7213014010576086f,-0.11106837033267108f,0.6836578866245715f,-0.055320676857933515f,0f,0f,0f,1f],start_interpolation:0}
execute if entity @s[tag=aj.stage.bone.microphone] run data modify entity @s {} merge value {transformation:[0.6478638866332866f,-0.2974900280484073f,-0.7012646202455745f,-27.701069514815753f,0.24494218344079197f,0.953055187576184f,-0.17801442695855416f,3.338976505147782f,0.7213014010576086f,-0.05644016872656259f,0.690317895021162f,-0.06580597911068625f,0f,0f,0f,1f],start_interpolation:0}
execute if entity @s[tag=aj.stage.bone.right_bend] run data modify entity @s {} merge value {transformation:[0.6478638866332866f,-0.7012646202455746f,0.29749002804840713f,-27.95558992209562f,0.24494218344079197f,-0.17801442695855393f,-0.953055187576184f,3.1474066432813177f,0.7213014010576086f,0.690317895021162f,0.05644016872656274f,0.23123437076342945f,0f,0f,0f,1f],start_interpolation:0}
execute if entity @s[tag=aj.stage.bone.head] run data modify entity @s {} merge value {transformation:[-3.4443518661529946e-16f,0.036593300172692064f,-0.9993302409026114f,-27.9375f,0.020739347067800305f,0.9991153015678363f,0.03658542956168239f,3.4375f,0.9997849166111686f,-0.02072545670142773f,-0.0007589211526380017f,-0.06250000000000343f,0f,0f,0f,1f],start_interpolation:0}