execute if entity @s[tag=aj.stage.bone.left_straight] run data modify entity @s {} merge value {transformation:[-0.9896218948918488f,-0.0865806969800803f,0.11468342539839928f,-27.91256064386364f,-0.08715574274765818f,0.9961946980917455f,0f,3.0018115019836387f,-0.11424702034088559f,-0.009995319121443136f,-0.9934020897596753f,-0.06764254928967481f,0f,0f,0f,1f],start_interpolation:0}
execute if entity @s[tag=aj.stage.bone.left_bend] run data modify entity @s {} merge value {transformation:[-0.9896218948918488f,-0.0865806969800803f,0.11468342539839928f,-27.55638255619018f,-0.08715574274765818f,0.9961946980917455f,0f,3.0451769882155957f,-0.11424702034088559f,-0.009995319121443136f,-0.9934020897596753f,-0.08141695845874221f,0f,0f,0f,1f],start_interpolation:0}
execute if entity @s[tag=aj.stage.bone.right_straight] run data modify entity @s {} merge value {transformation:[-0.9896218948918488f,0.0865806969800803f,0.11468342539839928f,-27.982259567994834f,0.08715574274765818f,0.9961946980917455f,0f,3.003718033856244f,-0.11424702034088559f,0.009995319121443136f,-0.9934020897596753f,-0.07568895008583387f,0f,0f,0f,1f],start_interpolation:0}
execute if entity @s[tag=aj.stage.bone.microphone] run data modify entity @s {} merge value {transformation:[-0.9896218948918488f,-0.11468342539839926f,0.08658069698008032f,-28.340235733390006f,0.08715574274765818f,2.2119965816619248e-16f,0.9961946980917455f,2.7254195311375633f,-0.11424702034088559f,0.9934020897596753f,0.009995319121442916f,-0.07892108326896347f,0f,0f,0f,1f],start_interpolation:0}
execute if entity @s[tag=aj.stage.bone.right_bend] run data modify entity @s {} merge value {transformation:[-0.9896218948918488f,0.0865806969800803f,0.11468342539839928f,-28.292310653571374f,0.08715574274765818f,0.9961946980917455f,0f,3.1416833495932335f,-0.11424702034088559f,0.009995319121443136f,-0.9934020897596753f,-0.1978338215263241f,0f,0f,0f,1f],start_interpolation:0}
execute if entity @s[tag=aj.stage.bone.head] run data modify entity @s {} merge value {transformation:[-0.9934020897596753f,0f,0.11468342539839928f,-27.9375f,0f,1f,0f,3.4375f,-0.11468342539839928f,0f,-0.9934020897596753f,-0.06250000000000343f,0f,0f,0f,1f],start_interpolation:0}
execute if entity @s[tag=aj.stage.bone.outfit] run data modify entity @s {} merge value {transformation:[-0.9934020897596753f,0f,0.11468342539839928f,-27.9375f,0f,1f,0f,2f,-0.11468342539839928f,0f,-0.9934020897596753f,-0.06250000000000343f,0f,0f,0f,1f],start_interpolation:0}
execute if entity @s[tag=aj.stage.bone.chest] run data modify entity @s {} merge value {transformation:[-0.9934020897596753f,0f,0.11468342539839928f,-27.947451451810604f,0f,1f,0f,2.6875f,-0.11468342539839928f,0f,-0.9934020897596753f,-0.07167052286807091f,0f,0f,0f,1f],start_interpolation:0}
execute if entity @s[tag=aj.stage.bone.waist] run data modify entity @s {} merge value {transformation:[-0.9934020897596753f,0f,0.11468342539839928f,-27.9375f,0f,1f,0f,3.5f,-0.11468342539839928f,0f,-0.9934020897596753f,-0.06250000000000343f,0f,0f,0f,1f],start_interpolation:0}
execute if entity @s[tag=aj.stage.bone.right_leg] run data modify entity @s {} merge value {transformation:[-0.9934020897596753f,0f,0.11468342539839928f,-27.824783313875635f,0f,1f,0f,2.6875f,-0.11468342539839928f,0f,-0.9934020897596753f,-0.11240251666140329f,0f,0f,0f,1f],start_interpolation:0}
execute if entity @s[tag=aj.stage.bone.left_leg] run data modify entity @s {} merge value {transformation:[-0.9934020897596753f,0f,0.11468342539839928f,-28.035881257949566f,0f,1f,0f,2.6875f,-0.11468342539839928f,0f,-0.9934020897596753f,-0.13677274455856298f,0f,0f,0f,1f],start_interpolation:0}