execute if entity @s[tag=aj.stage.bone.right_straight] run data modify entity @s {} merge value {transformation:[0.12448481480280184f,-0.06701511467188044f,-0.9899558097657828f,-27.961478217739913f,0.1344080556917079f,0.9896590904963591f,-0.0500935042005847f,2.9932560827987027f,0.9830757882527098f,-0.12682215501809602f,0.13220489986335288f,-0.02303859290401894f,0f,0f,0f,1f],start_interpolation:0}
execute if entity @s[tag=aj.stage.bone.microphone] run data modify entity @s {} merge value {transformation:[0.12448481480280184f,0.7083729484260372f,-0.6947742776051191f,-27.634862845474146f,0.1344080556917079f,0.6817278171545555f,0.7191534313919803f,2.9255385105720886f,0.9830757882527098f,-0.18290694151914516f,-0.010346269638142934f,0.28092386519089585f,0f,0f,0f,1f],start_interpolation:0}
execute if entity @s[tag=aj.stage.bone.right_bend] run data modify entity @s {} merge value {transformation:[0.12448481480280184f,-0.694774277605119f,-0.7083729484260373f,-28.012297540287065f,0.1344080556917079f,0.7191534313919804f,-0.6817278171545554f,3.141935643449432f,0.9830757882527098f,-0.010346269638142974f,0.18290694151914516f,0.30161084623513434f,0f,0f,0f,1f],start_interpolation:0}