execute if entity @s[tag=aj.stage.bone.right_straight] run data modify entity @s {} merge value {transformation:[0.6523049448436781f,-0.24029056900709325f,-0.71885930569113f,-28.08478234745207f,0.24440344554082122f,0.9644406204802023f,-0.10060440037859826f,2.969174821553013f,0.7174714034303116f,-0.11006694333000182f,0.6878372287436391f,-0.05535114815971018f,0f,0f,0f,1f],start_interpolation:0}
execute if entity @s[tag=aj.stage.bone.microphone] run data modify entity @s {} merge value {transformation:[0.6523049448436781f,-0.2998162118234873f,-0.6961382751007876f,-27.703552499602836f,0.24440344554082122f,0.952583700633025f,-0.1812491354353622f,3.340234898348486f,0.7174714034303116f,-0.051908885714348325f,0.6946511734990691f,-0.06788332171049205f,0f,0f,0f,1f],start_interpolation:0}
execute if entity @s[tag=aj.stage.bone.right_bend] run data modify entity @s {} merge value {transformation:[0.6523049448436781f,-0.6961382751007877f,0.2998162118234871f,-27.95563353879775f,0.24440344554082122f,-0.18124913543536197f,-0.952583700633025f,3.1473710649171127f,0.7174714034303116f,0.6946511734990691f,0.05190888571434848f,0.23039726864588622f,0f,0f,0f,1f],start_interpolation:0}
execute if entity @s[tag=aj.stage.bone.head] run data modify entity @s {} merge value {transformation:[-3.444289818960076e-16f,0.03340965116918007f,-0.9994417417782557f,-27.9375f,0.02159011502009208f,0.9992087782051032f,0.03340186358998579f,3.4375f,0.9997669063003732f,-0.021578062160873702f,-0.0007213182115240957f,-0.06250000000000343f,0f,0f,0f,1f],start_interpolation:0}