execute if entity @s[tag=aj.stage.bone.left_straight] run data modify entity @s {} merge value {transformation:[0.508127852961836f,-0.4057154396848114f,-0.7597374987755672f,-27.62112923379463f,-0.34448983544468653f,0.7127320568210824f,-0.6110153586080159f,1.5036995207466364f,0.7893876350182384f,0.5721957682305503f,0.22239416471518061f,-0.3601173651884344f,0f,0f,0f,1f],start_interpolation:0}
execute if entity @s[tag=aj.stage.bone.left_bend] run data modify entity @s {} merge value {transformation:[0.508127852961836f,-0.8241796345955879f,-0.2500680206709325f,-27.847856710118197f,-0.34448983544468653f,0.0716254273102136f,-0.9360537118338468f,1.601475478692094f,0.7893876350182384f,0.5617808541419977f,-0.24752663210208303f,-0.6208234130864598f,0f,0f,0f,1f],start_interpolation:0}
execute if entity @s[tag=aj.stage.bone.right_straight] run data modify entity @s {} merge value {transformation:[-0.5442855859654847f,-0.378026453202702f,-0.7488986590915986f,-27.631531322801226f,0.32275560116830837f,0.7296363939600097f,-0.6028760689590502f,1.511474384462092f,0.7743268191304579f,-0.5698479913871936f,-0.27512041706730567f,0.24276496788263058f,0f,0f,0f,1f],start_interpolation:0}
execute if entity @s[tag=aj.stage.bone.microphone] run data modify entity @s {} merge value {transformation:[-0.5442855859654847f,0.347840587013589f,-0.7633872719244478f,-27.55511466715106f,0.32275560116830837f,0.9267692395576479f,0.19216554978513364f,1.6805084116908622f,0.7743268191304579f,-0.14179457900702902f,-0.6166946363797294f,0.6526833605819724f,0f,0f,0f,1f],start_interpolation:0}
execute if entity @s[tag=aj.stage.bone.right_bend] run data modify entity @s {} merge value {transformation:[-0.5442855859654847f,-0.7633872719244477f,-0.34784058701358916f,-27.91826447579961f,0.32275560116830837f,0.19216554978513384f,-0.9267692395576479f,1.646980000774902f,0.7743268191304579f,-0.6166946363797294f,0.14179457900702888f,0.41454331503995645f,0f,0f,0f,1f],start_interpolation:0}
execute if entity @s[tag=aj.stage.bone.head] run data modify entity @s {} merge value {transformation:[-3.4450928483976665e-16f,-0.47305735017599587f,-0.8810316358930962f,-27.9375f,0f,0.8810316358930962f,-0.47305735017599587f,1.8875f,1f,-1.629726493973274e-16f,-3.035235788027403e-16f,-0.06250000000000343f,0f,0f,0f,1f],start_interpolation:0}
execute if entity @s[tag=aj.stage.bone.outfit] run data modify entity @s {} merge value {transformation:[-3.4450928483976665e-16f,0f,-1f,-27.9375f,0f,1f,0f,0.44999999999999996f,1f,0f,-3.4450928483976665e-16f,-0.06250000000000343f,0f,0f,0f,1f],start_interpolation:0}
execute if entity @s[tag=aj.stage.bone.chest] run data modify entity @s {} merge value {transformation:[-3.4450928483976665e-16f,0f,-1f,-27.94546875f,0f,1f,0f,1.1375f,1f,0f,-3.4450928483976665e-16f,-0.05156250000000272f,0f,0f,0f,1f],start_interpolation:0}
execute if entity @s[tag=aj.stage.bone.waist] run data modify entity @s {} merge value {transformation:[-3.4450928483976665e-16f,0f,-1f,-27.9375f,0f,1f,0f,1.95f,1f,0f,-3.4450928483976665e-16f,-0.06250000000000343f,0f,0f,0f,1f],start_interpolation:0}
execute if entity @s[tag=aj.stage.bone.right_leg] run data modify entity @s {} merge value {transformation:[-3.4450928483976665e-16f,0f,-1f,-28f,0f,1f,0f,1.1375f,1f,0f,-3.4450928483976665e-16f,-0.16875000000000273f,0f,0f,0f,1f],start_interpolation:0}
execute if entity @s[tag=aj.stage.bone.left_leg] run data modify entity @s {} merge value {transformation:[-3.4450928483976665e-16f,0f,-1f,-28f,0f,1f,0f,1.1375f,1f,0f,-3.4450928483976665e-16f,0.043749999999995834f,0f,0f,0f,1f],start_interpolation:0}
execute if entity @s[tag=aj.stage.bone.platform] run data modify entity @s {} merge value {transformation:[-2f,0f,2.4492935982947064e-16f,-28f,0f,2f,0f,1.45f,-2.4492935982947064e-16f,0f,-2f,-3.429011037612589e-15f,0f,0f,0f,1f],start_interpolation:0}