execute if entity @s[tag=aj.stage.bone.left_straight] run data modify entity @s {} merge value {transformation:[-0.22698645751090668f,-0.01985874180611316f,-0.973695423877779f,-27.939748488422104f,-0.08715574274765818f,0.9961946980917455f,0f,3.0018115019836387f,0.9699902188232382f,0.08486314787806369f,-0.22785350890313827f,-0.08786457367094347f,0f,0f,0f,1f],start_interpolation:0}
execute if entity @s[tag=aj.stage.bone.left_bend] run data modify entity @s {} merge value {transformation:[-0.22698645751090668f,-0.01985874180611316f,-0.973695423877779f,-27.912584292129615f,-0.08715574274765818f,0.9961946980917455f,0f,3.0451769882155957f,0.9699902188232382f,0.08486314787806369f,-0.22785350890313827f,-0.4432723267187099f,0f,0f,0f,1f],start_interpolation:0}
execute if entity @s[tag=aj.stage.bone.right_straight] run data modify entity @s {} merge value {transformation:[-0.22698645751090668f,0.01985874180611316f,-0.973695423877779f,-27.955735111154002f,0.08715574274765818f,0.9961946980917455f,0f,3.003718033856244f,0.9699902188232382f,-0.08486314787806369f,-0.22785350890313827f,-0.0195483055904474f,0f,0f,0f,1f],start_interpolation:0}
execute if entity @s[tag=aj.stage.bone.microphone] run data modify entity @s {} merge value {transformation:[-0.22698645751090668f,0.973695423877779f,0.019858741806112946f,-27.999999851871006f,0.08715574274765818f,2.2119965816619248e-16f,0.9961946980917455f,2.7254195311375633f,0.9699902188232382f,0.22785350890313824f,-0.08486314787806375f,0.3356952930924888f,0f,0f,0f,1f],start_interpolation:0}
execute if entity @s[tag=aj.stage.bone.right_bend] run data modify entity @s {} merge value {transformation:[-0.22698645751090668f,0.01985874180611316f,-0.973695423877779f,-28.11263180223882f,0.08715574274765818f,0.9961946980917455f,0f,3.1416833495932335f,0.9699902188232382f,-0.08486314787806369f,-0.22785350890313827f,0.2744490985019003f,0f,0f,0f,1f],start_interpolation:0}
execute if entity @s[tag=aj.stage.bone.head] run data modify entity @s {} merge value {transformation:[-0.22785350890313827f,0f,-0.973695423877779f,-27.9375f,0f,1f,0f,3.4375f,0.973695423877779f,0f,-0.22785350890313827f,-0.06250000000000343f,0f,0f,0f,1f],start_interpolation:0}
execute if entity @s[tag=aj.stage.bone.outfit] run data modify entity @s {} merge value {transformation:[-0.22785350890313827f,0f,-0.973695423877779f,-27.9375f,0f,1f,0f,2f,0.973695423877779f,0f,-0.22785350890313827f,-0.06250000000000343f,0f,0f,0f,1f],start_interpolation:0}
execute if entity @s[tag=aj.stage.bone.chest] run data modify entity @s {} merge value {transformation:[-0.22785350890313827f,0f,-0.973695423877779f,-27.947751283162653f,0f,1f,0f,2.6875f,0.973695423877779f,0f,-0.22785350890313827f,-0.05366591395041141f,0f,0f,0f,1f],start_interpolation:0}
execute if entity @s[tag=aj.stage.bone.waist] run data modify entity @s {} merge value {transformation:[-0.22785350890313827f,0f,-0.973695423877779f,-27.9375f,0f,1f,0f,3.5f,0.973695423877779f,0f,-0.22785350890313827f,-0.06250000000000343f,0f,0f,0f,1f],start_interpolation:0}
execute if entity @s[tag=aj.stage.bone.right_leg] run data modify entity @s {} merge value {transformation:[-0.22785350890313827f,0f,-0.973695423877779f,-27.974146528671405f,0f,1f,0f,2.6875f,0.973695423877779f,0f,-0.22785350890313827f,-0.1801959830934629f,0f,0f,0f,1f],start_interpolation:0}
execute if entity @s[tag=aj.stage.bone.left_leg] run data modify entity @s {} merge value {transformation:[-0.22785350890313827f,0f,-0.973695423877779f,-28.02256539931332f,0f,1f,0f,2.6875f,0.973695423877779f,0f,-0.22785350890313827f,0.02671429448056374f,0f,0f,0f,1f],start_interpolation:0}