execute if entity @s[tag=aj.stage.bone.left_straight] run data modify entity @s {} merge value {transformation:[0.44841570283404447f,-0.4831150547256449f,-0.7520127667462082f,-27.612737275508234f,-0.32331583523554525f,0.6967012117340173f,-0.6403704336197086f,1.9940223953512854f,0.8333008029144047f,0.530289793854067f,0.15621301609155175f,-0.32469440761849333f,0f,0f,0f,1f],start_interpolation:0}
execute if entity @s[tag=aj.stage.bone.left_bend] run data modify entity @s {} merge value {transformation:[0.44841570283404447f,-0.8807620972644515f,-0.15225467307828222f,-27.81883185447788f,-0.32331583523554525f,-0.0010249509508276633f,-0.946290558000813f,2.0824870455997435f,0.8333008029144047f,0.47355789244597435f,-0.2852239372218525f,-0.6051086726952786f,0f,0f,0f,1f],start_interpolation:0}
execute if entity @s[tag=aj.stage.bone.right_straight] run data modify entity @s {} merge value {transformation:[-0.4111208908212171f,-0.5097455619654077f,-0.755737437994797f,-27.624436116096316f,0.34336849129442226f,0.6813833276701299f,-0.6463859837275037f,2.0006848701940405f,0.8444392768675325f,-0.5252392053433855f,-0.10510035610637962f,0.1669860864343531f,0f,0f,0f,1f],start_interpolation:0}
execute if entity @s[tag=aj.stage.bone.microphone] run data modify entity @s {} merge value {transformation:[-0.4111208908212171f,0.038299457606744546f,-0.9107759135360343f,-27.495729935070724f,0.34336849129442226f,0.932034337880396f,-0.11580186612504993f,2.2967894655463654f,0.8444392768675325f,-0.36034031769825714f,-0.3963296142411743f,0.5004805357577256f,0f,0f,0f,1f],start_interpolation:0}
execute if entity @s[tag=aj.stage.bone.right_bend] run data modify entity @s {} merge value {transformation:[-0.4111208908212171f,-0.9107759135360343f,-0.03829945760674475f,-27.881843810515708f,0.34336849129442226f,-0.11580186612504972f,-0.932034337880396f,2.1340407000002606f,0.8444392768675325f,-0.39632961424117436f,0.36034031769825703f,0.38156235526014504f,0f,0f,0f,1f],start_interpolation:0}
execute if entity @s[tag=aj.stage.bone.head] run data modify entity @s {} merge value {transformation:[-3.4450928483976665e-16f,-0.2461143253879154f,-0.9692408053929897f,-27.9375f,0f,0.9692408053929897f,-0.2461143253879154f,2.3625f,1f,-8.478867022821236e-17f,-3.3391245670345834e-16f,-0.06250000000000343f,0f,0f,0f,1f],start_interpolation:0}
execute if entity @s[tag=aj.stage.bone.outfit] run data modify entity @s {} merge value {transformation:[-3.4450928483976665e-16f,0f,-1f,-27.9375f,0f,1f,0f,0.925f,1f,0f,-3.4450928483976665e-16f,-0.06250000000000343f,0f,0f,0f,1f],start_interpolation:0}
execute if entity @s[tag=aj.stage.bone.chest] run data modify entity @s {} merge value {transformation:[-3.4450928483976665e-16f,0f,-1f,-27.94546875f,0f,1f,0f,1.6125f,1f,0f,-3.4450928483976665e-16f,-0.05156250000000272f,0f,0f,0f,1f],start_interpolation:0}
execute if entity @s[tag=aj.stage.bone.waist] run data modify entity @s {} merge value {transformation:[-3.4450928483976665e-16f,0f,-1f,-27.9375f,0f,1f,0f,2.425f,1f,0f,-3.4450928483976665e-16f,-0.06250000000000343f,0f,0f,0f,1f],start_interpolation:0}
execute if entity @s[tag=aj.stage.bone.right_leg] run data modify entity @s {} merge value {transformation:[-3.4450928483976665e-16f,0f,-1f,-28f,0f,1f,0f,1.6125f,1f,0f,-3.4450928483976665e-16f,-0.16875000000000273f,0f,0f,0f,1f],start_interpolation:0}
execute if entity @s[tag=aj.stage.bone.left_leg] run data modify entity @s {} merge value {transformation:[-3.4450928483976665e-16f,0f,-1f,-28f,0f,1f,0f,1.6125f,1f,0f,-3.4450928483976665e-16f,0.043749999999995834f,0f,0f,0f,1f],start_interpolation:0}
execute if entity @s[tag=aj.stage.bone.platform] run data modify entity @s {} merge value {transformation:[-2f,0f,2.4492935982947064e-16f,-28f,0f,2f,0f,1.925f,-2.4492935982947064e-16f,0f,-2f,-3.429011037612589e-15f,0f,0f,0f,1f],start_interpolation:0}