execute if entity @s[tag=aj.stage.bone.left_straight] run data modify entity @s {} merge value {transformation:[-0.9954636715452032f,-0.08709178621209922f,-0.03830273369003575f,-27.91363792901688f,-0.08715574274765818f,0.9961946980917455f,0f,3.0018115019836387f,0.038156980224433694f,0.003338303204020816f,-0.99926618105081f,-0.07138925565440606f,0f,0f,0f,1f],start_interpolation:0}
execute if entity @s[tag=aj.stage.bone.left_bend] run data modify entity @s {} merge value {transformation:[-0.9954636715452032f,-0.08709178621209922f,-0.03830273369003575f,-27.563736751289873f,-0.08715574274765818f,0.9961946980917455f,0f,3.0451769882155957f,0.038156980224433694f,0.003338303204020816f,-0.99926618105081f,-0.13937256472313664f,0f,0f,0f,1f],start_interpolation:0}
execute if entity @s[tag=aj.stage.bone.right_straight] run data modify entity @s {} merge value {transformation:[-0.9954636715452032f,0.08709178621209922f,-0.03830273369003575f,-27.98374828861636f,0.08715574274765818f,0.9961946980917455f,0f,3.003718033856244f,0.038156980224433694f,-0.003338303204020816f,-0.99926618105081f,-0.06870186516368854f,0f,0f,0f,1f],start_interpolation:0}
execute if entity @s[tag=aj.stage.bone.microphone] run data modify entity @s {} merge value {transformation:[-0.9954636715452032f,0.03830273369003577f,0.0870917862120992f,-28.338022507873273f,0.08715574274765818f,2.2119965816619248e-16f,0.9961946980917455f,2.7254195311375633f,0.038156980224433694f,0.99926618105081f,-0.003338303204021038f,-0.017251313700635817f,0f,0f,0f,1f],start_interpolation:0}
execute if entity @s[tag=aj.stage.bone.right_bend] run data modify entity @s {} merge value {transformation:[-0.9954636715452032f,0.08709178621209922f,-0.03830273369003575f,-28.308811034059897f,0.08715574274765818f,0.9961946980917455f,0f,3.1416833495932335f,0.038156980224433694f,-0.003338303204020816f,-0.99926618105081f,-0.14208617418894878f,0f,0f,0f,1f],start_interpolation:0}
execute if entity @s[tag=aj.stage.bone.head] run data modify entity @s {} merge value {transformation:[-0.99926618105081f,0f,-0.03830273369003575f,-27.9375f,0f,1f,0f,3.4375f,0.03830273369003575f,0f,-0.99926618105081f,-0.06250000000000343f,0f,0f,0f,1f],start_interpolation:0}
execute if entity @s[tag=aj.stage.bone.outfit] run data modify entity @s {} merge value {transformation:[-0.99926618105081f,0f,-0.03830273369003575f,-27.9375f,0f,1f,0f,2f,0.03830273369003575f,0f,-0.99926618105081f,-0.06250000000000343f,0f,0f,0f,1f],start_interpolation:0}
execute if entity @s[tag=aj.stage.bone.chest] run data modify entity @s {} merge value {transformation:[-0.99926618105081f,0f,-0.03830273369003575f,-27.948734698764337f,0f,1f,0f,2.6875f,0.03830273369003575f,0f,-0.99926618105081f,-0.07004396623051727f,0f,0f,0f,1f],start_interpolation:0}
execute if entity @s[tag=aj.stage.bone.waist] run data modify entity @s {} merge value {transformation:[-0.99926618105081f,0f,-0.03830273369003575f,-27.9375f,0f,1f,0f,3.5f,0.03830273369003575f,0f,-0.99926618105081f,-0.06250000000000343f,0f,0f,0f,1f],start_interpolation:0}
execute if entity @s[tag=aj.stage.bone.right_leg] run data modify entity @s {} merge value {transformation:[-0.99926618105081f,0f,-0.03830273369003575f,-27.83372188911898f,0f,1f,0f,2.6875f,0.03830273369003575f,0f,-0.99926618105081f,-0.1290238017702453f,0f,0f,0f,1f],start_interpolation:0}
execute if entity @s[tag=aj.stage.bone.left_leg] run data modify entity @s {} merge value {transformation:[-0.99926618105081f,0f,-0.03830273369003575f,-28.046065952592276f,0f,1f,0f,2.6875f,0.03830273369003575f,0f,-0.99926618105081f,-0.12088447086111279f,0f,0f,0f,1f],start_interpolation:0}