execute if entity @s[tag=aj.stage.bone.left_bend] run data modify entity @s {} merge value {transformation:[-3.431983230007545e-16f,-0.8334754025302771f,0.5525565612468941f,-28f,-0.08715574274765818f,-0.5504539167099628f,-0.8303037769905455f,3.0451769882155957f,0.9961946980917455f,-0.04815847750556522f,-0.07264216776942949f,-0.43893340353037524f,0f,0f,0f,1f],start_interpolation:0}
execute if entity @s[tag=aj.stage.bone.right_straight] run data modify entity @s {} merge value {transformation:[0.6503591850505023f,-0.25736399144523425f,-0.7147004311792626f,-28.077745611701847f,0.2542916494828526f,0.9603354591292035f,-0.11441836802887911f,2.968227946625497f,0.715799334606939f,-0.10732931494461041f,0.6900085004764681f,-0.05772818417564307f,0f,0f,0f,1f],start_interpolation:0}
execute if entity @s[tag=aj.stage.bone.microphone] run data modify entity @s {} merge value {transformation:[0.6503591850505023f,-0.32121784433604583f,-0.6883691065849414f,-27.704559730207272f,0.2542916494828526f,0.9459727843252964f,-0.2011746711669648f,3.348425300162739f,0.715799334606939f,-0.044210720373572335f,0.6969051045732936f,-0.07031673725960863f,0f,0f,0f,1f],start_interpolation:0}
execute if entity @s[tag=aj.stage.bone.right_bend] run data modify entity @s {} merge value {transformation:[0.6503591850505023f,-0.6883691065849415f,0.32121784433604567f,-27.950755028353647f,0.2542916494828526f,-0.20117467116696458f,-0.9459727843252964f,3.148081126428788f,0.715799334606939f,0.6969051045732936f,0.04421072037357249f,0.22794942973265858f,0f,0f,0f,1f],start_interpolation:0}
execute if entity @s[tag=aj.stage.bone.head] run data modify entity @s {} merge value {transformation:[-3.4450551242541963e-16f,0.00032954505940612996f,-0.9999999457000255f,-27.9375f,0.004613614547902195f,0.9999893029243707f,0.0003295415521318026f,3.4375f,0.9999893572237674f,-0.004613614297383043f,-0.0000015203938806099166f,-0.06250000000000343f,0f,0f,0f,1f],start_interpolation:0}