execute if entity @s[tag=aj.stage.bone.left_straight] run data modify entity @s {} merge value {transformation:[-0.6338213477466629f,-0.05545218262855546f,0.7714891798219423f,-27.91596464455887f,-0.08715574274765818f,0.9961946980917455f,0f,3.0018115019836387f,-0.7685534305737682f,-0.06723971248916301f,-0.6362424423265606f,-0.04891155771558381f,0f,0f,0f,1f],start_interpolation:0}
execute if entity @s[tag=aj.stage.bone.left_bend] run data modify entity @s {} merge value {transformation:[-0.6338213477466629f,-0.05545218262855546f,0.7714891798219423f,-27.649779018225665f,-0.08715574274765818f,0.9961946980917455f,0f,3.0451769882155957f,-0.7685534305737682f,-0.06723971248916301f,-0.6362424423265606f,0.18814914510181535f,0f,0f,0f,1f],start_interpolation:0}
execute if entity @s[tag=aj.stage.bone.right_straight] run data modify entity @s {} merge value {transformation:[-0.6338213477466629f,0.05545218262855546f,0.7714891798219423f,-27.960604588619677f,0.08715574274765818f,0.9961946980917455f,0f,3.003718033856244f,-0.7685534305737682f,0.06723971248916301f,-0.6362424423265606f,-0.10304066250280486f,0f,0f,0f,1f],start_interpolation:0}
execute if entity @s[tag=aj.stage.bone.microphone] run data modify entity @s {} merge value {transformation:[-0.6338213477466629f,-0.7714891798219423f,0.055452182628555634f,-28.216292879585236f,0.08715574274765818f,2.2119965816619248e-16f,0.9961946980917455f,2.7254195311375633f,-0.7685534305737682f,0.6362424423265606f,0.06723971248916287f,-0.35360179184863644f,0f,0f,0f,1f],start_interpolation:0}
execute if entity @s[tag=aj.stage.bone.right_bend] run data modify entity @s {} merge value {transformation:[-0.6338213477466629f,0.05545218262855546f,0.7714891798219423f,-28.099303867235015f,0.08715574274765818f,0.9961946980917455f,0f,3.1416833495932335f,-0.7685534305737682f,0.06723971248916301f,-0.6362424423265606f,-0.40604817956795963f,0f,0f,0f,1f],start_interpolation:0}
execute if entity @s[tag=aj.stage.bone.head] run data modify entity @s {} merge value {transformation:[-0.6362424423265606f,0f,0.7714891798219423f,-27.9375f,0f,1f,0f,3.4375f,-0.7714891798219423f,0f,-0.6362424423265606f,-0.06250000000000343f,0f,0f,0f,1f],start_interpolation:0}
execute if entity @s[tag=aj.stage.bone.outfit] run data modify entity @s {} merge value {transformation:[-0.6362424423265606f,0f,0.7714891798219423f,-27.9375f,0f,1f,0f,2f,-0.7714891798219423f,0f,-0.6362424423265606f,-0.06250000000000344f,0f,0f,0f,1f],start_interpolation:0}
execute if entity @s[tag=aj.stage.bone.chest] run data modify entity @s {} merge value {transformation:[-0.6362424423265606f,0f,0.7714891798219423f,-27.938311097311242f,0f,1f,0f,2.6875f,-0.7714891798219423f,0f,-0.6362424423265606f,-0.07600821986659625f,0f,0f,0f,1f],start_interpolation:0}
execute if entity @s[tag=aj.stage.bone.waist] run data modify entity @s {} merge value {transformation:[-0.6362424423265606f,0f,0.7714891798219423f,-27.9375f,0f,1f,0f,3.5f,-0.7714891798219423f,0f,-0.6362424423265606f,-0.06250000000000343f,0f,0f,0f,1f],start_interpolation:0}
execute if entity @s[tag=aj.stage.bone.right_leg] run data modify entity @s {} merge value {transformation:[-0.6362424423265606f,0f,0.7714891798219423f,-27.82168116676393f,0f,1f,0f,2.6875f,-0.7714891798219423f,0f,-0.6362424423265606f,-0.020294427289332638f,0f,0f,0f,1f],start_interpolation:0}
execute if entity @s[tag=aj.stage.bone.left_leg] run data modify entity @s {} merge value {transformation:[-0.6362424423265606f,0f,0.7714891798219423f,-27.956882685758327f,0f,1f,0f,2.6875f,-0.7714891798219423f,0f,-0.6362424423265606f,-0.18423587800149427f,0f,0f,0f,1f],start_interpolation:0}