execute if entity @s[tag=aj.stage.bone.right_straight] run data modify entity @s {} merge value {transformation:[0.6363018434595894f,-0.24356448576306453f,-0.7319810826004332f,-28.077472125632653f,0.24697570801326496f,0.9632266455700358f,-0.10581790451168106f,2.9690734546238495f,0.7308371663108512f,-0.11344941841574475f,0.6730574015638299f,-0.055364602942226504f,0f,0f,0f,1f],start_interpolation:0}
execute if entity @s[tag=aj.stage.bone.microphone] run data modify entity @s {} merge value {transformation:[0.6363018434595894f,-0.29290132235591476f,-0.7136727396868152f,-27.6948350358365f,0.24697570801326496f,0.953771275664821f,-0.17124063001532874f,3.3363701979885736f,0.7308371663108512f,-0.06729910161998263f,0.6792259324112033f,-0.06057925133785838f,0f,0f,0f,1f],start_interpolation:0}
execute if entity @s[tag=aj.stage.bone.right_bend] run data modify entity @s {} merge value {transformation:[0.6363018434595894f,-0.7136727396868153f,0.2929013223559146f,-27.95513303622841f,0.24697570801326496f,-0.17124063001532852f,-0.953771275664821f,3.147545779684844f,0.7308371663108512f,0.6792259324112033f,0.06729910161998279f,0.23319431655927833f,0f,0f,0f,1f],start_interpolation:0}
execute if entity @s[tag=aj.stage.bone.head] run data modify entity @s {} merge value {transformation:[-3.4439641172835573e-16f,0.04216926046577352f,-0.9991104811139606f,-27.9375f,0.0184534761708055f,0.9989403526921242f,0.042162079888781616f,3.4375f,0.9998297201109865f,-0.01843706145523848f,-0.0007781694431459862f,-0.06250000000000343f,0f,0f,0f,1f],start_interpolation:0}