execute if entity @s[tag=aj.stage.bone.left_bend] run data modify entity @s {} merge value {transformation:[-3.431983230007545e-16f,-0.3066447409333333f,-0.9518240398613228f,-28f,-0.08715574274765818f,0.948202062026116f,-0.30547786511550346f,3.0451769882155957f,0.9961946980917455f,0.08295693115919009f,-0.026725850155708213f,-0.43893340353037524f,0f,0f,0f,1f],start_interpolation:0}
execute if entity @s[tag=aj.stage.bone.right_straight] run data modify entity @s {} merge value {transformation:[0.6625045278815584f,-0.24268919864551816f,-0.7086534437912722f,-28.0878039656037f,0.24527949054408035f,0.9641878851517783f,-0.10089446786111488f,2.968997015507536f,0.7077610628276113f,-0.10697511386924236f,0.6983055226459209f,-0.055955912516717166f,0f,0f,0f,1f],start_interpolation:0}
execute if entity @s[tag=aj.stage.bone.microphone] run data modify entity @s {} merge value {transformation:[0.6625045278815584f,-0.3100430383238912f,-0.6818805356683264f,-27.70981020527594f,0.24527949054408035f,0.9499229050477984f,-0.1936090028484937f,3.345127033953291f,0.7077610628276113f,-0.03898446937489112f,0.7053754242193928f,-0.07334109754182788f,0f,0f,0f,1f],start_interpolation:0}
execute if entity @s[tag=aj.stage.bone.right_bend] run data modify entity @s {} merge value {transformation:[0.6625045278815584f,-0.6818805356683265f,0.310043038323891f,-27.95464748674519f,0.24527949054408035f,-0.19360900284849347f,-0.9499229050477984f,3.147432292321502f,0.7077610628276113f,0.7053754242193928f,0.03898446937489128f,0.22779693374061877f,0f,0f,0f,1f],start_interpolation:0}
execute if entity @s[tag=aj.stage.bone.head] run data modify entity @s {} merge value {transformation:[-3.444254698055021e-16f,0.017856274191778845f,-0.9998405640260791f,-27.9375f,0.022057133892584953f,0.9995973146426207f,0.017851929971465823f,3.4375f,0.9997567118276549f,-0.02205361719196088f,-0.00039385823067111944f,-0.06250000000000343f,0f,0f,0f,1f],start_interpolation:0}