execute if entity @s[tag=aj.stage.bone.left_straight] run data modify entity @s {} merge value {transformation:[0.19633018066209085f,-0.24653443109761755f,-0.9490391111248075f,-27.783079757967563f,-0.20197770595758166f,0.936951683910839f,-0.28517809928666654f,2.4995933731294464f,0.9595100137347726f,0.24767381028283397f,0.13415743454121098f,-0.16921316609037418f,0f,0f,0f,1f],start_interpolation:0}
execute if entity @s[tag=aj.stage.bone.left_bend] run data modify entity @s {} merge value {transformation:[0.19633018066209085f,-0.5679422279176305f,-0.7993097559201621f,-27.907549588338394f,-0.20197770595758166f,0.7742689676564521f,-0.5997604288549925f,2.5673931185334355f,0.9595100137347726f,0.27919382420134264f,0.03730069798980083f,-0.4991276788560662f,0f,0f,0f,1f],start_interpolation:0}
execute if entity @s[tag=aj.stage.bone.right_straight] run data modify entity @s {} merge value {transformation:[0.17239076649088808f,-0.43288789214683776f,-0.8848104296748269f,-27.841379925022643f,0.3395453848342958f,0.8693198766273771f,-0.35915440097302403f,2.488468737844788f,0.9246568851560097f,-0.23851839537702232f,0.296847805786663f,-0.02495600454169511f,0f,0f,0f,1f],start_interpolation:0}
execute if entity @s[tag=aj.stage.bone.microphone] run data modify entity @s {} merge value {transformation:[0.17239076649088808f,-0.20193486948186862f,-0.9641077388528863f,-27.52998709682587f,0.3395453848342958f,0.9309556909902159f,-0.1342774480345067f,2.8360877251789653f,0.9246568851560097f,-0.3042101410214169f,0.22905421810854207f,0.14663340487532475f,0f,0f,0f,1f],start_interpolation:0}
execute if entity @s[tag=aj.stage.bone.right_bend] run data modify entity @s {} merge value {transformation:[0.17239076649088808f,-0.9641077388528863f,0.2019348694818684f,-27.907253380924f,0.3395453848342958f,-0.1342774480345065f,-0.9309556909902159f,2.665746834282604f,0.9246568851560097f,0.229054218108542f,0.30421014102141697f,0.2821573913950641f,0f,0f,0f,1f],start_interpolation:0}
execute if entity @s[tag=aj.stage.bone.head] run data modify entity @s {} merge value {transformation:[-3.4450928483976665e-16f,-0.011555789757364512f,-0.9999332296324008f,-27.9375f,0f,0.9999332296324008f,-0.011555789757364512f,2.9375f,1f,-3.981076865068349e-18f,-3.444862818281766e-16f,-0.06250000000000343f,0f,0f,0f,1f],start_interpolation:0}
execute if entity @s[tag=aj.stage.bone.outfit] run data modify entity @s {} merge value {transformation:[-3.4450928483976665e-16f,0f,-1f,-27.9375f,0f,1f,0f,1.5f,1f,0f,-3.4450928483976665e-16f,-0.06250000000000343f,0f,0f,0f,1f],start_interpolation:0}
execute if entity @s[tag=aj.stage.bone.chest] run data modify entity @s {} merge value {transformation:[-3.4450928483976665e-16f,0f,-1f,-27.94546875f,0f,1f,0f,2.1875f,1f,0f,-3.4450928483976665e-16f,-0.05156250000000272f,0f,0f,0f,1f],start_interpolation:0}
execute if entity @s[tag=aj.stage.bone.waist] run data modify entity @s {} merge value {transformation:[-3.4450928483976665e-16f,0f,-1f,-27.9375f,0f,1f,0f,3f,1f,0f,-3.4450928483976665e-16f,-0.06250000000000343f,0f,0f,0f,1f],start_interpolation:0}
execute if entity @s[tag=aj.stage.bone.right_leg] run data modify entity @s {} merge value {transformation:[-3.4450928483976665e-16f,0f,-1f,-28f,0f,1f,0f,2.1875f,1f,0f,-3.4450928483976665e-16f,-0.16875000000000273f,0f,0f,0f,1f],start_interpolation:0}
execute if entity @s[tag=aj.stage.bone.left_leg] run data modify entity @s {} merge value {transformation:[-3.4450928483976665e-16f,0f,-1f,-28f,0f,1f,0f,2.1875f,1f,0f,-3.4450928483976665e-16f,0.043749999999995834f,0f,0f,0f,1f],start_interpolation:0}
execute if entity @s[tag=aj.stage.bone.platform] run data modify entity @s {} merge value {transformation:[-2f,0f,2.4492935982947064e-16f,-28f,0f,2f,0f,2.5f,-2.4492935982947064e-16f,0f,-2f,-3.429011037612589e-15f,0f,0f,0f,1f],start_interpolation:0}