execute if entity @s[tag=aj.stage.bone.left_straight] run data modify entity @s {} merge value {transformation:[-0.9779726234534217f,-0.0855615177908816f,0.19039110916466825f,-27.912240162587096f,-0.08715574274765818f,0.9961946980917455f,0f,3.0018115019836387f,-0.18966661351364925f,-0.01659367853179713f,-0.981708319996855f,-0.06571837094917486f,0f,0f,0f,1f],start_interpolation:0}
execute if entity @s[tag=aj.stage.bone.left_bend] run data modify entity @s {} merge value {transformation:[-0.9779726234534217f,-0.0855615177908816f,0.19039110916466825f,-27.55605275150671f,-0.08715574274765818f,0.9961946980917455f,0f,3.0451769882155957f,-0.18966661351364925f,-0.01659367853179713f,-0.981708319996855f,-0.05218719677502823f,0f,0f,0f,1f],start_interpolation:0}
execute if entity @s[tag=aj.stage.bone.right_straight] run data modify entity @s {} merge value {transformation:[-0.9779726234534217f,0.0855615177908816f,0.19039110916466825f,-27.981118630248638f,0.08715574274765818f,0.9961946980917455f,0f,3.003718033856244f,-0.18966661351364925f,0.01659367853179713f,-0.981708319996855f,-0.07907656257139321f,0f,0f,0f,1f],start_interpolation:0}
execute if entity @s[tag=aj.stage.bone.microphone] run data modify entity @s {} merge value {transformation:[-0.9779726234534217f,-0.19039110916466823f,0.08556151779088164f,-28.337797005022825f,0.08715574274765818f,2.2119965816619248e-16f,0.9961946980917455f,2.7254195311375633f,-0.18966661351364925f,0.981708319996855f,0.016593678531796913f,-0.10970202002743763f,0f,0f,0f,1f],start_interpolation:0}
execute if entity @s[tag=aj.stage.bone.right_bend] run data modify entity @s {} merge value {transformation:[-0.9779726234534217f,0.0855615177908816f,0.19039110916466825f,-28.28090986565032f,0.08715574274765818f,0.9961946980917455f,0f,3.1416833495932335f,-0.18966661351364925f,0.01659367853179713f,-0.981708319996855f,-0.2245972156167194f,0f,0f,0f,1f],start_interpolation:0}
execute if entity @s[tag=aj.stage.bone.head] run data modify entity @s {} merge value {transformation:[-0.981708319996855f,0f,0.19039110916466825f,-27.9375f,0f,1f,0f,3.4375f,-0.19039110916466825f,0f,-0.981708319996855f,-0.06250000000000343f,0f,0f,0f,1f],start_interpolation:0}
execute if entity @s[tag=aj.stage.bone.outfit] run data modify entity @s {} merge value {transformation:[-0.981708319996855f,0f,0.19039110916466825f,-27.9375f,0f,1f,0f,2f,-0.19039110916466825f,0f,-0.981708319996855f,-0.06250000000000343f,0f,0f,0f,1f],start_interpolation:0}
execute if entity @s[tag=aj.stage.bone.chest] run data modify entity @s {} merge value {transformation:[-0.981708319996855f,0f,0.19039110916466825f,-27.94672025559881f,0f,1f,0f,2.6875f,-0.19039110916466825f,0f,-0.981708319996855f,-0.07240539093146706f,0f,0f,0f,1f],start_interpolation:0}
execute if entity @s[tag=aj.stage.bone.waist] run data modify entity @s {} merge value {transformation:[-0.981708319996855f,0f,0.19039110916466825f,-27.9375f,0f,1f,0f,3.5f,-0.19039110916466825f,0f,-0.981708319996855f,-0.06250000000000343f,0f,0f,0f,1f],start_interpolation:0}
execute if entity @s[tag=aj.stage.bone.right_leg] run data modify entity @s {} merge value {transformation:[-0.981708319996855f,0f,0.19039110916466825f,-27.821294046677544f,0f,1f,0f,2.6875f,-0.19039110916466825f,0f,-0.981708319996855f,-0.10362771465106099f,0f,0f,0f,1f],start_interpolation:0}
execute if entity @s[tag=aj.stage.bone.left_leg] run data modify entity @s {} merge value {transformation:[-0.981708319996855f,0f,0.19039110916466825f,-28.029907064676873f,0f,1f,0f,2.6875f,-0.19039110916466825f,0f,-0.981708319996855f,-0.14408582534855274f,0f,0f,0f,1f],start_interpolation:0}