execute if entity @s[tag=aj.stage.bone.left_bend] run data modify entity @s {} merge value {transformation:[-3.431983230007545e-16f,-0.8311470453329293f,-0.5560526854843357f,-28f,-0.08715574274765818f,0.5539367371391721f,-0.8279842798952838f,3.0451769882155957f,0.9961946980917455f,0.04846318481021696f,-0.07243923806851317f,-0.43893340353037524f,0f,0f,0f,1f],start_interpolation:0}
execute if entity @s[tag=aj.stage.bone.right_straight] run data modify entity @s {} merge value {transformation:[0.5875759674852695f,-0.2693174281077596f,-0.7630351272065863f,-28.04958286400645f,0.26329223930645035f,0.9553038418537494f,-0.13443127039666608f,2.968273518101313f,0.7651350724903052f,-0.12191264354810938f,0.6322227678503577f,-0.05638616561642043f,0f,0f,0f,1f],start_interpolation:0}
execute if entity @s[tag=aj.stage.bone.microphone] run data modify entity @s {} merge value {transformation:[0.5875759674852695f,-0.29202234906665f,-0.7546372837856246f,-27.671307047994347f,0.26329223930645035f,0.9508549405389053f,-0.16294808613098205f,3.333815955225303f,0.7651350724903052f,-0.10294576095376956f,0.6355867298385838f,-0.040879446574148215f,0f,0f,0f,1f],start_interpolation:0}
execute if entity @s[tag=aj.stage.bone.right_bend] run data modify entity @s {} merge value {transformation:[0.5875759674852695f,-0.7546372837856247f,0.2920223490666498f,-27.948940938032734f,0.26329223930645035f,-0.16294808613098183f,-0.9508549405389053f,3.1488551417845305f,0.7651350724903052f,0.6355867298385838f,0.1029457609537697f,0.23915901461334776f,0f,0f,0f,1f],start_interpolation:0}