execute if entity @s[tag=aj.stage.bone.left_straight] run data modify entity @s {} merge value {transformation:[-0.7922665417927494f,-0.06931434089775326f,0.6062254109666368f,-27.913434948700356f,-0.08715574274765818f,0.9961946980917455f,0f,3.0018115019836387f,-0.6039185402534532f,-0.052836025965301556f,-0.7952928712734273f,-0.05417590223277484f,0f,0f,0f,1f],start_interpolation:0}
execute if entity @s[tag=aj.stage.bone.left_bend] run data modify entity @s {} merge value {transformation:[-0.7922665417927494f,-0.06931434089775326f,0.6062254109666368f,-27.600236109477688f,-0.08715574274765818f,0.9961946980917455f,0f,3.0451769882155957f,-0.6039185402534532f,-0.052836025965301556f,-0.7952928712734273f,0.11599769030217688f,0f,0f,0f,1f],start_interpolation:0}
execute if entity @s[tag=aj.stage.bone.right_straight] run data modify entity @s {} merge value {transformation:[-0.7922665417927494f,0.06931434089775326f,0.6062254109666368f,-27.969234164414082f,0.08715574274765818f,0.9961946980917455f,0f,3.003718033856244f,-0.6039185402534532f,0.052836025965301556f,-0.7952928712734273f,-0.09670979597119739f,0f,0f,0f,1f],start_interpolation:0}
execute if entity @s[tag=aj.stage.bone.microphone] run data modify entity @s {} merge value {transformation:[-0.7922665417927494f,-0.6062254109666368f,0.0693143408977534f,-28.275287915782556f,0.08715574274765818f,2.2119965816619248e-16f,0.9961946980917455f,2.7254195311375633f,-0.6039185402534532f,0.7952928712734273f,0.05283602596530138f,-0.2824205467349327f,0f,0f,0f,1f],start_interpolation:0}
execute if entity @s[tag=aj.stage.bone.right_bend] run data modify entity @s {} merge value {transformation:[-0.7922665417927494f,0.06931434089775326f,0.6062254109666368f,-28.173326343284305f,0.08715574274765818f,0.9961946980917455f,0f,3.1416833495932335f,-0.6039185402534532f,0.052836025965301556f,-0.7952928712734273f,-0.3601437114232682f,0f,0f,0f,1f],start_interpolation:0}
execute if entity @s[tag=aj.stage.bone.head] run data modify entity @s {} merge value {transformation:[-0.7952928712734273f,0f,0.6062254109666368f,-27.9375f,0f,1f,0f,3.4375f,-0.6062254109666368f,0f,-0.7952928712734273f,-0.06250000000000343f,0f,0f,0f,1f],start_interpolation:0}
execute if entity @s[tag=aj.stage.bone.outfit] run data modify entity @s {} merge value {transformation:[-0.7952928712734273f,0f,0.6062254109666368f,-27.9375f,0f,1f,0f,2f,-0.6062254109666368f,0f,-0.7952928712734273f,-0.06250000000000343f,0f,0f,0f,1f],start_interpolation:0}
execute if entity @s[tag=aj.stage.bone.chest] run data modify entity @s {} merge value {transformation:[-0.7952928712734273f,0f,0.6062254109666368f,-27.94136765703591f,0f,1f,0f,2.6875f,-0.6062254109666368f,0f,-0.7952928712734273f,-0.07546808050041157f,0f,0f,0f,1f],start_interpolation:0}
execute if entity @s[tag=aj.stage.bone.waist] run data modify entity @s {} merge value {transformation:[-0.7952928712734273f,0f,0.6062254109666368f,-27.9375f,0f,1f,0f,3.5f,-0.6062254109666368f,0f,-0.7952928712734273f,-0.06250000000000343f,0f,0f,0f,1f],start_interpolation:0}
execute if entity @s[tag=aj.stage.bone.right_leg] run data modify entity @s {} merge value {transformation:[-0.7952928712734273f,0f,0.6062254109666368f,-27.815111044241785f,0f,1f,0f,2.6875f,-0.6062254109666368f,0f,-0.7952928712734273f,-0.04779435453938789f,0f,0f,0f,1f],start_interpolation:0}
execute if entity @s[tag=aj.stage.bone.left_leg] run data modify entity @s {} merge value {transformation:[-0.7952928712734273f,0f,0.6062254109666368f,-27.984110779387386f,0f,1f,0f,2.6875f,-0.6062254109666368f,0f,-0.7952928712734273f,-0.17661725436979736f,0f,0f,0f,1f],start_interpolation:0}