execute if entity @s[tag=aj.stage.bone.right_straight] run data modify entity @s {} merge value {transformation:[0.659838747382337f,-0.24072068438305397f,-0.7118050151291873f,-28.087507700683485f,0.24428576260549456f,0.9645595151089802f,-0.09974671924921168f,2.969121145812188f,0.7105893987677838f,-0.10806708066235164f,0.6952583781846549f,-0.05559784728537598f,0f,0f,0f,1f],start_interpolation:0}
execute if entity @s[tag=aj.stage.bone.microphone] run data modify entity @s {} merge value {transformation:[0.659838747382337f,-0.305603221070133f,-0.6864542947090271f,-27.707990629852066f,0.24428576260549456f,0.9511776224578394f,-0.1886414501738789f,3.343142425579288f,0.7105893987677838f,-0.04321807268969184f,0.7022783668545033f,-0.07165936214332336f,0f,0f,0f,1f],start_interpolation:0}
execute if entity @s[tag=aj.stage.bone.right_bend] run data modify entity @s {} merge value {transformation:[0.659838747382337f,-0.6864542947090272f,0.3056032210701328f,-27.955293466378752f,0.24428576260549456f,-0.18864145017387868f,-0.9511776224578394f,3.1473647998837775f,0.7105893987677838f,0.7022783668545033f,0.043218072689691994f,0.22871548279823428f,0f,0f,0f,1f],start_interpolation:0}
execute if entity @s[tag=aj.stage.bone.head] run data modify entity @s {} merge value {transformation:[-3.444753602063516e-16f,0.024824550932337704f,-0.9996918233490798f,-27.9375f,0.022618318919094688f,0.9994360752898926f,0.024818200144452022f,3.4375f,0.9997441731009359f,-0.02261134848132075f,-0.0005614896100112678f,-0.06250000000000343f,0f,0f,0f,1f],start_interpolation:0}