execute if entity @s[tag=aj.stage.bone.left_straight] run data modify entity @s {} merge value {transformation:[0.47811405110514765f,-0.493420435515556f,-0.7265970189530531f,-27.59959626004658f,-0.3343247372355942f,0.6627572042425522f,-0.6700595930937387f,1.8798899653036538f,0.812178505137987f,0.5632842639735597f,0.15191087436911765f,-0.3447369786165684f,0f,0f,0f,1f],start_interpolation:0}
execute if entity @s[tag=aj.stage.bone.left_bend] run data modify entity @s {} merge value {transformation:[0.47811405110514765f,-0.8737701510713365f,-0.08906557827016037f,-27.814967336681665f,-0.3343247372355942f,-0.0872833087304184f,-0.9384074776393362f,1.970216048409043f,0.812178505137987f,0.47844262677341376f,-0.33385435249219164f,-0.6174815989900884f,0f,0f,0f,1f],start_interpolation:0}
execute if entity @s[tag=aj.stage.bone.right_straight] run data modify entity @s {} merge value {transformation:[-0.4781137445213648f,-0.4934211633502462f,-0.7265967264293508f,-27.610054840865164f,0.33432423375588566f,0.6627570783133621f,-0.6700599688603073f,1.8872035557836053f,0.8121788928698523f,-0.5632837745786982f,-0.1519106160644322f,0.2022530506482585f,0f,0f,0f,1f],start_interpolation:0}
execute if entity @s[tag=aj.stage.bone.microphone] run data modify entity @s {} merge value {transformation:[-0.4781137445213648f,0.08906483268582885f,-0.8737703948283007f,-27.508375386314004f,0.33432423375588566f,0.9384076227100742f,-0.08728367753003351f,2.1651296637361424f,0.8121788928698523f,-0.3338541436290289f,-0.47844211432359157f,0.5544807608064412f,0f,0f,0f,1f],start_interpolation:0}
execute if entity @s[tag=aj.stage.bone.right_bend] run data modify entity @s {} merge value {transformation:[-0.4781137445213648f,-0.8737703948283007f,-0.08906483268582904f,-27.88547338664413f,0.33432423375588566f,-0.0872836775300333f,-0.9384076227100742f,2.013481313567212f,0.8121788928698523f,-0.4784421143235916f,0.33385414362902877f,0.39791609305268344f,0f,0f,0f,1f],start_interpolation:0}
execute if entity @s[tag=aj.stage.bone.head] run data modify entity @s {} merge value {transformation:[-3.4450928483976665e-16f,-0.30891920695539266f,-0.9510882837960161f,-27.9375f,0f,0.9510882837960161f,-0.30891920695539266f,2.2375f,1f,-1.0642553506147019e-16f,-3.276587444700465e-16f,-0.06250000000000343f,0f,0f,0f,1f],start_interpolation:0}
execute if entity @s[tag=aj.stage.bone.outfit] run data modify entity @s {} merge value {transformation:[-3.4450928483976665e-16f,0f,-1f,-27.9375f,0f,1f,0f,0.8f,1f,0f,-3.4450928483976665e-16f,-0.06250000000000343f,0f,0f,0f,1f],start_interpolation:0}
execute if entity @s[tag=aj.stage.bone.chest] run data modify entity @s {} merge value {transformation:[-3.4450928483976665e-16f,0f,-1f,-27.94546875f,0f,1f,0f,1.4875f,1f,0f,-3.4450928483976665e-16f,-0.05156250000000272f,0f,0f,0f,1f],start_interpolation:0}
execute if entity @s[tag=aj.stage.bone.waist] run data modify entity @s {} merge value {transformation:[-3.4450928483976665e-16f,0f,-1f,-27.9375f,0f,1f,0f,2.3f,1f,0f,-3.4450928483976665e-16f,-0.06250000000000343f,0f,0f,0f,1f],start_interpolation:0}
execute if entity @s[tag=aj.stage.bone.right_leg] run data modify entity @s {} merge value {transformation:[-3.4450928483976665e-16f,0f,-1f,-28f,0f,1f,0f,1.4875f,1f,0f,-3.4450928483976665e-16f,-0.16875000000000273f,0f,0f,0f,1f],start_interpolation:0}
execute if entity @s[tag=aj.stage.bone.left_leg] run data modify entity @s {} merge value {transformation:[-3.4450928483976665e-16f,0f,-1f,-28f,0f,1f,0f,1.4875f,1f,0f,-3.4450928483976665e-16f,0.043749999999995834f,0f,0f,0f,1f],start_interpolation:0}
execute if entity @s[tag=aj.stage.bone.platform] run data modify entity @s {} merge value {transformation:[-2f,0f,2.4492935982947064e-16f,-28f,0f,2f,0f,1.8f,-2.4492935982947064e-16f,0f,-2f,-3.429011037612589e-15f,0f,0f,0f,1f],start_interpolation:0}