execute if entity @s[tag=aj.stage.bone.left_straight] run data modify entity @s {} merge value {transformation:[0.4927443127130444f,-0.30860064182247915f,-0.8136145808401564f,-27.66127958276694f,-0.3394061538688747f,0.792786938143966f,-0.5062532305321649f,1.2687685627463035f,0.8012530842404835f,0.5255991957519242f,0.28590029804119355f,-0.3413157356648858f,0f,0f,0f,1f],start_interpolation:0}
execute if entity @s[tag=aj.stage.bone.left_bend] run data modify entity @s {} merge value {transformation:[0.4927443127130444f,-0.7370978447894999f,-0.46248222614023093f,-27.884274759316572f,-0.3394061538688747f,0.3265870837089093f,-0.8821249001532876f,1.3714548981960126f,0.8012530842404835f,0.5916313412600656f,-0.08925161642193691f,-0.603349698406975f,0f,0f,0f,1f],start_interpolation:0}
execute if entity @s[tag=aj.stage.bone.right_straight] run data modify entity @s {} merge value {transformation:[-0.5105864918013239f,-0.29593234348789105f,-0.8072951644025755f,-27.671373835661985f,0.32899802922214205f,0.8002136429037628f,-0.5014164162436603f,1.276515420722585f,0.7943939395274633f,-0.5216149669904554f,-0.3112171188311834f,0.22808909006482764f,0f,0f,0f,1f],start_interpolation:0}
execute if entity @s[tag=aj.stage.bone.microphone] run data modify entity @s {} merge value {transformation:[-0.5105864918013239f,0.5029675390759035f,-0.6973701234107654f,-27.5882480944201f,0.32899802922214205f,0.8636207610583136f,0.38199408089263076f,1.3769477149961074f,0.7943939395274633f,-0.034392378588704385f,-0.6064284237542367f,0.6558061669535872f,0f,0f,0f,1f],start_interpolation:0}
execute if entity @s[tag=aj.stage.bone.right_bend] run data modify entity @s {} merge value {transformation:[-0.5105864918013239f,-0.6973701234107653f,-0.5029675390759036f,-27.94292179085501f,0.32899802922214205f,0.3819940808926309f,-0.8636207610583135f,1.4305213175597766f,0.7943939395274633f,-0.6064284237542367f,0.03439237858870425f,0.40872509257449247f,0f,0f,0f,1f],start_interpolation:0}
execute if entity @s[tag=aj.stage.bone.head] run data modify entity @s {} merge value {transformation:[-3.4450928483976665e-16f,-0.5471225824288698f,-0.837052495245289f,-27.9375f,0f,0.837052495245289f,-0.5471225824288698f,1.6875f,1f,-1.8848880959225621e-16f,-2.883723565102967e-16f,-0.06250000000000343f,0f,0f,0f,1f],start_interpolation:0}
execute if entity @s[tag=aj.stage.bone.outfit] run data modify entity @s {} merge value {transformation:[-3.4450928483976665e-16f,0f,-1f,-27.9375f,0f,1f,0f,0.25f,1f,0f,-3.4450928483976665e-16f,-0.06250000000000343f,0f,0f,0f,1f],start_interpolation:0}
execute if entity @s[tag=aj.stage.bone.chest] run data modify entity @s {} merge value {transformation:[-3.4450928483976665e-16f,0f,-1f,-27.94546875f,0f,1f,0f,0.9375f,1f,0f,-3.4450928483976665e-16f,-0.05156250000000272f,0f,0f,0f,1f],start_interpolation:0}
execute if entity @s[tag=aj.stage.bone.waist] run data modify entity @s {} merge value {transformation:[-3.4450928483976665e-16f,0f,-1f,-27.9375f,0f,1f,0f,1.75f,1f,0f,-3.4450928483976665e-16f,-0.06250000000000343f,0f,0f,0f,1f],start_interpolation:0}
execute if entity @s[tag=aj.stage.bone.right_leg] run data modify entity @s {} merge value {transformation:[-3.4450928483976665e-16f,0f,-1f,-28f,0f,1f,0f,0.9375f,1f,0f,-3.4450928483976665e-16f,-0.16875000000000273f,0f,0f,0f,1f],start_interpolation:0}
execute if entity @s[tag=aj.stage.bone.left_leg] run data modify entity @s {} merge value {transformation:[-3.4450928483976665e-16f,0f,-1f,-28f,0f,1f,0f,0.9375f,1f,0f,-3.4450928483976665e-16f,0.043749999999995834f,0f,0f,0f,1f],start_interpolation:0}
execute if entity @s[tag=aj.stage.bone.platform] run data modify entity @s {} merge value {transformation:[-2f,0f,2.4492935982947064e-16f,-28f,0f,2f,0f,1.25f,-2.4492935982947064e-16f,0f,-2f,-3.429011037612589e-15f,0f,0f,0f,1f],start_interpolation:0}