execute if entity @s[tag=aj.stage.bone.left_bend] run data modify entity @s {} merge value {transformation:[-3.431983230007545e-16f,-0.9369331955703146f,0.34950849351396124f,-28f,-0.08715574274765818f,-0.34817850817664137f,-0.933367881893304f,3.0451769882155957f,0.9961946980917455f,-0.03046167234882468f,-0.08165910856486752f,-0.43893340353037524f,0f,0f,0f,1f],start_interpolation:0}
execute if entity @s[tag=aj.stage.bone.right_straight] run data modify entity @s {} merge value {transformation:[0.6349642090243484f,-0.26468944461356314f,-0.7257823028761773f,-28.06917904982444f,0.2591617659046683f,0.9580145719464656f,-0.12265096424979433f,2.967955388549844f,0.7277744378248371f,-0.11021605077480262f,0.6769023487921642f,-0.058126054986924f,0f,0f,0f,1f],start_interpolation:0}
execute if entity @s[tag=aj.stage.bone.microphone] run data modify entity @s {} merge value {transformation:[0.6349642090243484f,-0.3202772128085245f,-0.7030241533643683f,-27.696594293900237f,0.2591617659046683f,0.9455897921111217f,-0.1967107626654415f,3.34689000066013f,0.7277744378248371f,-0.05729268723710563f,0.6834192824598189f,-0.06418335495203756f,0f,0f,0f,1f],start_interpolation:0}
execute if entity @s[tag=aj.stage.bone.right_bend] run data modify entity @s {} merge value {transformation:[0.6349642090243484f,-0.7030241533643684f,0.32027721280852434f,-27.949063945181734f,0.2591617659046683f,-0.19671076266544127f,-0.9455897921111217f,3.1484693545445834f,0.7277744378248371f,0.6834192824598189f,0.05729268723710578f,0.23009702415548786f,0f,0f,0f,1f],start_interpolation:0}
execute if entity @s[tag=aj.stage.bone.head] run data modify entity @s {} merge value {transformation:[-3.2856434464183463e-16f,-1.0359593993438737e-16f,-1f,-27.9375f,-0.30070579950427306f,0.9537169507482269f,0f,3.4375f,0.9537169507482269f,0.30070579950427306f,-3.4450928483976665e-16f,-0.06250000000000343f,0f,0f,0f,1f],start_interpolation:0}