execute if entity @s[tag=aj.stage.bone.left_straight] run data modify entity @s {} merge value {transformation:[0.3084843825246055f,-0.37085904637572964f,-0.8759571641694001f,-27.699109525994096f,-0.26107068437039527f,0.8524979914295585f,-0.45286783101799344f,2.295503968868621f,0.9147018549783237f,0.3683893895456991f,0.16616189144734994f,-0.2336285899043253f,0f,0f,0f,1f],start_interpolation:0}
execute if entity @s[tag=aj.stage.bone.left_bend] run data modify entity @s {} merge value {transformation:[0.3084843825246055f,-0.7871666435611062f,-0.5340468715413986f,-27.860927857609102f,-0.26107068437039527f,0.46980621908985515f,-0.8432818118914154f,2.374063253213915f,0.9147018549783237f,0.3995632512747354f,-0.06057825294589153f,-0.5443960210796406f,0f,0f,0f,1f],start_interpolation:0}
execute if entity @s[tag=aj.stage.bone.right_straight] run data modify entity @s {} merge value {transformation:[-0.08558411980821858f,-0.4984449935320505f,-0.8626864707757312f,-27.731325728523167f,0.3573093799935438f,0.7929126344110352f,-0.4935783232274098f,2.294494769075117f,0.9300566463421902f,-0.3504884343515292f,0.11023834169893863f,0.0387737882585906f,0f,0f,0f,1f],start_interpolation:0}
execute if entity @s[tag=aj.stage.bone.microphone] run data modify entity @s {} merge value {transformation:[-0.08558411980821858f,-0.11574565700088124f,-0.9895849136491961f,-27.489138449772284f,0.3573093799935438f,0.9235955290511829f,-0.13892913907922635f,2.629127281847347f,0.9300566463421902f,-0.36547810003076797f,-0.03768810147272121f,0.2877210435971949f,0f,0f,0f,1f],start_interpolation:0}
execute if entity @s[tag=aj.stage.bone.right_bend] run data modify entity @s {} merge value {transformation:[-0.08558411980821858f,-0.9895849136491961f,0.11574565700088102f,-27.88832893838564f,0.3573093799935438f,-0.13892913907922616f,-0.9235955290511829f,2.457796850953574f,0.9300566463421902f,-0.037688101472721294f,0.36547810003076797f,0.3194299761110137f,0f,0f,0f,1f],start_interpolation:0}
execute if entity @s[tag=aj.stage.bone.head] run data modify entity @s {} merge value {transformation:[-3.4450928483976665e-16f,-0.08520479853367159f,-0.9963634589379703f,-27.9375f,0f,0.9963634589379703f,-0.08520479853367159f,2.7125f,1f,-2.93538442077516e-17f,-3.4325646267919634e-16f,-0.06250000000000343f,0f,0f,0f,1f],start_interpolation:0}
execute if entity @s[tag=aj.stage.bone.outfit] run data modify entity @s {} merge value {transformation:[-3.4450928483976665e-16f,0f,-1f,-27.9375f,0f,1f,0f,1.275f,1f,0f,-3.4450928483976665e-16f,-0.06250000000000343f,0f,0f,0f,1f],start_interpolation:0}
execute if entity @s[tag=aj.stage.bone.chest] run data modify entity @s {} merge value {transformation:[-3.4450928483976665e-16f,0f,-1f,-27.94546875f,0f,1f,0f,1.9625f,1f,0f,-3.4450928483976665e-16f,-0.05156250000000272f,0f,0f,0f,1f],start_interpolation:0}
execute if entity @s[tag=aj.stage.bone.waist] run data modify entity @s {} merge value {transformation:[-3.4450928483976665e-16f,0f,-1f,-27.9375f,0f,1f,0f,2.775f,1f,0f,-3.4450928483976665e-16f,-0.06250000000000343f,0f,0f,0f,1f],start_interpolation:0}
execute if entity @s[tag=aj.stage.bone.right_leg] run data modify entity @s {} merge value {transformation:[-3.4450928483976665e-16f,0f,-1f,-28f,0f,1f,0f,1.9625f,1f,0f,-3.4450928483976665e-16f,-0.16875000000000273f,0f,0f,0f,1f],start_interpolation:0}
execute if entity @s[tag=aj.stage.bone.left_leg] run data modify entity @s {} merge value {transformation:[-3.4450928483976665e-16f,0f,-1f,-28f,0f,1f,0f,1.9625f,1f,0f,-3.4450928483976665e-16f,0.043749999999995834f,0f,0f,0f,1f],start_interpolation:0}
execute if entity @s[tag=aj.stage.bone.platform] run data modify entity @s {} merge value {transformation:[-2f,0f,2.4492935982947064e-16f,-28f,0f,2f,0f,2.275f,-2.4492935982947064e-16f,0f,-2f,-3.429011037612589e-15f,0f,0f,0f,1f],start_interpolation:0}