execute if entity @s[tag=aj.stage.bone.left_bend] run data modify entity @s {} merge value {transformation:[-3.431983230007545e-16f,-0.8565416706599377f,0.5160778685654743f,-28f,-0.08715574274765818f,-0.5141140364674143f,-0.853282271006076f,3.0451769882155957f,0.9961946980917455f,-0.04497914995045253f,-0.07465252550068671f,-0.43893340353037524f,0f,0f,0f,1f],start_interpolation:0}
execute if entity @s[tag=aj.stage.bone.right_straight] run data modify entity @s {} merge value {transformation:[0.6465030992380703f,-0.2595825864884919f,-0.7173915412572932f,-28.075455802966694f,0.25574070331639326f,0.9596663993727003f,-0.11677797130569376f,2.9681336161683554f,0.7187700851752294f,-0.10796889694250608f,0.6868131346663457f,-0.05789799848618632f,0f,0f,0f,1f],start_interpolation:0}
execute if entity @s[tag=aj.stage.bone.microphone] run data modify entity @s {} merge value {transformation:[0.6465030992380703f,-0.32150942382338f,-0.6918565119071499f,-27.702596945635126f,0.25574070331639326f,0.9457238950457054f,-0.2005068752108421f,3.3482244452342758f,0.7187700851752294f,-0.04730755470681076f,0.6936364753419876f,-0.06886687845944156f,0f,0f,0f,1f],start_interpolation:0}
execute if entity @s[tag=aj.stage.bone.right_bend] run data modify entity @s {} merge value {transformation:[0.6465030992380703f,-0.69185651190715f,0.3215094238233798f,-27.95022207879718f,0.25574070331639326f,-0.20050687521084187f,-0.9457238950457054f,3.148193471071165f,0.7187700851752294f,0.6936364753419876f,0.04730755470681091f,0.22842426159120505f,0f,0f,0f,1f],start_interpolation:0}
execute if entity @s[tag=aj.stage.bone.head] run data modify entity @s {} merge value {transformation:[-3.4450928483976665e-16f,0f,-1f,-27.9375f,0f,1f,0f,3.4375f,1f,0f,-3.4450928483976665e-16f,-0.06250000000000343f,0f,0f,0f,1f],start_interpolation:0}