execute if entity @s[tag=aj.stage.bone.left_bend] run data modify entity @s {} merge value {transformation:[-3.431983230007545e-16f,-0.2754818340444506f,-0.9613062774743052f,-28f,-0.08715574274765818f,0.9576482168622152f,-0.27443354249567176f,3.0451769882155957f,0.9961946980917455f,0.08378336262125936f,-0.024009823859631525f,-0.43893340353037524f,0f,0f,0f,1f],start_interpolation:0}
execute if entity @s[tag=aj.stage.bone.right_straight] run data modify entity @s {} merge value {transformation:[0.44910019328917633f,-0.22298783163729363f,-0.8652083236592922f,-28.015877481920057f,0.23718226970184947f,0.963367187822811f,-0.12517281000859543f,2.9733338203792954f,0.8614253231283043f,-0.1489969408010338f,0.48553715028330185f,-0.045247888461318275f,0f,0f,0f,1f],start_interpolation:0}
execute if entity @s[tag=aj.stage.bone.microphone] run data modify entity @s {} merge value {transformation:[0.44910019328917633f,-0.06856577062738381f,-0.890846648692073f,-27.60253660056266f,0.23718226970184947f,0.9704279626268577f,0.04487917435699206f,3.2475489027259448f,0.8614253231283043f,-0.23144827597145579f,0.4520819706902027f,0.04727850068773515f,0f,0f,0f,1f],start_interpolation:0}
execute if entity @s[tag=aj.stage.bone.right_bend] run data modify entity @s {} merge value {transformation:[0.44910019328917633f,-0.890846648692073f,0.06856577062738362f,-27.96501926944023f,0.23718226970184947f,0.04487917435699228f,-0.9704279626268577f,3.1469018505740123f,0.8614253231283043f,0.4520819706902026f,0.2314482759714559f,0.26679867016494635f,0f,0f,0f,1f],start_interpolation:0}