execute if entity @s[tag=aj.stage.bone.left_straight] run data modify entity @s {} merge value {transformation:[0.2841091651554175f,-0.34572602759532595f,-0.8942904987294943f,-27.716494416031907f,-0.2488017578568555f,0.8741911752456624f,-0.416998170751319f,2.3394934776012355f,0.9259479831837372f,0.34097405028207567f,0.16234848158269363f,-0.21880833483513154f,0f,0f,0f,1f],start_interpolation:0}
execute if entity @s[tag=aj.stage.bone.left_bend] run data modify entity @s {} merge value {transformation:[0.2841091651554175f,-0.7494663624550182f,-0.5979817336868536f,-27.870352739651754f,-0.2488017578568555f,0.5446887530917381f,-0.8008819186014291f,2.4159283092828767f,0.9259479831837372f,0.3763167997895003f,-0.031717481522952645f,-0.5341152688557818f,0f,0f,0f,1f],start_interpolation:0}
execute if entity @s[tag=aj.stage.bone.right_straight] run data modify entity @s {} merge value {transformation:[-0.02870518100680314f,-0.4874176899552151f,-0.8726969738128398f,-27.753982945235297f,0.355422530359463f,0.8110255316174142f,-0.4646637622814666f,2.336527241399905f,0.9342648647445987f,-0.3235144240731972f,0.1499585940196301f,0.021983698415260183f,0f,0f,0f,1f],start_interpolation:0}
execute if entity @s[tag=aj.stage.bone.microphone] run data modify entity @s {} merge value {transformation:[-0.02870518100680314f,-0.13696180544553588f,-0.990160328650096f,-27.495039405623597f,0.355422530359463f,0.9244363810206132f,-0.13817453585371095f,2.6747866083738243f,0.9342648647445987f,-0.35589161453258633f,0.022143197807582057f,0.25487592122930847f,0f,0f,0f,1f],start_interpolation:0}
execute if entity @s[tag=aj.stage.bone.right_bend] run data modify entity @s {} merge value {transformation:[-0.02870518100680314f,-0.990160328650096f,0.13696180544553566f,-27.891708735412855f,0.355422530359463f,-0.13817453585371076f,-0.9244363810206132f,2.5036627814476113f,0.9342648647445987f,0.022143197807581977f,0.35589161453258633f,0.31039796922331175f,0f,0f,0f,1f],start_interpolation:0}
execute if entity @s[tag=aj.stage.bone.head] run data modify entity @s {} merge value {transformation:[-3.4450928483976665e-16f,-0.06614080786640304f,-0.9978102993729717f,-27.9375f,0f,0.9978102993729717f,-0.06614080786640304f,2.7625f,1f,-2.2786122416778926e-17f,-3.4375491264273597e-16f,-0.06250000000000343f,0f,0f,0f,1f],start_interpolation:0}
execute if entity @s[tag=aj.stage.bone.outfit] run data modify entity @s {} merge value {transformation:[-3.4450928483976665e-16f,0f,-1f,-27.9375f,0f,1f,0f,1.3250000000000002f,1f,0f,-3.4450928483976665e-16f,-0.06250000000000343f,0f,0f,0f,1f],start_interpolation:0}
execute if entity @s[tag=aj.stage.bone.chest] run data modify entity @s {} merge value {transformation:[-3.4450928483976665e-16f,0f,-1f,-27.94546875f,0f,1f,0f,2.0125f,1f,0f,-3.4450928483976665e-16f,-0.05156250000000272f,0f,0f,0f,1f],start_interpolation:0}
execute if entity @s[tag=aj.stage.bone.waist] run data modify entity @s {} merge value {transformation:[-3.4450928483976665e-16f,0f,-1f,-27.9375f,0f,1f,0f,2.825f,1f,0f,-3.4450928483976665e-16f,-0.06250000000000343f,0f,0f,0f,1f],start_interpolation:0}
execute if entity @s[tag=aj.stage.bone.right_leg] run data modify entity @s {} merge value {transformation:[-3.4450928483976665e-16f,0f,-1f,-28f,0f,1f,0f,2.0125f,1f,0f,-3.4450928483976665e-16f,-0.16875000000000273f,0f,0f,0f,1f],start_interpolation:0}
execute if entity @s[tag=aj.stage.bone.left_leg] run data modify entity @s {} merge value {transformation:[-3.4450928483976665e-16f,0f,-1f,-28f,0f,1f,0f,2.0125f,1f,0f,-3.4450928483976665e-16f,0.043749999999995834f,0f,0f,0f,1f],start_interpolation:0}
execute if entity @s[tag=aj.stage.bone.platform] run data modify entity @s {} merge value {transformation:[-2f,0f,2.4492935982947064e-16f,-28f,0f,2f,0f,2.325f,-2.4492935982947064e-16f,0f,-2f,-3.429011037612589e-15f,0f,0f,0f,1f],start_interpolation:0}