execute if entity @s[tag=aj.stage.bone.left_straight] run data modify entity @s {} merge value {transformation:[0.07979003414284436f,-0.1010834906079501f,-0.9916731711496465f,-27.878452442040125f,-0.13500382785284798f,0.9845828424407951f,-0.11122316681466637f,2.7454051166779974f,0.9876272155608928f,0.14275417436179225f,0.06491324045000912f,-0.11480801468923263f,0f,0f,0f,1f],start_interpolation:0}
execute if entity @s[tag=aj.stage.bone.left_bend] run data modify entity @s {} merge value {transformation:[0.07979003414284436f,-0.24410732570188426f,-0.966460120227502f,-27.96209369102202f,-0.13500382785284798f,0.9579716815137815f,-0.2531091145785477f,2.799531434084702f,0.9876272155608928f,0.15067140059192388f,0.043481169799186384f,-0.45978281538567556f,0f,0f,0f,1f],start_interpolation:0}
execute if entity @s[tag=aj.stage.bone.right_straight] run data modify entity @s {} merge value {transformation:[0.42242237339851735f,-0.3370638584225594f,-0.8413960386153838f,-27.964092823277205f,0.2995636851734882f,0.9280376690263831f,-0.22137679054805348f,2.721508817390049f,0.855465333591983f,-0.15853718873934375f,0.4929959663212092f,-0.05478654683179235f,0f,0f,0f,1f],start_interpolation:0}
execute if entity @s[tag=aj.stage.bone.microphone] run data modify entity @s {} merge value {transformation:[0.42242237339851735f,-0.259028148154723f,-0.8685987318180348f,-27.60283747081046f,0.2995636851734882f,0.9443434111692367f,-0.13593057164055944f,3.076505305002536f,0.855465333591983f,-0.2027805223506066f,0.4765072116742539f,0.028710232932874585f,0f,0f,0f,1f],start_interpolation:0}
execute if entity @s[tag=aj.stage.bone.right_bend] run data modify entity @s {} merge value {transformation:[0.42242237339851735f,-0.8685987318180349f,0.25902814815472286f,-27.932547740582958f,0.2995636851734882f,-0.13593057164055922f,-0.9443434111692367f,2.903721498597411f,0.855465333591983f,0.47650721167425386f,0.2027805223506067f,0.2548728147219143f,0f,0f,0f,1f],start_interpolation:0}
execute if entity @s[tag=aj.stage.bone.head] run data modify entity @s {} merge value {transformation:[-3.4450166380531875e-16f,0.03202630301402814f,-0.9994870263866629f,-27.9375f,0.0022145410292002117f,0.9994845755455335f,0.032026224482362815f,3.1875f,0.9999975479010086f,-0.0022134050280865685f,-0.00007092356203850803f,-0.06250000000000343f,0f,0f,0f,1f],start_interpolation:0}
execute if entity @s[tag=aj.stage.bone.outfit] run data modify entity @s {} merge value {transformation:[-3.4450928483976665e-16f,0f,-1f,-27.9375f,0f,1f,0f,1.75f,1f,0f,-3.4450928483976665e-16f,-0.06250000000000343f,0f,0f,0f,1f],start_interpolation:0}
execute if entity @s[tag=aj.stage.bone.chest] run data modify entity @s {} merge value {transformation:[-3.4450928483976665e-16f,0f,-1f,-27.94546875f,0f,1f,0f,2.4375f,1f,0f,-3.4450928483976665e-16f,-0.05156250000000272f,0f,0f,0f,1f],start_interpolation:0}
execute if entity @s[tag=aj.stage.bone.waist] run data modify entity @s {} merge value {transformation:[-3.4450928483976665e-16f,0f,-1f,-27.9375f,0f,1f,0f,3.25f,1f,0f,-3.4450928483976665e-16f,-0.06250000000000343f,0f,0f,0f,1f],start_interpolation:0}
execute if entity @s[tag=aj.stage.bone.right_leg] run data modify entity @s {} merge value {transformation:[-3.4450928483976665e-16f,0f,-1f,-28f,0f,1f,0f,2.4375f,1f,0f,-3.4450928483976665e-16f,-0.16875000000000273f,0f,0f,0f,1f],start_interpolation:0}
execute if entity @s[tag=aj.stage.bone.left_leg] run data modify entity @s {} merge value {transformation:[-3.4450928483976665e-16f,0f,-1f,-28f,0f,1f,0f,2.4375f,1f,0f,-3.4450928483976665e-16f,0.043749999999995834f,0f,0f,0f,1f],start_interpolation:0}
execute if entity @s[tag=aj.stage.bone.platform] run data modify entity @s {} merge value {transformation:[-2f,0f,2.4492935982947064e-16f,-28f,0f,2f,0f,2.75f,-2.4492935982947064e-16f,0f,-2f,-3.429011037612589e-15f,0f,0f,0f,1f],start_interpolation:0}