execute if entity @s[tag=aj.stage.bone.left_straight] run data modify entity @s {} merge value {transformation:[0.4811042945897067f,-0.24301072751367647f,-0.8423089955833395f,-27.68925950118576f,-0.335382306064687f,0.8367014356133777f,-0.4329542890666928f,1.0991818205931654f,0.809973682600906f,0.4907917011887899f,0.32103915577097486f,-0.32665091012628605f,0f,0f,0f,1f],start_interpolation:0}
execute if entity @s[tag=aj.stage.bone.left_bend] run data modify entity @s {} merge value {transformation:[0.4811042945897067f,-0.6526600648026827f,-0.5852977853529762f,-27.90887097718237f,-0.335382306064687f,0.4798282729347826f,-0.8107302493870303f,1.2049869616449835f,0.809973682600906f,0.5863443257201195f,0.011956805164633988f,-0.5902968879457997f,0f,0f,0f,1f],start_interpolation:0}
execute if entity @s[tag=aj.stage.bone.right_straight] run data modify entity @s {} merge value {transformation:[-0.48478197202982803f,-0.24053699619043414f,-0.8409092656515055f,-27.69959458051747f,0.33328325385683194f,0.8380993100600385f,-0.43187014156513537f,1.1066161030847323f,0.8086462219620354f,-0.4896238351434401f,-0.3261284835244474f,0.21695226548853278f,0f,0f,0f,1f],start_interpolation:0}
execute if entity @s[tag=aj.stage.bone.microphone] run data modify entity @s {} merge value {transformation:[-0.48478197202982803f,0.5924432623588346f,-0.6434263131707408f,-27.61623601082318f,0.33328325385683194f,0.805275901988524f,0.4903600660485841f,1.166102755160686f,0.8086462219620354f,0.023274504553059773f,-0.5878346579986042f,0.6509613751651f,0f,0f,0f,1f],start_interpolation:0}
execute if entity @s[tag=aj.stage.bone.right_bend] run data modify entity @s {} merge value {transformation:[-0.48478197202982803f,-0.6434263131707407f,-0.5924432623588347f,-27.959379062486146f,0.33328325385683194f,0.4903600660485843f,-0.8052759019885238f,1.2721576874656413f,0.8086462219620354f,-0.5878346579986042f,-0.023274504553059905f,0.40455152028912683f,0f,0f,0f,1f],start_interpolation:0}
execute if entity @s[tag=aj.stage.bone.head] run data modify entity @s {} merge value {transformation:[-3.4450928483976665e-16f,-0.5887204738073304f,-0.8083366895793315f,-27.9375f,0f,0.8083366895793315f,-0.5887204738073304f,1.5375f,1f,-2.0281966940189197e-16f,-2.7847949483671993e-16f,-0.06250000000000343f,0f,0f,0f,1f],start_interpolation:0}
execute if entity @s[tag=aj.stage.bone.outfit] run data modify entity @s {} merge value {transformation:[-3.4450928483976665e-16f,0f,-1f,-27.9375f,0f,1f,0f,0.10000000000000009f,1f,0f,-3.4450928483976665e-16f,-0.06250000000000343f,0f,0f,0f,1f],start_interpolation:0}
execute if entity @s[tag=aj.stage.bone.chest] run data modify entity @s {} merge value {transformation:[-3.4450928483976665e-16f,0f,-1f,-27.94546875f,0f,1f,0f,0.7875000000000001f,1f,0f,-3.4450928483976665e-16f,-0.05156250000000272f,0f,0f,0f,1f],start_interpolation:0}
execute if entity @s[tag=aj.stage.bone.waist] run data modify entity @s {} merge value {transformation:[-3.4450928483976665e-16f,0f,-1f,-27.9375f,0f,1f,0f,1.6f,1f,0f,-3.4450928483976665e-16f,-0.06250000000000343f,0f,0f,0f,1f],start_interpolation:0}
execute if entity @s[tag=aj.stage.bone.right_leg] run data modify entity @s {} merge value {transformation:[-3.4450928483976665e-16f,0f,-1f,-28f,0f,1f,0f,0.7875000000000001f,1f,0f,-3.4450928483976665e-16f,-0.16875000000000273f,0f,0f,0f,1f],start_interpolation:0}
execute if entity @s[tag=aj.stage.bone.left_leg] run data modify entity @s {} merge value {transformation:[-3.4450928483976665e-16f,0f,-1f,-28f,0f,1f,0f,0.7875000000000001f,1f,0f,-3.4450928483976665e-16f,0.043749999999995834f,0f,0f,0f,1f],start_interpolation:0}
execute if entity @s[tag=aj.stage.bone.platform] run data modify entity @s {} merge value {transformation:[-2f,0f,2.4492935982947064e-16f,-28f,0f,2f,0f,1.1f,-2.4492935982947064e-16f,0f,-2f,-3.429011037612589e-15f,0f,0f,0f,1f],start_interpolation:0}