execute if entity @s[tag=aj.stage.bone.left_straight] run data modify entity @s {} merge value {transformation:[-0.30057246062559967f,-0.02629668287283213f,0.9533963920549301f,-27.922605496748634f,-0.08715574274765818f,0.9961946980917455f,0f,3.0018115019836387f,-0.9497684309449206f,-0.08309397068248495f,-0.3017205985951936f,-0.041846402962490925f,0f,0f,0f,1f],start_interpolation:0}
execute if entity @s[tag=aj.stage.bone.left_bend] run data modify entity @s {} merge value {transformation:[-0.30057246062559967f,-0.02629668287283213f,0.9533963920549301f,-27.764335013652158f,-0.08715574274765818f,0.9961946980917455f,0f,3.0451769882155957f,-0.9497684309449206f,-0.08309397068248495f,-0.3017205985951936f,0.27753271136261104f,0f,0f,0f,1f],start_interpolation:0}
execute if entity @s[tag=aj.stage.bone.right_straight] run data modify entity @s {} merge value {transformation:[-0.30057246062559967f,0.02629668287283213f,0.9533963920549301f,-27.943774770829176f,0.08715574274765818f,0.9961946980917455f,0f,3.003718033856244f,-0.9497684309449206f,0.08309397068248495f,-0.3017205985951936f,-0.1087384535045483f,0f,0f,0f,1f],start_interpolation:0}
execute if entity @s[tag=aj.stage.bone.microphone] run data modify entity @s {} merge value {transformation:[-0.30057246062559967f,-0.9533963920549301f,0.026296682872832343f,-28.08726225972866f,0.08715574274765818f,2.2119965816619248e-16f,0.9961946980917455f,2.7254195311375633f,-0.9497684309449206f,0.3017205985951936f,0.08309397068248488f,-0.4367151633564317f,0f,0f,0f,1f],start_interpolation:0}
execute if entity @s[tag=aj.stage.bone.right_bend] run data modify entity @s {} merge value {transformation:[-0.30057246062559967f,0.02629668287283213f,0.9533963920549301f,-27.959149308935952f,0.08715574274765818f,0.9961946980917455f,0f,3.1416833495932335f,-0.9497684309449206f,0.08309397068248495f,-0.3017205985951936f,-0.4416268264832512f,0f,0f,0f,1f],start_interpolation:0}
execute if entity @s[tag=aj.stage.bone.head] run data modify entity @s {} merge value {transformation:[-0.3017205985951936f,0f,0.9533963920549301f,-27.9375f,0f,1f,0f,3.4375f,-0.9533963920549301f,0f,-0.3017205985951936f,-0.06250000000000343f,0f,0f,0f,1f],start_interpolation:0}
execute if entity @s[tag=aj.stage.bone.outfit] run data modify entity @s {} merge value {transformation:[-0.3017205985951936f,0f,0.9533963920549301f,-27.9375f,0f,1f,0f,2f,-0.9533963920549301f,0f,-0.3017205985951936f,-0.06250000000000343f,0f,0f,0f,1f],start_interpolation:0}
execute if entity @s[tag=aj.stage.bone.chest] run data modify entity @s {} merge value {transformation:[-0.3017205985951936f,0f,0.9533963920549301f,-27.933202691547947f,0f,1f,0f,2.6875f,-0.9533963920549301f,0f,-0.3017205985951936f,-0.07533210905816035f,0f,0f,0f,1f],start_interpolation:0}
execute if entity @s[tag=aj.stage.bone.waist] run data modify entity @s {} merge value {transformation:[-0.3017205985951936f,0f,0.9533963920549301f,-27.9375f,0f,1f,0f,3.5f,-0.9533963920549301f,0f,-0.3017205985951936f,-0.06250000000000343f,0f,0f,0f,1f],start_interpolation:0}
execute if entity @s[tag=aj.stage.bone.right_leg] run data modify entity @s {} merge value {transformation:[-0.3017205985951936f,0f,0.9533963920549301f,-27.845854911895827f,0f,1f,0f,2.6875f,-0.9533963920549301f,0f,-0.3017205985951936f,0.01994082924363262f,0f,0f,0f,1f],start_interpolation:0}
execute if entity @s[tag=aj.stage.bone.left_leg] run data modify entity @s {} merge value {transformation:[-0.3017205985951936f,0f,0.9533963920549301f,-27.909970539097305f,0f,1f,0f,2.6875f,-0.9533963920549301f,0f,-0.3017205985951936f,-0.18265590406803867f,0f,0f,0f,1f],start_interpolation:0}