execute if entity @s[tag=aj.stage.bone.left_straight] run data modify entity @s {} merge value {transformation:[-0.9605842197868526f,-0.08404022959324418f,0.26498150219666f,-27.91206791608062f,-0.08715574274765818f,0.9961946980917455f,0f,3.0018115019836387f,-0.26397316758069894f,-0.02309465963834012f,-0.9642534954531414f,-0.06377530592821631f,0f,0f,0f,1f],start_interpolation:0}
execute if entity @s[tag=aj.stage.bone.left_bend] run data modify entity @s {} merge value {transformation:[-0.9605842197868526f,-0.08404022959324418f,0.26498150219666f,-27.557961430953224f,-0.08715574274765818f,0.9961946980917455f,0f,3.0451769882155957f,-0.26397316758069894f,-0.02309465963834012f,-0.9642534954531414f,-0.02301795472134535f,0f,0f,0f,1f],start_interpolation:0}
execute if entity @s[tag=aj.stage.bone.right_straight] run data modify entity @s {} merge value {transformation:[-0.9605842197868526f,0.08404022959324418f,0.26498150219666f,-27.979721721035958f,0.08715574274765818f,0.9961946980917455f,0f,3.003718033856244f,-0.26397316758069894f,0.02309465963834012f,-0.9642534954531414f,-0.08236689719640317f,0f,0f,0f,1f],start_interpolation:0}
execute if entity @s[tag=aj.stage.bone.microphone] run data modify entity @s {} merge value {transformation:[-0.9605842197868526f,-0.26498150219666f,0.08404022959324424f,-28.33300917465906f,0.08715574274765818f,2.2119965816619248e-16f,0.9961946980917455f,2.7254195311375633f,-0.26397316758069894f,0.9642534954531414f,0.023094659638339905f,-0.1402059565633316f,0f,0f,0f,1f],start_interpolation:0}
execute if entity @s[tag=aj.stage.bone.right_bend] run data modify entity @s {} merge value {transformation:[-0.9605842197868526f,0.08404022959324418f,0.26498150219666f,-28.267493812086702f,0.08715574274765818f,0.9961946980917455f,0f,3.1416833495932335f,-0.26397316758069894f,0.02309465963834012f,-0.9642534954531414f,-0.25040935879075066f,0f,0f,0f,1f],start_interpolation:0}
execute if entity @s[tag=aj.stage.bone.head] run data modify entity @s {} merge value {transformation:[-0.9642534954531414f,0f,0.26498150219666f,-27.9375f,0f,1f,0f,3.4375f,-0.26498150219666f,0f,-0.9642534954531414f,-0.06250000000000343f,0f,0f,0f,1f],start_interpolation:0}
execute if entity @s[tag=aj.stage.bone.outfit] run data modify entity @s {} merge value {transformation:[-0.9642534954531414f,0f,0.26498150219666f,-27.9375f,0f,1f,0f,2f,-0.26498150219666f,0f,-0.9642534954531414f,-0.06250000000000343f,0f,0f,0f,1f],start_interpolation:0}
execute if entity @s[tag=aj.stage.bone.chest] run data modify entity @s {} merge value {transformation:[-0.9642534954531414f,0f,0.26498150219666f,-27.945934951260888f,0f,1f,0f,2.6875f,-0.26498150219666f,0f,-0.9642534954531414f,-0.0730821302221718f,0f,0f,0f,1f],start_interpolation:0}
execute if entity @s[tag=aj.stage.bone.waist] run data modify entity @s {} merge value {transformation:[-0.9642534954531414f,0f,0.26498150219666f,-27.9375f,0f,1f,0f,3.5f,-0.26498150219666f,0f,-0.9642534954531414f,-0.06250000000000343f,0f,0f,0f,1f],start_interpolation:0}
execute if entity @s[tag=aj.stage.bone.right_leg] run data modify entity @s {} merge value {transformation:[-0.9642534954531414f,0f,0.26498150219666f,-27.818486722220815f,0f,1f,0f,2.6875f,-0.26498150219666f,0f,-0.9642534954531414f,-0.09461155885742983f,0f,0f,0f,1f],start_interpolation:0}
execute if entity @s[tag=aj.stage.bone.left_leg] run data modify entity @s {} merge value {transformation:[-0.9642534954531414f,0f,0.26498150219666f,-28.023390590004606f,0f,1f,0f,2.6875f,-0.26498150219666f,0f,-0.9642534954531414f,-0.1509201280742197f,0f,0f,0f,1f],start_interpolation:0}