execute if entity @s[tag=aj.stage.bone.left_straight] run data modify entity @s {} merge value {transformation:[0.33214851475992807f,-0.39402114305419317f,-0.856985824252094f,-27.68277537250884f,-0.2726265658823148f,0.8296845964422677f,-0.48713265749859896f,2.2521139365214577f,0.9029685042779675f,0.3954374909548898f,0.1681578753116005f,-0.2483802455220167f,0f,0f,0f,1f],start_interpolation:0}
execute if entity @s[tag=aj.stage.bone.left_bend] run data modify entity @s {} merge value {transformation:[0.33214851475992807f,-0.8179147492076531f,-0.4697795516743529f,-27.852242071354677f,-0.2726265658823148f,0.39354930291137474f,-0.877948575802243f,2.3326182763341494f,0.9029685042779675f,0.4196837013830214f,-0.09226847281415906f,-0.5545390591080871f,0f,0f,0f,1f],start_interpolation:0}
execute if entity @s[tag=aj.stage.bone.right_straight] run data modify entity @s {} merge value {transformation:[-0.14098980784878476f,-0.5070517666113001f,-0.8503060508188345f,-27.710226018179732f,0.3580007131124057f,0.7746509997996898f,-0.5212977248371126f,2.2528526418024217f,0.9230153647116454f,-0.37790783861372945f,0.07230699842012334f,0.0566301355238443f,0f,0f,0f,1f],start_interpolation:0}
execute if entity @s[tag=aj.stage.bone.microphone] run data modify entity @s {} merge value {transformation:[-0.14098980784878476f,-0.09383513687345502f,-0.9855540782578613f,-27.4851975177768f,0.3580007131124057f,0.9232987282774439f,-0.1391220606958645f,2.5833822626432426f,0.9230153647116454f,-0.372443855432191f,-0.09658266437116703f,0.3207339569620482f,0f,0f,0f,1f],start_interpolation:0}
execute if entity @s[tag=aj.stage.bone.right_bend] run data modify entity @s {} merge value {transformation:[-0.14098980784878476f,-0.9855540782578613f,0.0938351368734548f,-27.885548291499322f,0.3580007131124057f,-0.1391220606958643f,-0.9232987282774439f,2.412009636779551f,0.9230153647116454f,-0.09658266437116711f,0.372443855432191f,0.3286901014517876f,0f,0f,0f,1f],start_interpolation:0}
execute if entity @s[tag=aj.stage.bone.head] run data modify entity @s {} merge value {transformation:[-3.4450928483976665e-16f,-0.1055485527947249f,-0.994414150644961f,-27.9375f,0f,0.994414150644961f,-0.1055485527947249f,2.6625f,1f,-3.636245643918303e-17f,-3.4258490787323947e-16f,-0.06250000000000343f,0f,0f,0f,1f],start_interpolation:0}
execute if entity @s[tag=aj.stage.bone.outfit] run data modify entity @s {} merge value {transformation:[-3.4450928483976665e-16f,0f,-1f,-27.9375f,0f,1f,0f,1.225f,1f,0f,-3.4450928483976665e-16f,-0.06250000000000343f,0f,0f,0f,1f],start_interpolation:0}
execute if entity @s[tag=aj.stage.bone.chest] run data modify entity @s {} merge value {transformation:[-3.4450928483976665e-16f,0f,-1f,-27.94546875f,0f,1f,0f,1.9125f,1f,0f,-3.4450928483976665e-16f,-0.05156250000000272f,0f,0f,0f,1f],start_interpolation:0}
execute if entity @s[tag=aj.stage.bone.waist] run data modify entity @s {} merge value {transformation:[-3.4450928483976665e-16f,0f,-1f,-27.9375f,0f,1f,0f,2.725f,1f,0f,-3.4450928483976665e-16f,-0.06250000000000343f,0f,0f,0f,1f],start_interpolation:0}
execute if entity @s[tag=aj.stage.bone.right_leg] run data modify entity @s {} merge value {transformation:[-3.4450928483976665e-16f,0f,-1f,-28f,0f,1f,0f,1.9125f,1f,0f,-3.4450928483976665e-16f,-0.16875000000000273f,0f,0f,0f,1f],start_interpolation:0}
execute if entity @s[tag=aj.stage.bone.left_leg] run data modify entity @s {} merge value {transformation:[-3.4450928483976665e-16f,0f,-1f,-28f,0f,1f,0f,1.9125f,1f,0f,-3.4450928483976665e-16f,0.043749999999995834f,0f,0f,0f,1f],start_interpolation:0}
execute if entity @s[tag=aj.stage.bone.platform] run data modify entity @s {} merge value {transformation:[-2f,0f,2.4492935982947064e-16f,-28f,0f,2f,0f,2.225f,-2.4492935982947064e-16f,0f,-2f,-3.429011037612589e-15f,0f,0f,0f,1f],start_interpolation:0}