execute if entity @s[tag=aj.stage.bone.right_straight] run data modify entity @s {} merge value {transformation:[0.616327550927222f,-0.2502099951191834f,-0.7466828699725947f,-28.067447589681088f,0.2515155396347365f,0.9610634775086547f,-0.11444179971155151f,2.9688710413212314f,0.7462441177592624f,-0.11726871083724674f,0.6552616013229148f,-0.055535699839943414f,0f,0f,0f,1f],start_interpolation:0}
execute if entity @s[tag=aj.stage.bone.microphone] run data modify entity @s {} merge value {transformation:[0.616327550927222f,-0.28739923883938057f,-0.7331725768757292f,-27.68457338123726f,0.2515155396347365f,0.9541020685891853f,-0.16257052634498265f,3.333111173093903f,0.7462441177592624f,-0.08420760196313679f,0.6603247659154683f,-0.05180096554742608f,0f,0f,0f,1f],start_interpolation:0}
execute if entity @s[tag=aj.stage.bone.right_bend] run data modify entity @s {} merge value {transformation:[0.616327550927222f,-0.7331725768757293f,0.2873992388393804f,-27.95374418479412f,0.2515155396347365f,-0.16257052634498242f,-0.9541020685891853f,3.1478779140769197f,0.7462441177592624f,0.6603247659154683f,0.08420760196313694f,0.23620656459246797f,0f,0f,0f,1f],start_interpolation:0}
execute if entity @s[tag=aj.stage.bone.head] run data modify entity @s {} merge value {transformation:[-3.4447146260589776e-16f,0.04697720357767586f,-0.9988959617217509f,-27.9375f,0.014817543128855895f,0.9987862971108463f,0.04697204614692315f,3.4375f,0.9998902141813493f,-0.014801183994052017f,-0.0006960867400855994f,-0.06250000000000343f,0f,0f,0f,1f],start_interpolation:0}