execute if entity @s[tag=aj.stage.bone.right_straight] run data modify entity @s {} merge value {transformation:[0.6115302496415196f,-0.2520321750260977f,-0.7500070243171029f,-28.064963622841415f,0.25271422054991444f,0.9604768317339991f,-0.11670380642493397f,2.968822780620417f,0.7497774846614361f,-0.11816953268010189f,0.6510527513504081f,-0.055569187828556216f,0f,0f,0f,1f],start_interpolation:0}
execute if entity @s[tag=aj.stage.bone.microphone] run data modify entity @s {} merge value {transformation:[0.6115302496415196f,-0.2863406713546022f,-0.7375905189883994f,-27.68218279700318f,0.25271422054991444f,0.9540753904685251f,-0.16085916832490715f,3.332482693756359f,0.7497774846614361f,-0.08802936572830256f,0.6558083212831648f,-0.04971289764435277f,0f,0f,0f,1f],start_interpolation:0}
execute if entity @s[tag=aj.stage.bone.right_bend] run data modify entity @s {} merge value {transformation:[0.6115302496415196f,-0.7375905189883996f,0.28634067135460206f,-27.953341270830776f,0.25271422054991444f,-0.16085916832490693f,-0.9540753904685251f,3.1479703872232028f,0.7497774846614361f,0.6558083212831648f,0.0880293657283027f,0.2368894574752185f,0f,0f,0f,1f],start_interpolation:0}
execute if entity @s[tag=aj.stage.bone.head] run data modify entity @s {} merge value {transformation:[-3.4442119057452865e-16f,0.047568349951126625f,-0.9988679853128376f,-27.9375f,0.014024978155925417f,0.9987697418089897f,0.047563671373536606f,3.4375f,0.9999016451570253f,-0.014009101674665764f,-0.0006671450689783108f,-0.06250000000000343f,0f,0f,0f,1f],start_interpolation:0}