execute if entity @s[tag=aj.stage.bone.left_straight] run data modify entity @s {} merge value {transformation:[-9.920099333163047e-17f,-8.67896232702845e-18f,1f,-32.27328125f,-0.08715574274765818f,0.9961946980917455f,0f,3.0018115019836387f,-0.9961946980917455f,-0.08715574274765818f,-9.957992501029599e-17f,-0.03831495666470308f,0f,0f,0f,1f],start_interpolation:0}
execute if entity @s[tag=aj.stage.bone.left_bend] run data modify entity @s {} merge value {transformation:[-9.920099333163047e-17f,-8.67896232702845e-18f,1f,-32.21875f,-0.08715574274765818f,0.9961946980917455f,0f,3.0451769882155957f,-0.9961946980917455f,-0.08715574274765818f,-9.957992501029599e-17f,0.31393340353036786f,0f,0f,0f,1f],start_interpolation:0}
execute if entity @s[tag=aj.stage.bone.right_straight] run data modify entity @s {} merge value {transformation:[-9.920099333163047e-17f,8.67896232702845e-18f,1f,-32.27328125f,0.08715574274765818f,0.9961946980917455f,0f,3.003718033856244f,-0.9961946980917455f,0.08715574274765818f,-9.957992501029599e-17f,-0.10847680235606316f,0f,0f,0f,1f],start_interpolation:0}
execute if entity @s[tag=aj.stage.bone.microphone] run data modify entity @s {} merge value {transformation:[-9.920099333163047e-17f,-1f,2.3072356725205976e-16f,-32.311124375f,0.08715574274765818f,2.2119965816619248e-16f,0.9961946980917455f,2.7254195311375633f,-0.9961946980917455f,1.189323874756474e-16f,0.08715574274765818f,-0.4644617452485697f,0f,0f,0f,1f],start_interpolation:0}
execute if entity @s[tag=aj.stage.bone.right_bend] run data modify entity @s {} merge value {transformation:[-9.920099333163047e-17f,8.67896232702845e-18f,1f,-32.1875f,0.08715574274765818f,0.9961946980917455f,0f,3.1416833495932335f,-0.9961946980917455f,0.08715574274765818f,-9.957992501029599e-17f,-0.4304901909516964f,0f,0f,0f,1f],start_interpolation:0}
execute if entity @s[tag=aj.stage.bone.head] run data modify entity @s {} merge value {transformation:[-9.957992501029599e-17f,0f,1f,-32.28125f,0f,1f,0f,3.4375f,-1f,0f,-9.957992501029599e-17f,-0.06250000000000396f,0f,0f,0f,1f],start_interpolation:0}
execute if entity @s[tag=aj.stage.bone.outfit] run data modify entity @s {} merge value {transformation:[-9.957992501029599e-17f,0f,1f,-32.28125f,0f,1f,0f,2f,-1f,0f,-9.957992501029599e-17f,-0.06250000000000396f,0f,0f,0f,1f],start_interpolation:0}
execute if entity @s[tag=aj.stage.bone.chest] run data modify entity @s {} merge value {transformation:[-9.957992501029599e-17f,0f,1f,-32.27328125f,0f,1f,0f,2.6875f,-1f,0f,-9.957992501029599e-17f,-0.07343750000000467f,0f,0f,0f,1f],start_interpolation:0}
execute if entity @s[tag=aj.stage.bone.waist] run data modify entity @s {} merge value {transformation:[-9.957992501029599e-17f,0f,1f,-32.28125f,0f,1f,0f,3.5f,-1f,0f,-9.957992501029599e-17f,-0.06250000000000396f,0f,0f,0f,1f],start_interpolation:0}
execute if entity @s[tag=aj.stage.bone.right_leg] run data modify entity @s {} merge value {transformation:[-9.957992501029599e-17f,0f,1f,-32.21875f,0f,1f,0f,2.6875f,-1f,0f,-9.957992501029599e-17f,0.043749999999995334f,0f,0f,0f,1f],start_interpolation:0}
execute if entity @s[tag=aj.stage.bone.left_leg] run data modify entity @s {} merge value {transformation:[-9.957992501029599e-17f,0f,1f,-32.21875f,0f,1f,0f,2.6875f,-1f,0f,-9.957992501029599e-17f,-0.16875000000000323f,0f,0f,0f,1f],start_interpolation:0}
execute if entity @s[tag=aj.stage.bone.platform] run data modify entity @s {} merge value {transformation:[-2f,0f,2.4492935982947064e-16f,-32.34375f,0f,2f,0f,3f,-2.4492935982947064e-16f,0f,-2f,-3.9609669909922205e-15f,0f,0f,0f,1f],start_interpolation:0}