execute if entity @s[tag=aj.stage.bone.right_straight] run data modify entity @s {} merge value {transformation:[0.6290868522498728f,-0.24575216635121624f,-0.7374656636481667f,-28.0739240790825f,0.24851054179323742f,0.9625045074831478f,-0.10875469503545498f,2.969002618123371f,0.7365407272812403f,-0.11485184285986605f,0.6665709348956902f,-0.055425867437844695f,0f,0f,0f,1f],start_interpolation:0}
execute if entity @s[tag=aj.stage.bone.microphone] run data modify entity @s {} merge value {transformation:[0.6290868522498728f,-0.29066233111526074f,-0.7209473916985824f,-27.691065409683983f,0.24851054179323742f,0.9539892165795213f,-0.16777093093746276f,3.3350533823007074f,0.7365407272812403f,-0.07362054007295682f,0.6723747267226721f,-0.05738615132242447f,0f,0f,0f,1f],start_interpolation:0}
execute if entity @s[tag=aj.stage.bone.right_bend] run data modify entity @s {} merge value {transformation:[0.6290868522498728f,-0.7209473916985825f,0.2906623311152606f,-27.954695980722573f,0.24851054179323742f,-0.16777093093746254f,-0.9539892165795213f,3.1476548496363916f,0.7365407272812403f,0.6723747267226721f,0.07362054007295697f,0.23432146105666568f,0f,0f,0f,1f],start_interpolation:0}
execute if entity @s[tag=aj.stage.bone.head] run data modify entity @s {} merge value {transformation:[-3.4445903079292167e-16f,0.04443001381469415f,-0.9990124993574535f,-27.9375f,0.017079856363463288f,0.9988667720196119f,0.04442353274700215f,3.4375f,0.9998541286140711f,-0.017062989994329755f,-0.0007588582541820096f,-0.06250000000000343f,0f,0f,0f,1f],start_interpolation:0}