execute if entity @s[tag=aj.stage.bone.left_straight] run data modify entity @s {} merge value {transformation:[0.20887945494213264f,-0.26141925917311465f,-0.9423530889409009f,-27.77322541351432f,-0.208896496068828f,0.9294410458434239f,-0.30414075069225494f,2.4760837940974474f,0.9553698902693364f,0.2603830125696801f,0.13953157181044765f,-0.17589949044113704f,0f,0f,0f,1f],start_interpolation:0}
execute if entity @s[tag=aj.stage.bone.left_bend] run data modify entity @s {} merge value {transformation:[0.20887945494213264f,-0.5978650699534137f,-0.773903567269642f,-27.901967777810082f,-0.208896496068828f,0.7458172859198793f,-0.6325494683843084f,2.545209607808716f,0.9553698902693364f,0.29379233167784485f,0.03089398993415224f,-0.5038936297136335f,0f,0f,0f,1f],start_interpolation:0}
execute if entity @s[tag=aj.stage.bone.right_straight] run data modify entity @s {} merge value {transformation:[0.14414172709498296f,-0.4418838712817917f,-0.885416177179462f,-27.828459317515286f,0.34263196788964445f,0.8616996232900013f,-0.3742687454249147f,2.4662185366858047f,0.928346108458556f,-0.24942414382510547f,0.2756104123340916f,-0.019543824626574835f,0f,0f,0f,1f],start_interpolation:0}
execute if entity @s[tag=aj.stage.bone.microphone] run data modify entity @s {} merge value {transformation:[0.14414172709498296f,-0.19376680638650706f,-0.9704007353938112f,-27.523797180001353f,0.34263196788964445f,0.9297547808103794f,-0.13475675174295826f,2.8127789762580533f,0.928346108458556f,-0.3130662426755998f,0.20040716206472606f,0.1611191699040258f,0f,0f,0f,1f],start_interpolation:0}
execute if entity @s[tag=aj.stage.bone.right_bend] run data modify entity @s {} merge value {transformation:[0.14414172709498296f,-0.9704007353938112f,0.19376680638650684f,-27.90477030383661f,0.34263196788964445f,-0.13475675174295806f,-0.9297547808103794f,2.64239389397794f,0.928346108458556f,0.20040716206472597f,0.31306624267559985f,0.2857828045469506f,0f,0f,0f,1f],start_interpolation:0}
execute if entity @s[tag=aj.stage.bone.head] run data modify entity @s {} merge value {transformation:[-3.4450928483976665e-16f,-0.01805808799762858f,-0.999836939434561f,-27.9375f,0f,0.999836939434561f,-0.01805808799762858f,2.9125f,1f,-6.221178981636596e-18f,-3.444531089609817e-16f,-0.06250000000000343f,0f,0f,0f,1f],start_interpolation:0}
execute if entity @s[tag=aj.stage.bone.outfit] run data modify entity @s {} merge value {transformation:[-3.4450928483976665e-16f,0f,-1f,-27.9375f,0f,1f,0f,1.475f,1f,0f,-3.4450928483976665e-16f,-0.06250000000000343f,0f,0f,0f,1f],start_interpolation:0}
execute if entity @s[tag=aj.stage.bone.chest] run data modify entity @s {} merge value {transformation:[-3.4450928483976665e-16f,0f,-1f,-27.94546875f,0f,1f,0f,2.1625f,1f,0f,-3.4450928483976665e-16f,-0.05156250000000272f,0f,0f,0f,1f],start_interpolation:0}
execute if entity @s[tag=aj.stage.bone.waist] run data modify entity @s {} merge value {transformation:[-3.4450928483976665e-16f,0f,-1f,-27.9375f,0f,1f,0f,2.975f,1f,0f,-3.4450928483976665e-16f,-0.06250000000000343f,0f,0f,0f,1f],start_interpolation:0}
execute if entity @s[tag=aj.stage.bone.right_leg] run data modify entity @s {} merge value {transformation:[-3.4450928483976665e-16f,0f,-1f,-28f,0f,1f,0f,2.1625f,1f,0f,-3.4450928483976665e-16f,-0.16875000000000273f,0f,0f,0f,1f],start_interpolation:0}
execute if entity @s[tag=aj.stage.bone.left_leg] run data modify entity @s {} merge value {transformation:[-3.4450928483976665e-16f,0f,-1f,-28f,0f,1f,0f,2.1625f,1f,0f,-3.4450928483976665e-16f,0.043749999999995834f,0f,0f,0f,1f],start_interpolation:0}
execute if entity @s[tag=aj.stage.bone.platform] run data modify entity @s {} merge value {transformation:[-2f,0f,2.4492935982947064e-16f,-28f,0f,2f,0f,2.475f,-2.4492935982947064e-16f,0f,-2f,-3.429011037612589e-15f,0f,0f,0f,1f],start_interpolation:0}