execute if entity @s[tag=aj.stage.bone.left_bend] run data modify entity @s {} merge value {transformation:[-3.431983230007545e-16f,-0.059810633813564f,-0.9982097415287129f,-28f,-0.08715574274765818f,0.9944112520944355f,-0.05958303629457931f,3.0451769882155957f,0.9961946980917455f,0.08699971144088285f,-0.005212840214229711f,-0.43893340353037524f,0f,0f,0f,1f],start_interpolation:0}
execute if entity @s[tag=aj.stage.bone.right_straight] run data modify entity @s {} merge value {transformation:[0.32841368413711436f,-0.17023343407973274f,-0.9290667521727968f,-27.992671552216564f,0.2039148299914686f,0.973206981431022f,-0.10623988612319228f,2.979560284129099f,0.9222598300810017f,-0.15455985641601666f,0.3543276119689548f,-0.03617558010346772f,0f,0f,0f,1f],start_interpolation:0}
execute if entity @s[tag=aj.stage.bone.microphone] run data modify entity @s {} merge value {transformation:[0.32841368413711436f,0.16000701492887826f,-0.9308824884189397f,-27.57393255902602f,0.2039148299914686f,0.9502946597454814f,0.2352845123861112f,3.1634749820211603f,0.9222598300810017f,-0.26709139790111064f,0.27946196697617454f,0.1322720147431934f,0f,0f,0f,1f],start_interpolation:0}
execute if entity @s[tag=aj.stage.bone.right_bend] run data modify entity @s {} merge value {transformation:[0.32841368413711436f,-0.9308824884189397f,-0.16000701492887845f,-27.981687162151974f,0.2039148299914686f,0.23528451238611142f,-0.9502946597454814f,3.1447568118481475f,0.9222598300810017f,0.2794619669761745f,0.2670913979011107f,0.2842537007640751f,0f,0f,0f,1f],start_interpolation:0}