execute if entity @s[tag=aj.stage.bone.left_bend] run data modify entity @s {} merge value {transformation:[-3.431983230007545e-16f,-0.8438902942574859f,0.5365157698129797f,-28f,-0.08715574274765818f,-0.5344741653303017f,-0.8406790369103905f,3.0451769882155957f,0.9961946980917455f,-0.046760430413882136f,-0.07354988539355083f,-0.43893340353037524f,0f,0f,0f,1f],start_interpolation:0}
execute if entity @s[tag=aj.stage.bone.right_straight] run data modify entity @s {} merge value {transformation:[0.6484884749528862f,-0.2584800114143095f,-0.7159963558235045f,-28.076619889868713f,0.2550181703819258f,0.9600019437966448f,-0.11559412044614867f,2.9681795038291447f,0.7172366629142259f,-0.10763062578059326f,0.6884672960756691f,-0.05781778379503849f,0f,0f,0f,1f],start_interpolation:0}
execute if entity @s[tag=aj.stage.bone.microphone] run data modify entity @s {} merge value {transformation:[0.6484884749528862f,-0.32141335166197366f,-0.6900406909934345f,-27.703611322856514f,0.2550181703819258f,0.9458359436277886f,-0.2008982342301343f,3.3483471778161005f,0.7172366629142259f,-0.04569272496959799f,0.6953299535159677f,-0.06962200667205554f,0f,0f,0f,1f],start_interpolation:0}
execute if entity @s[tag=aj.stage.bone.right_bend] run data modify entity @s {} merge value {transformation:[0.6484884749528862f,-0.6900406909934346f,0.3214133516619735f,-27.95048513294488f,0.2550181703819258f,-0.2008982342301341f,-0.9458359436277886f,3.148137143117616f,0.7172366629142259f,0.6953299535159677f,0.04569272496959814f,0.22817302862784045f,0f,0f,0f,1f],start_interpolation:0}
execute if entity @s[tag=aj.stage.bone.head] run data modify entity @s {} merge value {transformation:[-3.4450830555099746e-16f,0.00008375937068392817f,-0.9999999964921839f,-27.9375f,0.00238434782903439f,0.9999971539308689f,0.00008375913259277963f,3.4375f,0.999997157438675f,-0.002384347820670536f,-1.9971147399601816e-7f,-0.06250000000000343f,0f,0f,0f,1f],start_interpolation:0}