execute if entity @s[tag=aj.stage.bone.left_straight] run data modify entity @s {} merge value {transformation:[0.5091560641803963f,-0.41666743840782805f,-0.7530925229206483f,-27.616882999462465f,-0.34481981972600717f,0.7029550758031196f,-0.6220558281430649f,1.5329731101956494f,0.7885806199954779f,0.5764047251483018f,0.21423864869406398f,-0.3615898436519219f,0f,0f,0f,1f],start_interpolation:0}
execute if entity @s[tag=aj.stage.bone.left_bend] run data modify entity @s {} merge value {transformation:[0.5091560641803963f,-0.8308101380456957f,-0.22475457020674938f,-27.843749710597063f,-0.34481981972600717f,0.042354022247162115f,-0.9377128711517246f,1.6301418465738302f,0.7885806199954779f,0.5549420251881987f,-0.26491499475788194f,-0.6224017719306166f,0f,0f,0f,1f],start_interpolation:0}
execute if entity @s[tag=aj.stage.bone.right_straight] run data modify entity @s {} merge value {transformation:[-0.5465203337789502f,-0.3878484530051466f,-0.7422190392786078f,-27.627345793889038f,0.3223144707475466f,0.7205989187926367f,-0.6138815685306181f,1.540723363456121f,0.7729352538944474f,-0.5747266965579358f,-0.2688127927586941f,0.24356375733848024f,0f,0f,0f,1f],start_interpolation:0}
execute if entity @s[tag=aj.stage.bone.microphone] run data modify entity @s {} merge value {transformation:[-0.5465203337789502f,0.32747561601186614f,-0.7707627687452175f,-27.551606037849123f,0.3223144707475466f,0.9317275683730851f,0.16732340027714868f,1.7186671740132882f,0.7729352538944474f,-0.15698235331153218f,-0.6147581915158997f,0.6503435620434052f,0f,0f,0f,1f],start_interpolation:0}
execute if entity @s[tag=aj.stage.bone.right_bend] run data modify entity @s {} merge value {transformation:[-0.5465203337789502f,-0.7707627687452174f,-0.3274756160118663f,-27.9153239939854f,0.3223144707475466f,0.16732340027714887f,-0.9317275683730851f,1.6741496266942162f,0.7729352538944474f,-0.6147581915158997f,0.15698235331153204f,0.4148864417103695f,0f,0f,0f,1f],start_interpolation:0}
execute if entity @s[tag=aj.stage.bone.head] run data modify entity @s {} merge value {transformation:[-3.4450928483976665e-16f,-0.46253312252203554f,-0.8866020023494283f,-27.9375f,0f,0.8866020023494283f,-0.46253312252203554f,1.9125f,1f,-1.5934695525477064e-16f,-3.0544262176690664e-16f,-0.06250000000000343f,0f,0f,0f,1f],start_interpolation:0}
execute if entity @s[tag=aj.stage.bone.outfit] run data modify entity @s {} merge value {transformation:[-3.4450928483976665e-16f,0f,-1f,-27.9375f,0f,1f,0f,0.4750000000000001f,1f,0f,-3.4450928483976665e-16f,-0.06250000000000343f,0f,0f,0f,1f],start_interpolation:0}
execute if entity @s[tag=aj.stage.bone.chest] run data modify entity @s {} merge value {transformation:[-3.4450928483976665e-16f,0f,-1f,-27.94546875f,0f,1f,0f,1.1625f,1f,0f,-3.4450928483976665e-16f,-0.05156250000000272f,0f,0f,0f,1f],start_interpolation:0}
execute if entity @s[tag=aj.stage.bone.waist] run data modify entity @s {} merge value {transformation:[-3.4450928483976665e-16f,0f,-1f,-27.9375f,0f,1f,0f,1.975f,1f,0f,-3.4450928483976665e-16f,-0.06250000000000343f,0f,0f,0f,1f],start_interpolation:0}
execute if entity @s[tag=aj.stage.bone.right_leg] run data modify entity @s {} merge value {transformation:[-3.4450928483976665e-16f,0f,-1f,-28f,0f,1f,0f,1.1625f,1f,0f,-3.4450928483976665e-16f,-0.16875000000000273f,0f,0f,0f,1f],start_interpolation:0}
execute if entity @s[tag=aj.stage.bone.left_leg] run data modify entity @s {} merge value {transformation:[-3.4450928483976665e-16f,0f,-1f,-28f,0f,1f,0f,1.1625f,1f,0f,-3.4450928483976665e-16f,0.043749999999995834f,0f,0f,0f,1f],start_interpolation:0}
execute if entity @s[tag=aj.stage.bone.platform] run data modify entity @s {} merge value {transformation:[-2f,0f,2.4492935982947064e-16f,-28f,0f,2f,0f,1.475f,-2.4492935982947064e-16f,0f,-2f,-3.429011037612589e-15f,0f,0f,0f,1f],start_interpolation:0}