execute if entity @s[tag=aj.stage.bone.left_straight] run data modify entity @s {} merge value {transformation:[0.501509144423495f,-0.35825315705404465f,-0.787491748223703f,-27.640354967583527f,-0.34233601567441446f,0.7537690631820841f,-0.5609262444936681f,1.3858301917274687f,0.7945405152865279f,0.5508964284240853f,0.25537911958068443f,-0.35183491961327973f,0f,0f,0f,1f],start_interpolation:0}
execute if entity @s[tag=aj.stage.bone.left_bend] run data modify entity @s {} merge value {transformation:[0.501509144423495f,-0.7878565072667827f,-0.357450279083679f,-27.865655066104733f,-0.34233601567441446f,0.19872830479736048f,-0.9183208117235145f,1.4860866013067184f,0.7945405152865279f,0.5829143889369632f,-0.17004759550921494f,-0.6128361606590353f,0f,0f,0f,1f],start_interpolation:0}
execute if entity @s[tag=aj.stage.bone.right_straight] run data modify entity @s {} merge value {transformation:[-0.5298461706871234f,-0.3373058611886198f,-0.7781309603247998f,-27.65052209617739f,0.3255231611424615f,0.7663436600053701f,-0.5538520256615415f,1.39365589795455f,0.7831332625856282f,-0.5467560249118223f,-0.2962433834782004f,0.2366286184855944f,0f,0f,0f,1f],start_interpolation:0}
execute if entity @s[tag=aj.stage.bone.microphone] run data modify entity @s {} merge value {transformation:[-0.5298461706871234f,0.4282560299339449f,-0.7320244587671969f,-27.57054586331063f,0.3255231611424615f,0.8997224546894128f,0.2907476157898405f,1.5273089412125145f,0.7831332625856282f,-0.08423940498883936f,-0.6161217539408227f,0.6570461327484258f,0f,0f,0f,1f],start_interpolation:0}
execute if entity @s[tag=aj.stage.bone.right_bend] run data modify entity @s {} merge value {transformation:[-0.5298461706871234f,-0.7320244587671968f,-0.42825602993394507f,-27.930503399867064f,0.3255231611424615f,0.2907476157898407f,-0.8997224546894127f,1.5383027937590834f,0.7831332625856282f,-0.6161217539408227f,0.08423940498883922f,0.41205158947615333f,0f,0f,0f,1f],start_interpolation:0}
execute if entity @s[tag=aj.stage.bone.head] run data modify entity @s {} merge value {transformation:[-3.4450928483976665e-16f,-0.5124892599513025f,-0.8586936347933216f,-27.9375f,0f,0.8586936347933216f,-0.5124892599513025f,1.7875f,1f,-1.7655730843388447e-16f,-2.95827930019107e-16f,-0.06250000000000343f,0f,0f,0f,1f],start_interpolation:0}
execute if entity @s[tag=aj.stage.bone.outfit] run data modify entity @s {} merge value {transformation:[-3.4450928483976665e-16f,0f,-1f,-27.9375f,0f,1f,0f,0.3500000000000001f,1f,0f,-3.4450928483976665e-16f,-0.06250000000000343f,0f,0f,0f,1f],start_interpolation:0}
execute if entity @s[tag=aj.stage.bone.chest] run data modify entity @s {} merge value {transformation:[-3.4450928483976665e-16f,0f,-1f,-27.94546875f,0f,1f,0f,1.0375f,1f,0f,-3.4450928483976665e-16f,-0.05156250000000272f,0f,0f,0f,1f],start_interpolation:0}
execute if entity @s[tag=aj.stage.bone.waist] run data modify entity @s {} merge value {transformation:[-3.4450928483976665e-16f,0f,-1f,-27.9375f,0f,1f,0f,1.85f,1f,0f,-3.4450928483976665e-16f,-0.06250000000000343f,0f,0f,0f,1f],start_interpolation:0}
execute if entity @s[tag=aj.stage.bone.right_leg] run data modify entity @s {} merge value {transformation:[-3.4450928483976665e-16f,0f,-1f,-28f,0f,1f,0f,1.0375f,1f,0f,-3.4450928483976665e-16f,-0.16875000000000273f,0f,0f,0f,1f],start_interpolation:0}
execute if entity @s[tag=aj.stage.bone.left_leg] run data modify entity @s {} merge value {transformation:[-3.4450928483976665e-16f,0f,-1f,-28f,0f,1f,0f,1.0375f,1f,0f,-3.4450928483976665e-16f,0.043749999999995834f,0f,0f,0f,1f],start_interpolation:0}
execute if entity @s[tag=aj.stage.bone.platform] run data modify entity @s {} merge value {transformation:[-2f,0f,2.4492935982947064e-16f,-28f,0f,2f,0f,1.35f,-2.4492935982947064e-16f,0f,-2f,-3.429011037612589e-15f,0f,0f,0f,1f],start_interpolation:0}