execute if entity @s[tag=aj.stage.bone.left_bend] run data modify entity @s {} merge value {transformation:[-3.431983230007545e-16f,-0.702685450754669f,-0.7115006375947301f,-28f,-0.08715574274765818f,0.7087931628607667f,-0.7000115204680096f,3.0451769882155957f,0.9961946980917455f,0.06201136653500083f,-0.06124307237849641f,-0.43893340353037524f,0f,0f,0f,1f],start_interpolation:0}
execute if entity @s[tag=aj.stage.bone.right_straight] run data modify entity @s {} merge value {transformation:[0.662720194350052f,-0.24491044606139342f,-0.7076869487355539f,-28.087067712910102f,0.24654220036695504f,0.963682895086026f,-0.10262661037389692f,2.9688669094414895f,0.7071201364965145f,-0.1064619703397639f,0.6990328757880604f,-0.05629437657660272f,0f,0f,0f,1f],start_interpolation:0}
execute if entity @s[tag=aj.stage.bone.microphone] run data modify entity @s {} merge value {transformation:[0.662720194350052f,-0.31313693547448634f,-0.6802552488899124f,-27.710224010442424f,0.24654220036695504f,0.9489716694795322f,-0.19664616437512875f,3.346361123142216f,0.7071201364965145f,-0.037390241599612024f,0.7061041583182139f,-0.07388005285525268f,0f,0f,0f,1f],start_interpolation:0}
execute if entity @s[tag=aj.stage.bone.right_bend] run data modify entity @s {} merge value {transformation:[0.662720194350052f,-0.6802552488899125f,0.3131369354744862f,-27.95399949933716f,0.24654220036695504f,-0.19664616437512852f,-0.9489716694795322f,3.147518613230015f,0.7071201364965145f,0.7061041583182139f,0.037390241599612184f,0.2273636797214259f,0f,0f,0f,1f],start_interpolation:0}
execute if entity @s[tag=aj.stage.bone.head] run data modify entity @s {} merge value {transformation:[-3.4446280355468723e-16f,0.012917807270363455f,-0.9999165616466835f,-27.9375f,0.020667594858454746f,0.999702981918338f,0.01291504805837172f,3.4375f,0.9997864024494266f,-0.02066587038837274f,-0.00026698000712381743f,-0.06250000000000343f,0f,0f,0f,1f],start_interpolation:0}