execute if entity @s[tag=aj.stage.bone.left_straight] run data modify entity @s {} merge value {transformation:[0.3765364231768013f,-0.4336282641564635f,-0.8186494063675079f,-27.65377430960287f,-0.29325887099094383f,0.7824496225758932f,-0.5493376217918805f,2.1664915826355795f,0.8787602384076886f,0.44692182387470686f,0.16745544702447773f,-0.2768784895367782f,0f,0f,0f,1f],start_interpolation:0}
execute if entity @s[tag=aj.stage.bone.left_bend] run data modify entity @s {} merge value {transformation:[0.3765364231768013f,-0.8593726006202925f,-0.34597551260795306f,-27.837389400941326f,-0.29325887099094383f,0.24368489281489514f,-0.9244549245901121f,2.2503313915340404f,0.8787602384076886f,0.4495513389112617f,-0.16026240069571546f,-0.5738456839530185f,0f,0f,0f,1f],start_interpolation:0}
execute if entity @s[tag=aj.stage.bone.right_straight] run data modify entity @s {} merge value {transformation:[-0.244932864030722f,-0.5167943410794066f,-0.8203240220461727f,-27.6734921796943f,0.3560929820946314f,0.7390117732492153f,-0.5718910622679838f,2.170056676751861f,0.901779174865255f,-0.43218654308915305f,0.00301856787024315f,0.09425796696662087f,0f,0f,0f,1f],start_interpolation:0}
execute if entity @s[tag=aj.stage.bone.microphone] run data modify entity @s {} merge value {transformation:[-0.244932864030722f,-0.04903613648948695f,-0.9682992045002887f,-27.482965652491583f,0.3560929820946314f,0.9243700912884543f,-0.13688580070382497f,2.4909165243891316f,0.901779174865255f,-0.37833238250189366f,-0.20894718981068025f,0.3856655258529414f,0f,0f,0f,1f],start_interpolation:0}
execute if entity @s[tag=aj.stage.bone.right_bend] run data modify entity @s {} merge value {transformation:[-0.244932864030722f,-0.9682992045002887f,0.04903613648948674f,-27.881901699576233f,0.3560929820946314f,-0.13688580070382478f,-0.9243700912884543f,2.320340754869188f,0.901779174865255f,-0.20894718981068033f,0.3783323825018936f,0.3473698819762061f,0f,0f,0f,1f],start_interpolation:0}
execute if entity @s[tag=aj.stage.bone.head] run data modify entity @s {} merge value {transformation:[-3.4450928483976665e-16f,-0.14948496117776872f,-0.9887639993353727f,-27.9375f,0f,0.9887639993353727f,-0.14948496117776872f,2.5625f,1f,-5.1498957069653384e-17f,-3.406383782863368e-16f,-0.06250000000000343f,0f,0f,0f,1f],start_interpolation:0}
execute if entity @s[tag=aj.stage.bone.outfit] run data modify entity @s {} merge value {transformation:[-3.4450928483976665e-16f,0f,-1f,-27.9375f,0f,1f,0f,1.125f,1f,0f,-3.4450928483976665e-16f,-0.06250000000000343f,0f,0f,0f,1f],start_interpolation:0}
execute if entity @s[tag=aj.stage.bone.chest] run data modify entity @s {} merge value {transformation:[-3.4450928483976665e-16f,0f,-1f,-27.94546875f,0f,1f,0f,1.8125f,1f,0f,-3.4450928483976665e-16f,-0.05156250000000272f,0f,0f,0f,1f],start_interpolation:0}
execute if entity @s[tag=aj.stage.bone.waist] run data modify entity @s {} merge value {transformation:[-3.4450928483976665e-16f,0f,-1f,-27.9375f,0f,1f,0f,2.625f,1f,0f,-3.4450928483976665e-16f,-0.06250000000000343f,0f,0f,0f,1f],start_interpolation:0}
execute if entity @s[tag=aj.stage.bone.right_leg] run data modify entity @s {} merge value {transformation:[-3.4450928483976665e-16f,0f,-1f,-28f,0f,1f,0f,1.8125f,1f,0f,-3.4450928483976665e-16f,-0.16875000000000273f,0f,0f,0f,1f],start_interpolation:0}
execute if entity @s[tag=aj.stage.bone.left_leg] run data modify entity @s {} merge value {transformation:[-3.4450928483976665e-16f,0f,-1f,-28f,0f,1f,0f,1.8125f,1f,0f,-3.4450928483976665e-16f,0.043749999999995834f,0f,0f,0f,1f],start_interpolation:0}
execute if entity @s[tag=aj.stage.bone.platform] run data modify entity @s {} merge value {transformation:[-2f,0f,2.4492935982947064e-16f,-28f,0f,2f,0f,2.125f,-2.4492935982947064e-16f,0f,-2f,-3.429011037612589e-15f,0f,0f,0f,1f],start_interpolation:0}