execute if entity @s[tag=aj.stage.bone.left_straight] run data modify entity @s {} merge value {transformation:[0.48261730981053125f,-0.25241818839695845f,-0.8386689397119957f,-27.685275959304086f,-0.33591374165106214f,0.8309923507800904f,-0.4434114016519678f,1.1267758368271874f,0.808852576457063f,0.4957184393497752f,0.3162605546814115f,-0.32869708040839696f,0f,0f,0f,1f],start_interpolation:0}
execute if entity @s[tag=aj.stage.bone.left_bend] run data modify entity @s {} merge value {transformation:[0.48261730981053125f,-0.6658293125002931f,-0.5689919673304998f,-27.905343179351142f,-0.33591374165106214f,0.4592579653968859f,-0.82234061032488f,1.2321278684574661f,0.808852576457063f,0.5880080338183311f,-0.0020153718940246756f,-0.5921444147561692f,0f,0f,0f,1f],start_interpolation:0}
execute if entity @s[tag=aj.stage.bone.right_straight] run data modify entity @s {} merge value {transformation:[-0.4881500521585131f,-0.24866789046138588f,-0.8365846082920275f,-27.695558748791285f,0.3327472664012482f,0.8331228527753253f,-0.4417981087397279f,1.1342642480676095f,0.80683875915832f,-0.49403501134736183f,-0.3239454032439331f,0.21837157441271088f,0f,0f,0f,1f],start_interpolation:0}
execute if entity @s[tag=aj.stage.bone.microphone] run data modify entity @s {} merge value {transformation:[-0.4881500521585131f,0.580011808613591f,-0.6521470911124514f,-27.611725930165804f,0.3327472664012482f,0.8144695472171107f,0.4753089662087718f,1.1996003992276063f,0.80683875915832f,0.015021934787026882f,-0.5905806957521695f,0.6516149766677125f,0f,0f,0f,1f],start_interpolation:0}
execute if entity @s[tag=aj.stage.bone.right_bend] run data modify entity @s {} merge value {transformation:[-0.4881500521585131f,-0.6521470911124513f,-0.5800118086135911f,-27.95698251197455f,0.3327472664012482f,0.47530896620877194f,-0.8144695472171106f,1.298231515673746f,0.80683875915832f,-0.5905806957521695f,-0.015021934787027014f,0.4050740779569524f,0f,0f,0f,1f],start_interpolation:0}
execute if entity @s[tag=aj.stage.bone.head] run data modify entity @s {} merge value {transformation:[-3.4450928483976665e-16f,-0.5827151830563582f,-0.8126764518771262f,-27.9375f,0f,0.8126764518771262f,-0.5827151830563582f,1.5625f,1f,-2.0075079098001967e-16f,-2.799745832423078e-16f,-0.06250000000000343f,0f,0f,0f,1f],start_interpolation:0}
execute if entity @s[tag=aj.stage.bone.outfit] run data modify entity @s {} merge value {transformation:[-3.4450928483976665e-16f,0f,-1f,-27.9375f,0f,1f,0f,0.125f,1f,0f,-3.4450928483976665e-16f,-0.06250000000000343f,0f,0f,0f,1f],start_interpolation:0}
execute if entity @s[tag=aj.stage.bone.chest] run data modify entity @s {} merge value {transformation:[-3.4450928483976665e-16f,0f,-1f,-27.94546875f,0f,1f,0f,0.8125f,1f,0f,-3.4450928483976665e-16f,-0.05156250000000272f,0f,0f,0f,1f],start_interpolation:0}
execute if entity @s[tag=aj.stage.bone.waist] run data modify entity @s {} merge value {transformation:[-3.4450928483976665e-16f,0f,-1f,-27.9375f,0f,1f,0f,1.625f,1f,0f,-3.4450928483976665e-16f,-0.06250000000000343f,0f,0f,0f,1f],start_interpolation:0}
execute if entity @s[tag=aj.stage.bone.right_leg] run data modify entity @s {} merge value {transformation:[-3.4450928483976665e-16f,0f,-1f,-28f,0f,1f,0f,0.8125f,1f,0f,-3.4450928483976665e-16f,-0.16875000000000273f,0f,0f,0f,1f],start_interpolation:0}
execute if entity @s[tag=aj.stage.bone.left_leg] run data modify entity @s {} merge value {transformation:[-3.4450928483976665e-16f,0f,-1f,-28f,0f,1f,0f,0.8125f,1f,0f,-3.4450928483976665e-16f,0.043749999999995834f,0f,0f,0f,1f],start_interpolation:0}
execute if entity @s[tag=aj.stage.bone.platform] run data modify entity @s {} merge value {transformation:[-2f,0f,2.4492935982947064e-16f,-28f,0f,2f,0f,1.125f,-2.4492935982947064e-16f,0f,-2f,-3.429011037612589e-15f,0f,0f,0f,1f],start_interpolation:0}