execute if entity @s[tag=aj.stage.bone.left_bend] run data modify entity @s {} merge value {transformation:[-3.431983230007545e-16f,-0.15520302854435103f,-0.9878825942037147f,-28f,-0.08715574274765818f,0.9841234026828599f,-0.15461243416366433f,3.0451769882155957f,0.9961946980917455f,0.0860996412453081f,-0.013526835229469245f,-0.43893340353037524f,0f,0f,0f,1f],start_interpolation:0}
execute if entity @s[tag=aj.stage.bone.right_straight] run data modify entity @s {} merge value {transformation:[0.6621008384500305f,-0.2420810142524385f,-0.7092385087276898f,-28.087873379844773f,0.24495141287739702f,0.9643152111132588f,-0.10047377242324548f,2.969033923997809f,0.708252275007383f,-0.10720520581623731f,0.6977719962801349f,-0.05585494889285336f,0f,0f,0f,1f],start_interpolation:0}
execute if entity @s[tag=aj.stage.bone.microphone] run data modify entity @s {} merge value {transformation:[0.6621008384500305f,-0.3089601781123943f,-0.6827635667378015f,-27.709493998281932f,0.24495141287739702f,0.9502411564050666f,-0.19245921646761688f,3.3446647139644097f,0.708252275007383f,-0.03981649174299041f,0.7048356985370043f,-0.07302622943326076f,0f,0f,0f,1f],start_interpolation:0}
execute if entity @s[tag=aj.stage.bone.right_bend] run data modify entity @s {} merge value {transformation:[0.6621008384500305f,-0.6827635667378016f,0.3089601781123941f,-27.95483492130878f,0.24495141287739702f,-0.19245921646761666f,-0.9502411564050666f,3.1474100265208986f,0.708252275007383f,0.7048356985370043f,0.03981649174299057f,0.22799044605279517f,0f,0f,0f,1f],start_interpolation:0}
execute if entity @s[tag=aj.stage.bone.head] run data modify entity @s {} merge value {transformation:[-3.4445050252298175e-16f,0.01957372678462942f,-0.9998084162577152f,-27.9375f,0.02232811795182401f,0.9995591605184597f,0.01956884698599964f,3.4375f,0.9997506964982468f,-0.022323840247428617f,-0.0004370444804043269f,-0.06250000000000343f,0f,0f,0f,1f],start_interpolation:0}