execute if entity @s[tag=aj.stage.bone.left_straight] run data modify entity @s {} merge value {transformation:[-0.509074099091058f,-0.04453821256514047f,0.8595696069872004f,-27.918291295786744f,-0.08715574274765818f,0.9961946980917455f,0f,3.0018115019836387f,-0.8562986851214545f,-0.07491642754028209f,-0.5110186794471118f,-0.04578345190715466f,0f,0f,0f,1f],start_interpolation:0}
execute if entity @s[tag=aj.stage.bone.left_bend] run data modify entity @s {} merge value {transformation:[-0.509074099091058f,-0.04453821256514047f,0.8595696069872004f,-27.691412398791428f,-0.08715574274765818f,0.9961946980917455f,0f,3.0451769882155957f,-0.8562986851214545f,-0.07491642754028209f,-0.5110186794471118f,0.229132045264008f,0f,0f,0f,1f],start_interpolation:0}
execute if entity @s[tag=aj.stage.bone.right_straight] run data modify entity @s {} merge value {transformation:[-0.509074099091058f,0.04453821256514047f,0.8595696069872004f,-27.954145309519514f,0.08715574274765818f,0.9961946980917455f,0f,3.003718033856244f,-0.8562986851214545f,0.07491642754028209f,-0.5110186794471118f,-0.1060924420335736f,0f,0f,0f,1f],start_interpolation:0}
execute if entity @s[tag=aj.stage.bone.microphone] run data modify entity @s {} merge value {transformation:[-0.509074099091058f,-0.8595696069872004f,0.044538212565140664f,-28.168589065022918f,0.08715574274765818f,2.2119965816619248e-16f,0.9961946980917455f,2.7254195311375633f,-0.8562986851214545f,0.5110186794471118f,0.07491642754028198f,-0.39274773572539445f,0f,0f,0f,1f],start_interpolation:0}
execute if entity @s[tag=aj.stage.bone.right_bend] run data modify entity @s {} merge value {transformation:[-0.509074099091058f,0.04453821256514047f,0.8595696069872004f,-28.044965210774574f,0.08715574274765818f,0.9961946980917455f,0f,3.1416833495932335f,-0.8562986851214545f,0.07491642754028209f,-0.5110186794471118f,-0.4267211850096613f,0f,0f,0f,1f],start_interpolation:0}
execute if entity @s[tag=aj.stage.bone.head] run data modify entity @s {} merge value {transformation:[-0.5110186794471118f,0f,0.8595696069872004f,-27.9375f,0f,1f,0f,3.4375f,-0.8595696069872004f,0f,-0.5110186794471118f,-0.06250000000000343f,0f,0f,0f,1f],start_interpolation:0}
execute if entity @s[tag=aj.stage.bone.outfit] run data modify entity @s {} merge value {transformation:[-0.5110186794471118f,0f,0.8595696069872004f,-27.9375f,0f,1f,0f,2f,-0.8595696069872004f,0f,-0.5110186794471118f,-0.06250000000000343f,0f,0f,0f,1f],start_interpolation:0}
execute if entity @s[tag=aj.stage.bone.chest] run data modify entity @s {} merge value {transformation:[-0.5110186794471118f,0f,0.8595696069872004f,-27.936239571500774f,0f,1f,0f,2.6875f,-0.8595696069872004f,0f,-0.5110186794471118f,-0.07597372267827071f,0f,0f,0f,1f],start_interpolation:0}
execute if entity @s[tag=aj.stage.bone.waist] run data modify entity @s {} merge value {transformation:[-0.5110186794471118f,0f,0.8595696069872004f,-27.9375f,0f,1f,0f,3.5f,-0.8595696069872004f,0f,-0.5110186794471118f,-0.06250000000000343f,0f,0f,0f,1f],start_interpolation:0}
execute if entity @s[tag=aj.stage.bone.right_leg] run data modify entity @s {} merge value {transformation:[-0.5110186794471118f,0f,0.8595696069872004f,-27.829481164872046f,0f,1f,0f,2.6875f,-0.8595696069872004f,0f,-0.5110186794471118f,-0.0031093967230584815f,0f,0f,0f,1f],start_interpolation:0}
execute if entity @s[tag=aj.stage.bone.left_leg] run data modify entity @s {} merge value {transformation:[-0.5110186794471118f,0f,0.8595696069872004f,-27.938072634254556f,0f,1f,0f,2.6875f,-0.8595696069872004f,0f,-0.5110186794471118f,-0.18576793820783732f,0f,0f,0f,1f],start_interpolation:0}