execute if entity @s[tag=aj.stage.bone.right_straight] run data modify entity @s {} merge value {transformation:[0.6395416749863984f,-0.2426894213777426f,-0.7294438228588467f,-28.079027829457264f,0.24634152750109273f,0.9635233020647365f,-0.10458823168356451f,2.969102507837452f,0.7282185783018862f,-0.11280377267451246f,0.6759977892614565f,-0.05534220692690445f,0f,0f,0f,1f],start_interpolation:0}
execute if entity @s[tag=aj.stage.bone.microphone] run data modify entity @s {} merge value {transformation:[0.6395416749863984f,-0.2940366419525412f,-0.7103019774327433f,-27.69655514127117f,0.24634152750109273f,0.9536247416592076f,-0.1729615677653228f,3.3370282818344954f,0.7282185783018862f,-0.06436074335092071f,0.6823162001090819f,-0.06202649232908425f,0f,0f,0f,1f],start_interpolation:0}
execute if entity @s[tag=aj.stage.bone.right_bend] run data modify entity @s {} merge value {transformation:[0.6395416749863984f,-0.7103019774327434f,0.29403664195254103f,-27.955297124143655f,0.24634152750109273f,-0.17296156776532257f,-0.9536247416592076f,3.147501699373134f,0.7282185783018862f,0.6823162001090819f,0.06436074335092086f,0.23266806138800106f,0f,0f,0f,1f],start_interpolation:0}
execute if entity @s[tag=aj.stage.bone.head] run data modify entity @s {} merge value {transformation:[-3.444465153477316e-16f,0.040894747161583464f,-0.9991634599276488f,-27.9375f,0.019088379310129047f,0.998981412634297f,0.04088729615048101f,3.4375f,0.999817800289289f,-0.019072411115919872f,-0.0007806144456124724f,-0.06250000000000343f,0f,0f,0f,1f],start_interpolation:0}