execute if entity @s[tag=aj.stage.bone.left_straight] run data modify entity @s {} merge value {transformation:[0.1838550035858689f,-0.2315450888840985f,-0.9552927349614332f,-27.79297189951968f,-0.1950345448842028f,0.9439436380202251f,-0.26633049870969366f,2.5233188601363095f,0.9634100186100683f,0.23528127858968548f,0.12838946992238418f,-0.16271324275945231f,0f,0f,0f,1f],start_interpolation:0}
execute if entity @s[tag=aj.stage.bone.left_bend] run data modify entity @s {} merge value {transformation:[0.1838550035858689f,-0.5370428185135712f,-0.8232753784363042f,-27.913170591668464f,-0.1950345448842028f,0.8009693204355687f,-0.5660474132286051f,2.5897711357424154f,0.9634100186100683f,0.2646377879366114f,0.04252031558872857f,-0.4944804794711355f,0f,0f,0f,1f],start_interpolation:0}
execute if entity @s[tag=aj.stage.bone.right_straight] run data modify entity @s {} merge value {transformation:[0.20026207487544812f,-0.4236186038111013f,-0.883426499416739f,-27.854323161521364f,0.3362245441351912f,0.8766489613557931f,-0.344150627596249f,2.510915760290745f,0.9202435315109058f,-0.2281093532912284f,0.3179905118920913f,-0.029907575036146966f,0f,0f,0f,1f],start_interpolation:0}
execute if entity @s[tag=aj.stage.bone.microphone] run data modify entity @s {} merge value {transformation:[0.20026207487544812f,-0.2096733358741234f,-0.9570434648384563f,-27.536496797023624f,0.3362245441351912f,0.932217485587293f,-0.13387910772927902f,2.8595159114305067f,0.9202435315109058f,-0.2949705947865348f,0.25718512967046636f,0.13256953104864072f,0f,0f,0f,1f],start_interpolation:0}
execute if entity @s[tag=aj.stage.bone.right_bend] run data modify entity @s {} merge value {transformation:[0.20026207487544812f,-0.9570434648384563f,0.20967333587412318f,-27.90978815392181f,0.3362245441351912f,-0.13387910772927883f,-0.932217485587293f,2.689177300510537f,0.9202435315109058f,0.2571851296704663f,0.29497059478653487f,0.27868913837684106f,0f,0f,0f,1f],start_interpolation:0}
execute if entity @s[tag=aj.stage.bone.head] run data modify entity @s {} merge value {transformation:[-3.4450928483976665e-16f,-0.005530836481900503f,-0.9999847048069338f,-27.9375f,0f,0.9999847048069338f,-0.005530836481900503f,2.9625f,1f,-1.9054245209452334e-18f,-3.445040155037419e-16f,-0.06250000000000343f,0f,0f,0f,1f],start_interpolation:0}
execute if entity @s[tag=aj.stage.bone.outfit] run data modify entity @s {} merge value {transformation:[-3.4450928483976665e-16f,0f,-1f,-27.9375f,0f,1f,0f,1.525f,1f,0f,-3.4450928483976665e-16f,-0.06250000000000343f,0f,0f,0f,1f],start_interpolation:0}
execute if entity @s[tag=aj.stage.bone.chest] run data modify entity @s {} merge value {transformation:[-3.4450928483976665e-16f,0f,-1f,-27.94546875f,0f,1f,0f,2.2125f,1f,0f,-3.4450928483976665e-16f,-0.05156250000000272f,0f,0f,0f,1f],start_interpolation:0}
execute if entity @s[tag=aj.stage.bone.waist] run data modify entity @s {} merge value {transformation:[-3.4450928483976665e-16f,0f,-1f,-27.9375f,0f,1f,0f,3.025f,1f,0f,-3.4450928483976665e-16f,-0.06250000000000343f,0f,0f,0f,1f],start_interpolation:0}
execute if entity @s[tag=aj.stage.bone.right_leg] run data modify entity @s {} merge value {transformation:[-3.4450928483976665e-16f,0f,-1f,-28f,0f,1f,0f,2.2125f,1f,0f,-3.4450928483976665e-16f,-0.16875000000000273f,0f,0f,0f,1f],start_interpolation:0}
execute if entity @s[tag=aj.stage.bone.left_leg] run data modify entity @s {} merge value {transformation:[-3.4450928483976665e-16f,0f,-1f,-28f,0f,1f,0f,2.2125f,1f,0f,-3.4450928483976665e-16f,0.043749999999995834f,0f,0f,0f,1f],start_interpolation:0}
execute if entity @s[tag=aj.stage.bone.platform] run data modify entity @s {} merge value {transformation:[-2f,0f,2.4492935982947064e-16f,-28f,0f,2f,0f,2.525f,-2.4492935982947064e-16f,0f,-2f,-3.429011037612589e-15f,0f,0f,0f,1f],start_interpolation:0}