execute if entity @s[tag=aj.stage.bone.left_straight] run data modify entity @s {} merge value {transformation:[0.5101900914008485f,-0.43702840916573304f,-0.7407511324449411f,-27.609299358213402f,-0.3451504084445773f,0.6848424922959166f,-0.6417647203582157f,1.5909492311471798f,0.7877672665114587f,0.5830925572565526f,0.19855931981420205f,-0.3636148515047522f,0f,0f,0f,1f],start_interpolation:0}
execute if entity @s[tag=aj.stage.bone.left_bend] run data modify entity @s {} merge value {transformation:[0.5101900914008485f,-0.8414873695535454f,-0.1777781694085322f,-27.83611434656285f,-0.3451504084445773f,-0.01099306818996365f,-0.9384830035766828f,1.686934065389031f,0.7877672665114587f,0.5401649371568148f,-0.29604826376697235f,-0.6249097089712107f,0f,0f,0f,1f],start_interpolation:0}
execute if entity @s[tag=aj.stage.bone.right_straight] run data modify entity @s {} merge value {transformation:[-0.548765393385194f,-0.40692891602323056f,-0.7302502313090711f,-27.619857604628915f,0.3218677940446882f,0.7033399564937652f,-0.6338091422156631f,1.5986465464396162f,0.7715294331259175f,-0.5828565543111847f,-0.254991315375433f,0.24393838133977208f,0f,0f,0f,1f],start_interpolation:0}
execute if entity @s[tag=aj.stage.bone.microphone] run data modify entity @s {} merge value {transformation:[-0.548765393385194f,0.2869669495057258f,-0.7851792871148421f,-27.544906721327074f,0.3218677940446882f,0.9393571289234743f,0.1183609204824523f,1.7942375953170404f,0.7715294331259175f,-0.18777154798324835f,-0.6078521033840182f,0.6438596005115668f,0f,0f,0f,1f],start_interpolation:0}
execute if entity @s[tag=aj.stage.bone.right_bend] run data modify entity @s {} merge value {transformation:[-0.548765393385194f,-0.785179287114842f,-0.286966949505726f,-27.90964321495945f,0.3218677940446882f,0.1183609204824525f,-0.9393571289234743f,1.728327038905932f,0.7715294331259175f,-0.6078521033840182f,0.18777154798324822f,0.4150896114021562f,0f,0f,0f,1f],start_interpolation:0}
execute if entity @s[tag=aj.stage.bone.head] run data modify entity @s {} merge value {transformation:[-3.4450928483976665e-16f,-0.440771836178342f,-0.8976191778432393f,-27.9375f,0f,0.8976191778432393f,-0.440771836178342f,1.9625f,1f,-1.518499900593114e-16f,-3.092381410172337e-16f,-0.06250000000000343f,0f,0f,0f,1f],start_interpolation:0}
execute if entity @s[tag=aj.stage.bone.outfit] run data modify entity @s {} merge value {transformation:[-3.4450928483976665e-16f,0f,-1f,-27.9375f,0f,1f,0f,0.5249999999999999f,1f,0f,-3.4450928483976665e-16f,-0.06250000000000343f,0f,0f,0f,1f],start_interpolation:0}
execute if entity @s[tag=aj.stage.bone.chest] run data modify entity @s {} merge value {transformation:[-3.4450928483976665e-16f,0f,-1f,-27.94546875f,0f,1f,0f,1.2125f,1f,0f,-3.4450928483976665e-16f,-0.05156250000000272f,0f,0f,0f,1f],start_interpolation:0}
execute if entity @s[tag=aj.stage.bone.waist] run data modify entity @s {} merge value {transformation:[-3.4450928483976665e-16f,0f,-1f,-27.9375f,0f,1f,0f,2.025f,1f,0f,-3.4450928483976665e-16f,-0.06250000000000343f,0f,0f,0f,1f],start_interpolation:0}
execute if entity @s[tag=aj.stage.bone.right_leg] run data modify entity @s {} merge value {transformation:[-3.4450928483976665e-16f,0f,-1f,-28f,0f,1f,0f,1.2125f,1f,0f,-3.4450928483976665e-16f,-0.16875000000000273f,0f,0f,0f,1f],start_interpolation:0}
execute if entity @s[tag=aj.stage.bone.left_leg] run data modify entity @s {} merge value {transformation:[-3.4450928483976665e-16f,0f,-1f,-28f,0f,1f,0f,1.2125f,1f,0f,-3.4450928483976665e-16f,0.043749999999995834f,0f,0f,0f,1f],start_interpolation:0}
execute if entity @s[tag=aj.stage.bone.platform] run data modify entity @s {} merge value {transformation:[-2f,0f,2.4492935982947064e-16f,-28f,0f,2f,0f,1.525f,-2.4492935982947064e-16f,0f,-2f,-3.429011037612589e-15f,0f,0f,0f,1f],start_interpolation:0}