execute if entity @s[tag=aj.stage.bone.left_straight] run data modify entity @s {} merge value {transformation:[-0.9090312647234826f,-0.07952993045393793f,-0.4090686371713402f,-27.918690826194357f,-0.08715574274765818f,0.9961946980917455f,0f,3.0018115019836387f,0.40751200750570504f,0.03565268090744045f,-0.9125036164765499f,-0.07966485591090228f,0f,0f,0f,1f],start_interpolation:0}
execute if entity @s[tag=aj.stage.bone.left_bend] run data modify entity @s {} merge value {transformation:[-0.9090312647234826f,-0.07952993045393793f,-0.4090686371713402f,-27.61956994773917f,-0.08715574274765818f,0.9961946980917455f,0f,3.0451769882155957f,0.40751200750570504f,0.03565268090744045f,-0.9125036164765499f,-0.27351857539772617f,0f,0f,0f,1f],start_interpolation:0}
execute if entity @s[tag=aj.stage.bone.right_straight] run data modify entity @s {} merge value {transformation:[-0.9090312647234826f,0.07952993045393793f,-0.4090686371713402f,-27.98271376412639f,0.08715574274765818f,0.9961946980917455f,0f,3.003718033856244f,0.40751200750570504f,-0.03565268090744045f,-0.9125036164765499f,-0.05096384531251173f,0f,0f,0f,1f],start_interpolation:0}
execute if entity @s[tag=aj.stage.bone.microphone] run data modify entity @s {} merge value {transformation:[-0.9090312647234826f,0.4090686371713402f,0.07952993045393783f,-28.292070876356945f,0.08715574274765818f,2.2119965816619248e-16f,0.9961946980917455f,2.7254195311375633f,0.40751200750570504f,0.9125036164765499f,-0.03565268090744065f,0.12919041855131744f,0f,0f,0f,1f],start_interpolation:0}
execute if entity @s[tag=aj.stage.bone.right_bend] run data modify entity @s {} merge value {transformation:[-0.9090312647234826f,0.07952993045393793f,-0.4090686371713402f,-28.311642564806128f,0.08715574274765818f,0.9961946980917455f,0f,3.1416833495932335f,0.40751200750570504f,-0.03565268090744045f,-0.9125036164765499f,0.0024860318603500894f,0f,0f,0f,1f],start_interpolation:0}
execute if entity @s[tag=aj.stage.bone.head] run data modify entity @s {} merge value {transformation:[-0.9125036164765499f,0f,-0.4090686371713402f,-27.9375f,0f,1f,0f,3.4375f,0.4090686371713402f,0f,-0.9125036164765499f,-0.06250000000000343f,0f,0f,0f,1f],start_interpolation:0}
execute if entity @s[tag=aj.stage.bone.outfit] run data modify entity @s {} merge value {transformation:[-0.9125036164765499f,0f,-0.4090686371713402f,-27.9375f,0f,1f,0f,2f,0.4090686371713402f,0f,-0.9125036164765499f,-0.06250000000000343f,0f,0f,0f,1f],start_interpolation:0}
execute if entity @s[tag=aj.stage.bone.chest] run data modify entity @s {} merge value {transformation:[-0.9125036164765499f,0f,-0.4090686371713402f,-27.95074027400767f,0f,1f,0f,2.6875f,0.4090686371713402f,0f,-0.9125036164765499f,-0.06529732497473911f,0f,0f,0f,1f],start_interpolation:0}
execute if entity @s[tag=aj.stage.bone.waist] run data modify entity @s {} merge value {transformation:[-0.9125036164765499f,0f,-0.4090686371713402f,-27.9375f,0f,1f,0f,3.5f,0.4090686371713402f,0f,-0.9125036164765499f,-0.06250000000000343f,0f,0f,0f,1f],start_interpolation:0}
execute if entity @s[tag=aj.stage.bone.right_leg] run data modify entity @s {} merge value {transformation:[-0.9125036164765499f,0f,-0.4090686371713402f,-27.866113280572577f,0f,1f,0f,2.6875f,0.4090686371713402f,0f,-0.9125036164765499f,-0.16299501872924238f,0f,0f,0f,1f],start_interpolation:0}
execute if entity @s[tag=aj.stage.bone.left_leg] run data modify entity @s {} merge value {transformation:[-0.9125036164765499f,0f,-0.4090686371713402f,-28.06002029907384f,0f,1f,0f,2.6875f,0.4090686371713402f,0f,-0.9125036164765499f,-0.07606793333033318f,0f,0f,0f,1f],start_interpolation:0}