execute if entity @s[tag=aj.stage.bone.left_straight] run data modify entity @s {} merge value {transformation:[-0.5731293990230363f,-0.05014232514794146f,0.8179293607667177f,-27.917068018677394f,-0.08715574274765818f,0.9961946980917455f,0f,3.0018115019836387f,-0.8148168926093748f,-0.07128724095274055f,-0.5753186602186205f,-0.0473029135382626f,0f,0f,0f,1f],start_interpolation:0}
execute if entity @s[tag=aj.stage.bone.left_bend] run data modify entity @s {} merge value {transformation:[-0.5731293990230363f,-0.05014232514794146f,0.8179293607667177f,-27.669810253571452f,-0.08715574274765818f,0.9961946980917455f,0f,3.0451769882155957f,-0.8148168926093748f,-0.07128724095274055f,-0.5753186602186205f,0.20943851685716972f,0f,0f,0f,1f],start_interpolation:0}
execute if entity @s[tag=aj.stage.bone.right_straight] run data modify entity @s {} merge value {transformation:[-0.5731293990230363f,0.05014232514794146f,0.8179293607667177f,-27.957433437739013f,0.08715574274765818f,0.9961946980917455f,0f,3.003718033856244f,-0.8148168926093748f,0.07128724095274055f,-0.5753186602186205f,-0.10469034713480979f,0f,0f,0f,1f],start_interpolation:0}
execute if entity @s[tag=aj.stage.bone.microphone] run data modify entity @s {} merge value {transformation:[-0.5731293990230363f,-0.8179293607667177f,0.05014232514794164f,-28.193191221182598f,0.08715574274765818f,2.2119965816619248e-16f,0.9961946980917455f,2.7254195311375633f,-0.8148168926093748f,0.5753186602186205f,0.07128724095274043f,-0.3740890279439684f,0f,0f,0f,1f],start_interpolation:0}
execute if entity @s[tag=aj.stage.bone.right_bend] run data modify entity @s {} merge value {transformation:[-0.5731293990230363f,0.05014232514794146f,0.8179293607667177f,-28.072530746060043f,0.08715574274765818f,0.9961946980917455f,0f,3.1416833495932335f,-0.8148168926093748f,0.07128724095274055f,-0.5753186602186205f,-0.4174261060490393f,0f,0f,0f,1f],start_interpolation:0}
execute if entity @s[tag=aj.stage.bone.head] run data modify entity @s {} merge value {transformation:[-0.5753186602186205f,0f,0.8179293607667177f,-27.9375f,0f,1f,0f,3.4375f,-0.8179293607667177f,0f,-0.5753186602186205f,-0.06250000000000343f,0f,0f,0f,1f],start_interpolation:0}
execute if entity @s[tag=aj.stage.bone.outfit] run data modify entity @s {} merge value {transformation:[-0.5753186602186205f,0f,0.8179293607667177f,-27.9375f,0f,1f,0f,2f,-0.8179293607667177f,0f,-0.5753186602186205f,-0.06250000000000343f,0f,0f,0f,1f],start_interpolation:0}
execute if entity @s[tag=aj.stage.bone.chest] run data modify entity @s {} merge value {transformation:[-0.5753186602186205f,0f,0.8179293607667177f,-27.93727467325253f,0f,1f,0f,2.6875f,-0.8179293607667177f,0f,-0.5753186602186205f,-0.07603067295700712f,0f,0f,0f,1f],start_interpolation:0}
execute if entity @s[tag=aj.stage.bone.waist] run data modify entity @s {} merge value {transformation:[-0.5753186602186205f,0f,0.8179293607667177f,-27.9375f,0f,1f,0f,3.5f,-0.8179293607667177f,0f,-0.5753186602186205f,-0.06250000000000343f,0f,0f,0f,1f],start_interpolation:0}
execute if entity @s[tag=aj.stage.bone.right_leg] run data modify entity @s {} merge value {transformation:[-0.5753186602186205f,0f,0.8179293607667177f,-27.825251807303854f,0f,1f,0f,2.6875f,-0.8179293607667177f,0f,-0.5753186602186205f,-0.01155242168220403f,0f,0f,0f,1f],start_interpolation:0}
execute if entity @s[tag=aj.stage.bone.left_leg] run data modify entity @s {} merge value {transformation:[-0.5753186602186205f,0f,0.8179293607667177f,-27.94750702260031f,0f,1f,0f,2.6875f,-0.8179293607667177f,0f,-0.5753186602186205f,-0.1853624108451304f,0f,0f,0f,1f],start_interpolation:0}