execute if entity @s[tag=aj.stage.bone.left_straight] run data modify entity @s {} merge value {transformation:[0.24668019845316114f,-0.3049297894004317f,-0.9198731995374783f,-27.7441834883062f,-0.2293054914820014f,0.9038858263458236f,-0.36112242315775034f,2.4068549079187918f,0.9415773315385767f,0.30001372713150287f,0.15304865979601814f,-0.1968855442128728f,0f,0f,0f,1f],start_interpolation:0}
execute if entity @s[tag=aj.stage.bone.left_bend] run data modify entity @s {} merge value {transformation:[0.24668019845316114f,-0.6803327287855437f,-0.6901422011689509f,-27.885651328974838f,-0.2293054914820014f,0.6509501955601649f,-0.7236593359284331f,2.479792815120316f,0.9415773315385767f,0.3367658252308252f,0.004572492678445256f,-0.5187551476743171f,0f,0f,0f,1f],start_interpolation:0}
execute if entity @s[tag=aj.stage.bone.right_straight] run data modify entity @s {} merge value {transformation:[0.057935771504969785f,-0.46672501784334425f,-0.8825028068506378f,-27.790301823353627f,0.3503233565817925f,0.8372778921437269f,-0.41980861968356936f,2.4006055134740474f,0.9348352754434281f,-0.28483940922296463f,0.212013015496979f,-0.0006234287859395726f,0f,0f,0f,1f],start_interpolation:0}
execute if entity @s[tag=aj.stage.bone.microphone] run data modify entity @s {} merge value {transformation:[0.057935771504969785f,-0.16688040339644078f,-0.9842735277057721f,-27.507469409857084f,0.3503233565817925f,0.9266309478918422f,-0.1364867474970823f,2.743465736018431f,0.9348352754434281f,-0.3369065410040405f,0.11214718193206002f,0.206768126721391f,0f,0f,0f,1f],start_interpolation:0}
execute if entity @s[tag=aj.stage.bone.right_bend] run data modify entity @s {} merge value {transformation:[0.057935771504969785f,-0.9842735277057721f,0.16688040339644056f,-27.8977703171264f,0.3503233565817925f,-0.13648674749708212f,-0.9266309478918422f,2.572763066882414f,0.9348352754434281f,0.11214718193205996f,0.3369065410040405f,0.29753386742441423f,0f,0f,0f,1f],start_interpolation:0}
execute if entity @s[tag=aj.stage.bone.head] run data modify entity @s {} merge value {transformation:[-3.4450928483976665e-16f,-0.04025952341292264f,-0.9991892567349613f,-27.9375f,0f,0.9991892567349613f,-0.04025952341292264f,2.8375f,1f,-1.386977961897582e-17f,-3.442299762573395e-16f,-0.06250000000000343f,0f,0f,0f,1f],start_interpolation:0}
execute if entity @s[tag=aj.stage.bone.outfit] run data modify entity @s {} merge value {transformation:[-3.4450928483976665e-16f,0f,-1f,-27.9375f,0f,1f,0f,1.4f,1f,0f,-3.4450928483976665e-16f,-0.06250000000000343f,0f,0f,0f,1f],start_interpolation:0}
execute if entity @s[tag=aj.stage.bone.chest] run data modify entity @s {} merge value {transformation:[-3.4450928483976665e-16f,0f,-1f,-27.94546875f,0f,1f,0f,2.0875f,1f,0f,-3.4450928483976665e-16f,-0.05156250000000272f,0f,0f,0f,1f],start_interpolation:0}
execute if entity @s[tag=aj.stage.bone.waist] run data modify entity @s {} merge value {transformation:[-3.4450928483976665e-16f,0f,-1f,-27.9375f,0f,1f,0f,2.9f,1f,0f,-3.4450928483976665e-16f,-0.06250000000000343f,0f,0f,0f,1f],start_interpolation:0}
execute if entity @s[tag=aj.stage.bone.right_leg] run data modify entity @s {} merge value {transformation:[-3.4450928483976665e-16f,0f,-1f,-28f,0f,1f,0f,2.0875f,1f,0f,-3.4450928483976665e-16f,-0.16875000000000273f,0f,0f,0f,1f],start_interpolation:0}
execute if entity @s[tag=aj.stage.bone.left_leg] run data modify entity @s {} merge value {transformation:[-3.4450928483976665e-16f,0f,-1f,-28f,0f,1f,0f,2.0875f,1f,0f,-3.4450928483976665e-16f,0.043749999999995834f,0f,0f,0f,1f],start_interpolation:0}
execute if entity @s[tag=aj.stage.bone.platform] run data modify entity @s {} merge value {transformation:[-2f,0f,2.4492935982947064e-16f,-28f,0f,2f,0f,2.4f,-2.4492935982947064e-16f,0f,-2f,-3.429011037612589e-15f,0f,0f,0f,1f],start_interpolation:0}