execute if entity @s[tag=aj.stage.bone.left_straight] run data modify entity @s {} merge value {transformation:[0.2717210265036568f,-0.332501993905772f,-0.9031113485083027f,-27.725531635050153f,-0.24243335745087508f,0.8845052636871095f,-0.3985931581260435f,2.3617519120044483f,0.9313397612852655f,0.32725045845419815f,0.15972910345526228f,-0.21143520874293173f,0f,0f,0f,1f],start_interpolation:0}
execute if entity @s[tag=aj.stage.bone.left_bend] run data modify entity @s {} merge value {transformation:[0.2717210265036568f,-0.7280494751943023f,-0.6293740107639494f,-27.875311752285334f,-0.24243335745087508f,0.5811057154986302f,-0.7768797941830647f,2.437060526117334f,0.9313397612852655f,0.3636758296671995f,-0.018604837139272606f,-0.5289689219203277f,0f,0f,0f,1f],start_interpolation:0}
execute if entity @s[tag=aj.stage.bone.right_straight] run data modify entity @s {} merge value {transformation:[0.00008269187928870413f,-0.4810448717006924f,-0.8766959704324627f,-27.76581530596941f,0.35402333815130754f,0.8199322332604203f,-0.4498651007855407f,2.357734573660317f,0.9352365846171f,-0.3103336338056901f,0.17036891301730425f,0.014075056400098679f,0f,0f,0f,1f],start_interpolation:0}
execute if entity @s[tag=aj.stage.bone.microphone] run data modify entity @s {} merge value {transformation:[0.00008269187928870413f,-0.14722211995859041f,-0.9891034529092251f,-27.498716803999105f,0.35402333815130754f,0.9250500513634832f,-0.13765855773115684f,2.697635671869121f,0.9352365846171f,-0.3501543229310695f,0.052196560484635744f,0.23863854669568624f,0f,0f,0f,1f],start_interpolation:0}
execute if entity @s[tag=aj.stage.bone.right_bend] run data modify entity @s {} merge value {transformation:[0.00008269187928870413f,-0.9891034529092251f,0.1472221199585902f,-27.89360614413426f,0.35402333815130754f,-0.13765855773115665f,-0.9250500513634832f,2.526648063224897f,0.9352365846171f,0.05219656048463567f,0.3501543229310695f,0.30600519934024484f,0f,0f,0f,1f],start_interpolation:0}
execute if entity @s[tag=aj.stage.bone.head] run data modify entity @s {} merge value {transformation:[-3.4450928483976665e-16f,-0.05713395463667487f,-0.9983665214877622f,-27.9375f,0f,0.9983665214877622f,-0.05713395463667487f,2.7875f,1f,-1.968317785194853e-17f,-3.4394653632571446e-16f,-0.06250000000000343f,0f,0f,0f,1f],start_interpolation:0}
execute if entity @s[tag=aj.stage.bone.outfit] run data modify entity @s {} merge value {transformation:[-3.4450928483976665e-16f,0f,-1f,-27.9375f,0f,1f,0f,1.35f,1f,0f,-3.4450928483976665e-16f,-0.06250000000000343f,0f,0f,0f,1f],start_interpolation:0}
execute if entity @s[tag=aj.stage.bone.chest] run data modify entity @s {} merge value {transformation:[-3.4450928483976665e-16f,0f,-1f,-27.94546875f,0f,1f,0f,2.0375f,1f,0f,-3.4450928483976665e-16f,-0.05156250000000272f,0f,0f,0f,1f],start_interpolation:0}
execute if entity @s[tag=aj.stage.bone.waist] run data modify entity @s {} merge value {transformation:[-3.4450928483976665e-16f,0f,-1f,-27.9375f,0f,1f,0f,2.85f,1f,0f,-3.4450928483976665e-16f,-0.06250000000000343f,0f,0f,0f,1f],start_interpolation:0}
execute if entity @s[tag=aj.stage.bone.right_leg] run data modify entity @s {} merge value {transformation:[-3.4450928483976665e-16f,0f,-1f,-28f,0f,1f,0f,2.0375f,1f,0f,-3.4450928483976665e-16f,-0.16875000000000273f,0f,0f,0f,1f],start_interpolation:0}
execute if entity @s[tag=aj.stage.bone.left_leg] run data modify entity @s {} merge value {transformation:[-3.4450928483976665e-16f,0f,-1f,-28f,0f,1f,0f,2.0375f,1f,0f,-3.4450928483976665e-16f,0.043749999999995834f,0f,0f,0f,1f],start_interpolation:0}
execute if entity @s[tag=aj.stage.bone.platform] run data modify entity @s {} merge value {transformation:[-2f,0f,2.4492935982947064e-16f,-28f,0f,2f,0f,2.35f,-2.4492935982947064e-16f,0f,-2f,-3.429011037612589e-15f,0f,0f,0f,1f],start_interpolation:0}