execute if entity @s[tag=aj.stage.bone.left_straight] run data modify entity @s {} merge value {transformation:[0.34364979968976245f,-0.4047939835716215f,-0.8473763308220286f,-27.675045552498396f,-0.278108182526332f,0.8179871818957559f,-0.5035402755154148f,2.2305971516747864f,0.8969730508689135f,0.40870380609734624f,0.16852461213857226f,-0.2556674536383382f,0f,0f,0f,1f],start_interpolation:0}
execute if entity @s[tag=aj.stage.bone.left_bend] run data modify entity @s {} merge value {transformation:[0.34364979968976245f,-0.8307126988664586f,-0.4379740027846295f,-27.848202256160643f,-0.278108182526332f,0.35543308818250635f,-0.8923694070489793f,2.312004806789092f,0.8969730508689135f,0.42846672188986973f,-0.1088834893262629f,-0.5595139272865083f,0f,0f,0f,1f],start_interpolation:0}
execute if entity @s[tag=aj.stage.bone.right_straight] run data modify entity @s {} merge value {transformation:[-0.1679437521147333f,-0.5104202601949088f,-0.8433659076036846f,-27.700328572024773f,0.35791610011595987f,0.7655655594517937f,-0.534607743545718f,2.232127222157815f,0.918526516440003f,-0.3916382669809267f,0.05411567640498612f,0.06586172672345836f,0f,0f,0f,1f],start_interpolation:0}
execute if entity @s[tag=aj.stage.bone.microphone] run data modify entity @s {} merge value {transformation:[-0.1679437521147333f,-0.08270728144416428f,-0.9823209260326997f,-27.483952697327734f,0.35791610011595987f,0.9233597602706218f,-0.13893458313451637f,2.5604226656956532f,0.918526516440003f,-0.3749216700980292f,-0.12547023506592048f,0.33717860975990377f,0f,0f,0f,1f],start_interpolation:0}
execute if entity @s[tag=aj.stage.bone.right_bend] run data modify entity @s {} merge value {transformation:[-0.1679437521147333f,-0.9823209260326997f,0.08270728144416406f,-27.884394549745906f,0.35791610011595987f,-0.13893458313451618f,-0.9233597602706218f,2.3891205867916665f,0.918526516440003f,-0.12547023506592056f,0.3749216700980291f,0.3333655078917226f,0f,0f,0f,1f],start_interpolation:0}
execute if entity @s[tag=aj.stage.bone.head] run data modify entity @s {} merge value {transformation:[-3.4450928483976665e-16f,-0.11615449795172611f,-0.9932311576896803f,-27.9375f,0f,0.9932311576896803f,-0.11615449795172611f,2.6375f,1f,-4.00163030202713e-17f,-3.421773558162453e-16f,-0.06250000000000343f,0f,0f,0f,1f],start_interpolation:0}
execute if entity @s[tag=aj.stage.bone.outfit] run data modify entity @s {} merge value {transformation:[-3.4450928483976665e-16f,0f,-1f,-27.9375f,0f,1f,0f,1.2000000000000002f,1f,0f,-3.4450928483976665e-16f,-0.06250000000000343f,0f,0f,0f,1f],start_interpolation:0}
execute if entity @s[tag=aj.stage.bone.chest] run data modify entity @s {} merge value {transformation:[-3.4450928483976665e-16f,0f,-1f,-27.94546875f,0f,1f,0f,1.8875000000000002f,1f,0f,-3.4450928483976665e-16f,-0.05156250000000272f,0f,0f,0f,1f],start_interpolation:0}
execute if entity @s[tag=aj.stage.bone.waist] run data modify entity @s {} merge value {transformation:[-3.4450928483976665e-16f,0f,-1f,-27.9375f,0f,1f,0f,2.7f,1f,0f,-3.4450928483976665e-16f,-0.06250000000000343f,0f,0f,0f,1f],start_interpolation:0}
execute if entity @s[tag=aj.stage.bone.right_leg] run data modify entity @s {} merge value {transformation:[-3.4450928483976665e-16f,0f,-1f,-28f,0f,1f,0f,1.8875000000000002f,1f,0f,-3.4450928483976665e-16f,-0.16875000000000273f,0f,0f,0f,1f],start_interpolation:0}
execute if entity @s[tag=aj.stage.bone.left_leg] run data modify entity @s {} merge value {transformation:[-3.4450928483976665e-16f,0f,-1f,-28f,0f,1f,0f,1.8875000000000002f,1f,0f,-3.4450928483976665e-16f,0.043749999999995834f,0f,0f,0f,1f],start_interpolation:0}
execute if entity @s[tag=aj.stage.bone.platform] run data modify entity @s {} merge value {transformation:[-2f,0f,2.4492935982947064e-16f,-28f,0f,2f,0f,2.2f,-2.4492935982947064e-16f,0f,-2f,-3.429011037612589e-15f,0f,0f,0f,1f],start_interpolation:0}