execute if entity @s[tag=aj.stage.bone.left_straight] run data modify entity @s {} merge value {transformation:[-0.9954636715452032f,-0.08709178621209922f,0.03830273369003578f,-27.913027479198693f,-0.08715574274765818f,0.9961946980917455f,0f,3.0018115019836387f,-0.03815698022443372f,-0.0033383032040208184f,-0.99926618105081f,-0.06953654910609806f,0f,0f,0f,1f],start_interpolation:0}
execute if entity @s[tag=aj.stage.bone.left_bend] run data modify entity @s {} merge value {transformation:[-0.9954636715452032f,-0.08709178621209922f,0.03830273369003578f,-27.558948909578618f,-0.08715574274765818f,0.9961946980917455f,0f,3.0451769882155957f,-0.03815698022443372f,-0.0033383032040208184f,-0.99926618105081f,-0.11053570790822145f,0f,0f,0f,1f],start_interpolation:0}
execute if entity @s[tag=aj.stage.bone.right_straight] run data modify entity @s {} merge value {transformation:[-0.9954636715452032f,0.08709178621209922f,0.03830273369003578f,-27.983137838798175f,0.08715574274765818f,0.9961946980917455f,0f,3.003718033856244f,-0.03815698022443372f,0.0033383032040208184f,-0.99926618105081f,-0.07222393959681561f,0f,0f,0f,1f],start_interpolation:0}
execute if entity @s[tag=aj.stage.bone.microphone] run data modify entity @s {} merge value {transformation:[-0.9954636715452032f,-0.038302733690035756f,0.08709178621209923f,-28.340311048332833f,0.08715574274765818f,2.2119965816619248e-16f,0.9961946980917455f,2.7254195311375633f,-0.03815698022443372f,0.99926618105081f,0.0033383032040205964f,-0.04804378106431145f,0f,0f,0f,1f],start_interpolation:0}
execute if entity @s[tag=aj.stage.bone.right_bend] run data modify entity @s {} merge value {transformation:[-0.9954636715452032f,0.08709178621209922f,0.03830273369003578f,-28.301629271493013f,0.08715574274765818f,0.9961946980917455f,0f,3.1416833495932335f,-0.03815698022443372f,0.0033383032040208184f,-0.99926618105081f,-0.17027623475808495f,0f,0f,0f,1f],start_interpolation:0}
execute if entity @s[tag=aj.stage.bone.head] run data modify entity @s {} merge value {transformation:[-0.99926618105081f,0f,0.03830273369003578f,-27.9375f,0f,1f,0f,3.4375f,-0.03830273369003578f,0f,-0.99926618105081f,-0.06250000000000343f,0f,0f,0f,1f],start_interpolation:0}
execute if entity @s[tag=aj.stage.bone.outfit] run data modify entity @s {} merge value {transformation:[-0.99926618105081f,0f,0.03830273369003578f,-27.9375f,0f,1f,0f,2f,-0.03830273369003578f,0f,-0.99926618105081f,-0.06250000000000343f,0f,0f,0f,1f],start_interpolation:0}
execute if entity @s[tag=aj.stage.bone.chest] run data modify entity @s {} merge value {transformation:[-0.99926618105081f,0f,0.03830273369003578f,-27.94812424894615f,0f,1f,0f,2.6875f,-0.03830273369003578f,0f,-0.99926618105081f,-0.07088183852998686f,0f,0f,0f,1f],start_interpolation:0}
execute if entity @s[tag=aj.stage.bone.waist] run data modify entity @s {} merge value {transformation:[-0.99926618105081f,0f,0.03830273369003578f,-27.9375f,0f,1f,0f,3.5f,-0.03830273369003578f,0f,-0.99926618105081f,-0.06250000000000343f,0f,0f,0f,1f],start_interpolation:0}
execute if entity @s[tag=aj.stage.bone.right_leg] run data modify entity @s {} merge value {transformation:[-0.99926618105081f,0f,0.03830273369003578f,-27.828934047407724f,0f,1f,0f,2.6875f,-0.03830273369003578f,0f,-0.99926618105081f,-0.12088447086111279f,0f,0f,0f,1f],start_interpolation:0}
execute if entity @s[tag=aj.stage.bone.left_leg] run data modify entity @s {} merge value {transformation:[-0.99926618105081f,0f,0.03830273369003578f,-28.04127811088102f,0f,1f,0f,2.6875f,-0.03830273369003578f,0f,-0.99926618105081f,-0.12902380177024533f,0f,0f,0f,1f],start_interpolation:0}