execute if entity @s[tag=aj.stage.bone.right_straight] run data modify entity @s {} merge value {transformation:[0.6587203609752308f,-0.24043803382587314f,-0.7129355075507251f,-28.08718336763342f,0.24417936306697918f,0.9645914477647748f,-0.0996984330431532f,2.9691415498973055f,0.7116627886076847f,-0.10841075033871884f,0.6941060326219115f,-0.05552934577335847f,0f,0f,0f,1f],start_interpolation:0}
execute if entity @s[tag=aj.stage.bone.microphone] run data modify entity @s {} merge value {transformation:[0.6587203609752308f,-0.30445803768092394f,-0.6880354564469354f,-27.70729991390239f,0.24417936306697918f,0.9514784861007123f,-0.1872568533851327f,3.342594242813795f,0.7116627886076847f,-0.04465415746577055f,0.7011006215459777f,-0.07105833877275164f,0f,0f,0f,1f],start_interpolation:0}
execute if entity @s[tag=aj.stage.bone.right_bend] run data modify entity @s {} merge value {transformation:[0.6587203609752308f,-0.6880354564469355f,0.3044580376809238f,-27.95540740645314f,0.24417936306697918f,-0.18725685338513248f,-0.9514784861007123f,3.1473574275578238f,0.7116627886076847f,0.7011006215459777f,0.0446541574657707f,0.2290047833526871f,0f,0f,0f,1f],start_interpolation:0}
execute if entity @s[tag=aj.stage.bone.head] run data modify entity @s {} merge value {transformation:[-3.4447586378969793e-16f,0.026580171104953604f,-0.9996466848362132f,-27.9375f,0.022553616439402194f,0.999392409549216f,0.026573410035529103f,3.4375f,0.9997456348419353f,-0.022545647904715912f,-0.0005994789839951489f,-0.06250000000000343f,0f,0f,0f,1f],start_interpolation:0}