execute if entity @s[tag=aj.stage.bone.left_bend] run data modify entity @s {} merge value {transformation:[-3.431983230007545e-16f,-0.8256768618425379f,0.5641433504153521f,-28f,-0.08715574274765818f,-0.5619966146474875f,-0.8225349121045669f,3.0451769882155957f,0.9961946980917455f,-0.049168332721602696f,-0.07196248016344174f,-0.43893340353037524f,0f,0f,0f,1f],start_interpolation:0}
execute if entity @s[tag=aj.stage.bone.right_straight] run data modify entity @s {} merge value {transformation:[0.6521121442206772f,-0.256240195701716f,-0.7135059309260553f,-28.078829626868217f,0.2535648027055953f,0.9606654466351592f,-0.11325542137197113f,2.9682785632251107f,0.7144610851465482f,-0.10706475492904487f,0.691435098952317f,-0.057630184303673726f,0f,0f,0f,1f],start_interpolation:0}
execute if entity @s[tag=aj.stage.bone.microphone] run data modify entity @s {} merge value {transformation:[0.6521121442206772f,-0.3209289060602475f,-0.6868437876365215f,-27.705440545948683f,0.2535648027055953f,0.9461328405426972f,-0.20133936245920628f,3.3484602047837577f,0.7144610851465482f,-0.042863566132321215f,0.6983609901115875f,-0.0709510457459453f,0f,0f,0f,1f],start_interpolation:0}
execute if entity @s[tag=aj.stage.bone.right_bend] run data modify entity @s {} merge value {transformation:[0.6521121442206772f,-0.6868437876365217f,0.3209289060602473f,-27.9510302559119f,0.2535648027055953f,-0.20133936245920606f,-0.9461328405426972f,3.1480256907367226f,0.7144610851465482f,0.6983609901115875f,0.04286356613232137f,0.22775335510830047f,0f,0f,0f,1f],start_interpolation:0}
execute if entity @s[tag=aj.stage.bone.head] run data modify entity @s {} merge value {transformation:[-3.44501571533516e-16f,0.0007291183925318462f,-0.9999997341931495f,-27.9375f,0.0066916372325415505f,0.9999773449440353f,0.0007291020681141808f,3.4375f,0.9999776107449346f,-0.006691635453858534f,-0.000004878995782741442f,-0.06250000000000343f,0f,0f,0f,1f],start_interpolation:0}