execute if entity @s[tag=aj.stage.bone.left_straight] run data modify entity @s {} merge value {transformation:[0.46189326578208084f,-0.4891331847901785f,-0.7398671087176272f,-27.606287244914466f,-0.328423352185736f,0.6805634758368762f,-0.6549591262788188f,1.949259735239724f,0.8238887745103995f,0.5455108458077134f,0.1537049262122236f,-0.33379412479884474f,0f,0f,0f,1f],start_interpolation:0}
execute if entity @s[tag=aj.stage.bone.left_bend] run data modify entity @s {} merge value {transformation:[0.46189326578208084f,-0.8786771054840704f,-0.12075245472991458f,-27.816575055703684f,-0.328423352185736f,-0.042973980705077464f,-0.9435525097849318f,2.0385386965611714f,0.8238887745103995f,0.4754784761484958f,-0.3084274727634622f,-0.610816567177896f,0f,0f,0f,1f],start_interpolation:0}
execute if entity @s[tag=aj.stage.bone.right_straight] run data modify entity @s {} merge value {transformation:[-0.44168571786304117f,-0.5039213363421774f,-0.7422782587513421f,-27.61725459289358f,0.33955231673607533f,0.6719180957924606f,-0.6582023220452794f,1.9562670778407285f,0.8304323878769265f,-0.542760867533528f,-0.1256689692775353f,0.1824707736262715f,0f,0f,0f,1f],start_interpolation:0}
execute if entity @s[tag=aj.stage.bone.microphone] run data modify entity @s {} merge value {transformation:[-0.44168571786304117f,0.05894688585201815f,-0.8952312501717975f,-27.500794254215588f,0.33955231673607533f,0.9345965700295924f,-0.10598809125597618f,2.245280147793518f,0.8304323878769265f,-0.35079127118169623f,-0.4328135086012863f,0.5240745151991844f,0f,0f,0f,1f],start_interpolation:0}
execute if entity @s[tag=aj.stage.bone.right_bend] run data modify entity @s {} merge value {transformation:[-0.44168571786304117f,-0.8952312501717975f,-0.05894688585201835f,-27.88304307391581f,0.33955231673607533f,-0.10598809125597597f,-0.9345965700295924f,2.086303957043807f,0.8304323878769265f,-0.43281350860128637f,0.3507912711816961f,0.3887045415592423f,0f,0f,0f,1f],start_interpolation:0}
execute if entity @s[tag=aj.stage.bone.head] run data modify entity @s {} merge value {transformation:[-3.4450928483976665e-16f,-0.2712031966852174f,-0.9625221172044408f,-27.9375f,0f,0.9625221172044408f,-0.2712031966852174f,2.3125f,1f,-9.343201933628283e-17f,-3.3159780624055995e-16f,-0.06250000000000343f,0f,0f,0f,1f],start_interpolation:0}
execute if entity @s[tag=aj.stage.bone.outfit] run data modify entity @s {} merge value {transformation:[-3.4450928483976665e-16f,0f,-1f,-27.9375f,0f,1f,0f,0.875f,1f,0f,-3.4450928483976665e-16f,-0.06250000000000343f,0f,0f,0f,1f],start_interpolation:0}
execute if entity @s[tag=aj.stage.bone.chest] run data modify entity @s {} merge value {transformation:[-3.4450928483976665e-16f,0f,-1f,-27.94546875f,0f,1f,0f,1.5625f,1f,0f,-3.4450928483976665e-16f,-0.05156250000000272f,0f,0f,0f,1f],start_interpolation:0}
execute if entity @s[tag=aj.stage.bone.waist] run data modify entity @s {} merge value {transformation:[-3.4450928483976665e-16f,0f,-1f,-27.9375f,0f,1f,0f,2.375f,1f,0f,-3.4450928483976665e-16f,-0.06250000000000343f,0f,0f,0f,1f],start_interpolation:0}
execute if entity @s[tag=aj.stage.bone.right_leg] run data modify entity @s {} merge value {transformation:[-3.4450928483976665e-16f,0f,-1f,-28f,0f,1f,0f,1.5625f,1f,0f,-3.4450928483976665e-16f,-0.16875000000000273f,0f,0f,0f,1f],start_interpolation:0}
execute if entity @s[tag=aj.stage.bone.left_leg] run data modify entity @s {} merge value {transformation:[-3.4450928483976665e-16f,0f,-1f,-28f,0f,1f,0f,1.5625f,1f,0f,-3.4450928483976665e-16f,0.043749999999995834f,0f,0f,0f,1f],start_interpolation:0}
execute if entity @s[tag=aj.stage.bone.platform] run data modify entity @s {} merge value {transformation:[-2f,0f,2.4492935982947064e-16f,-28f,0f,2f,0f,1.875f,-2.4492935982947064e-16f,0f,-2f,-3.429011037612589e-15f,0f,0f,0f,1f],start_interpolation:0}