execute if entity @s[tag=aj.stage.bone.left_straight] run data modify entity @s {} merge value {transformation:[0.49723866673717637f,-0.333362670047331f,-0.8010137567609869f,-27.650777344324943f,-0.340919428183758f,0.7739041070921291f,-0.5337100116287813f,1.327046172889505f,0.7978268307021861f,0.5384624065288576f,0.2711652355425683f,-0.3467119577659342f,0f,0f,0f,1f],start_interpolation:0}
execute if entity @s[tag=aj.stage.bone.left_bend] run data modify entity @s {} merge value {transformation:[0.49723866673717637f,-0.7639662204400754f,-0.4112290387702954f,-27.874988998732253f,-0.340919428183758f,0.2638091141908346f,-0.9023185107026823f,1.4285359598404517f,0.7978268307021861f,0.5888636219842018f,-0.12927483481077134f,-0.608173402448325f,0f,0f,0f,1f],start_interpolation:0}
execute if entity @s[tag=aj.stage.bone.right_straight] run data modify entity @s {} merge value {transformation:[-0.5204814365277831f,-0.31652118363820664f,-0.793040613422947f,-27.660879817295072f,0.32724309918094274f,0.7839010898324229f,-0.5276466956193238f,1.3348509676142701f,0.7886767577838382f,-0.5341473782279647f,-0.3044265922414872f,0.23247248197156833f,0f,0f,0f,1f],start_interpolation:0}
execute if entity @s[tag=aj.stage.bone.microphone] run data modify entity @s {} merge value {transformation:[-0.5204814365277831f,0.46667105624364874f,-0.7150644722641536f,-27.579149500698147f,0.32724309918094274f,0.882513795289923f,0.33775931543249477f,1.4514790998727956f,0.7886767577838382f,-0.05820246032096135f,-0.6120469306713007f,0.6569155225892578f,0f,0f,0f,1f],start_interpolation:0}
execute if entity @s[tag=aj.stage.bone.right_bend] run data modify entity @s {} merge value {transformation:[-0.5204814365277831f,-0.7150644722641535f,-0.4666710562436489f,-27.93675006497009f,0.32724309918094274f,0.337759315432495f,-0.8825137952899229f,1.4842385501522535f,0.7886767577838382f,-0.6120469306713007f,0.05820246032096121f,0.4104175023121027f,0f,0f,0f,1f],start_interpolation:0}
execute if entity @s[tag=aj.stage.bone.head] run data modify entity @s {} merge value {transformation:[-3.4450928483976665e-16f,-0.5304472977564111f,-0.8477179155255133f,-27.9375f,0f,0.8477179155255133f,-0.5304472977564111f,1.7375f,1f,-1.8274401919524794e-16f,-2.920466928235523e-16f,-0.06250000000000343f,0f,0f,0f,1f],start_interpolation:0}
execute if entity @s[tag=aj.stage.bone.outfit] run data modify entity @s {} merge value {transformation:[-3.4450928483976665e-16f,0f,-1f,-27.9375f,0f,1f,0f,0.30000000000000004f,1f,0f,-3.4450928483976665e-16f,-0.06250000000000343f,0f,0f,0f,1f],start_interpolation:0}
execute if entity @s[tag=aj.stage.bone.chest] run data modify entity @s {} merge value {transformation:[-3.4450928483976665e-16f,0f,-1f,-27.94546875f,0f,1f,0f,0.9875f,1f,0f,-3.4450928483976665e-16f,-0.05156250000000272f,0f,0f,0f,1f],start_interpolation:0}
execute if entity @s[tag=aj.stage.bone.waist] run data modify entity @s {} merge value {transformation:[-3.4450928483976665e-16f,0f,-1f,-27.9375f,0f,1f,0f,1.8f,1f,0f,-3.4450928483976665e-16f,-0.06250000000000343f,0f,0f,0f,1f],start_interpolation:0}
execute if entity @s[tag=aj.stage.bone.right_leg] run data modify entity @s {} merge value {transformation:[-3.4450928483976665e-16f,0f,-1f,-28f,0f,1f,0f,0.9875f,1f,0f,-3.4450928483976665e-16f,-0.16875000000000273f,0f,0f,0f,1f],start_interpolation:0}
execute if entity @s[tag=aj.stage.bone.left_leg] run data modify entity @s {} merge value {transformation:[-3.4450928483976665e-16f,0f,-1f,-28f,0f,1f,0f,0.9875f,1f,0f,-3.4450928483976665e-16f,0.043749999999995834f,0f,0f,0f,1f],start_interpolation:0}
execute if entity @s[tag=aj.stage.bone.platform] run data modify entity @s {} merge value {transformation:[-2f,0f,2.4492935982947064e-16f,-28f,0f,2f,0f,1.3f,-2.4492935982947064e-16f,0f,-2f,-3.429011037612589e-15f,0f,0f,0f,1f],start_interpolation:0}