execute if entity @s[tag=aj.stage.bone.left_bend] run data modify entity @s {} merge value {transformation:[-3.431983230007545e-16f,-0.9203045387292988f,0.391202704482283f,-28f,-0.08715574274765818f,-0.3897140600844023f,-0.9168025021118971f,3.0451769882155957f,0.9961946980917455f,-0.03409556227404632f,-0.08020982562699286f,-0.43893340353037524f,0f,0f,0f,1f],start_interpolation:0}
execute if entity @s[tag=aj.stage.bone.right_straight] run data modify entity @s {} merge value {transformation:[0.6374766065724681f,-0.26374210198421694f,-0.723922426585748f,-28.070483723781262f,0.2585159025351069f,0.9583358400582825f,-0.12149874812624646f,2.96798301677371f,0.7258051420383504f,-0.10969284981589678f,0.6790982068080854f,-0.058106397747739125f,0f,0f,0f,1f],start_interpolation:0}
execute if entity @s[tag=aj.stage.bone.microphone] run data modify entity @s {} merge value {transformation:[0.6374766065724681f,-0.3207738072168307f,-0.7005196219068174f,-27.69791316166059f,0.2585159025351069f,0.9455547201207744f,-0.19772657735818766f,3.3472581387426312f,0.7258051420383504f,-0.055049394737306766f,0.6856941445934522f,-0.06524146446805432f,0f,0f,0f,1f],start_interpolation:0}
execute if entity @s[tag=aj.stage.bone.right_bend] run data modify entity @s {} merge value {transformation:[0.6374766065724681f,-0.7005196219068175f,0.3207738072168305f,-27.949269303716445f,0.2585159025351069f,-0.19772657735818744f,-0.9455547201207744f,3.1484160086048454f,0.7258051420383504f,0.6856941445934522f,0.05504939473730692f,0.22970686369104124f,0f,0f,0f,1f],start_interpolation:0}
execute if entity @s[tag=aj.stage.bone.head] run data modify entity @s {} merge value {transformation:[-3.3427588674242555e-16f,-8.334433924012229e-17f,-1f,-27.9375f,-0.24192189559966792f,0.9702957262759965f,0f,3.4375f,0.9702957262759965f,0.24192189559966792f,-3.4450928483976665e-16f,-0.06250000000000343f,0f,0f,0f,1f],start_interpolation:0}