execute if entity @s[tag=aj.stage.bone.right_straight] run data modify entity @s {} merge value {transformation:[0.642544679830334f,-0.24195306728730284f,-0.7270454233760085f,-28.08044339193873f,0.24579287826196927f,0.963779804667034f,-0.103510140139363f,2.9691269207244377f,0.7257562920274481f,-0.11219269738374119f,0.6787419268295793f,-0.05532684788412662f,0f,0f,0f,1f],start_interpolation:0}
execute if entity @s[tag=aj.stage.bone.microphone] run data modify entity @s {} merge value {transformation:[0.642544679830334f,-0.29518082375357374f,-0.7071100449787819f,-27.69816683901811f,0.24579287826196927f,0.9534554359002922f,-0.17466709119888657f,3.337683335295624f,0.7257562920274481f,-0.061571203012001065f,0.6851910620711749f,-0.0633781831692313f,0f,0f,0f,1f],start_interpolation:0}
execute if entity @s[tag=aj.stage.bone.right_bend] run data modify entity @s {} merge value {transformation:[0.642544679830334f,-0.707110044978782f,0.2951808237535736f,-27.95542697264122f,0.24579287826196927f,-0.17466709119888635f,-0.9534554359002922f,3.1474640499476263f,0.7257562920274481f,0.6851910620711749f,0.06157120301200122f,0.2321661726907611f,0f,0f,0f,1f],start_interpolation:0}
execute if entity @s[tag=aj.stage.bone.head] run data modify entity @s {} merge value {transformation:[-3.4438832953118595e-16f,0.03953510154006017f,-0.9992181822536143f,-27.9375f,0.019683553976278533f,0.9990245938067728f,0.03952744201280296f,3.4375f,0.9998062600838539f,-0.019668165024467926f,-0.0007781913051217712f,-0.06250000000000343f,0f,0f,0f,1f],start_interpolation:0}