execute if entity @s[tag=aj.stage.bone.right_straight] run data modify entity @s {} merge value {transformation:[0.6064486842266285f,-0.25403210783308355f,-0.7534505170146687f,-28.0623096624279f,0.25401535268873654f,0.959831859868117f,-0.11915956269023506f,2.968773589637337f,0.7534561659434528f,-0.11912383880647842f,0.6466168239613012f,-0.055597045899922065f,0f,0f,0f,1f],start_interpolation:0}
execute if entity @s[tag=aj.stage.bone.microphone] run data modify entity @s {} merge value {transformation:[0.6064486842266285f,-0.28529796839561966f,-0.742175897364717f,-27.679677844729774f,0.25401535268873654f,0.9540134563566698f,-0.1591682307774305f,3.3318683018836452f,0.7534561659434528f,-0.09199670820052502f,0.6510302694053938f,-0.047505259677116274f,0f,0f,0f,1f],start_interpolation:0}
execute if entity @s[tag=aj.stage.bone.right_bend] run data modify entity @s {} merge value {transformation:[0.6064486842266285f,-0.7421758973647171f,0.2852979683956195f,-27.95289264866563f,0.25401535268873654f,-0.15916823077743028f,-0.9540134563566698f,3.1480730276401103f,0.7534561659434528f,0.6510302694053938f,0.09199670820052516f,0.2376010138891046f,0f,0f,0f,1f],start_interpolation:0}
execute if entity @s[tag=aj.stage.bone.head] run data modify entity @s {} merge value {transformation:[-3.445333908328147e-16f,0.04801684201217509f,-0.9988465261906745f,-27.9375f,0.013219589850761632f,0.9987592443884399f,0.04801264617587937f,3.4375f,0.9999126174042298f,-0.013204341400098737f,-0.0006347629573301185f,-0.06250000000000343f,0f,0f,0f,1f],start_interpolation:0}