execute if entity @s[tag=aj.stage.bone.left_bend] run data modify entity @s {} merge value {transformation:[-3.431983230007545e-16f,-0.9962975958596805f,0.08597150972398374f,-28f,-0.08715574274765818f,-0.08564436217397552f,-0.9925063827169663f,3.0451769882155957f,0.9961946980917455f,-0.007492910785131661f,-0.0868330569648566f,-0.43893340353037524f,0f,0f,0f,1f],start_interpolation:0}
execute if entity @s[tag=aj.stage.bone.right_straight] run data modify entity @s {} merge value {transformation:[0.6210246037766632f,-0.2685604564958024f,-0.7363448395356653f,-28.06246376952137f,0.2619049267994088f,0.9565686378866645f,-0.12799316516848736f,2.9678940466565837f,0.7387382830354975f,-0.11336543661282994f,0.6643899660284972f,-0.05799266227178912f,0f,0f,0f,1f],start_interpolation:0}
execute if entity @s[tag=aj.stage.bone.microphone] run data modify entity @s {} merge value {transformation:[0.6210246037766632f,-0.3155712932563505f,-0.7174560616348243f,-27.68920465264985f,0.2619049267994088f,0.9463012005081086f,-0.18952532082840234f,3.3442055358358473f,0.7387382830354975f,-0.07020539003115724f,0.6703260045592282f,-0.057973613832184856f,0f,0f,0f,1f],start_interpolation:0}
execute if entity @s[tag=aj.stage.bone.right_bend] run data modify entity @s {} merge value {transformation:[0.6210246037766632f,-0.7174560616348244f,0.31557129325635036f,-27.948317399272593f,0.2619049267994088f,-0.18952532082840212f,-0.9463012005081086f,3.1487045611762565f,0.7387382830354975f,0.6703260045592282f,0.07020539003115739f,0.2324615296948156f,0f,0f,0f,1f],start_interpolation:0}
execute if entity @s[tag=aj.stage.bone.head] run data modify entity @s {} merge value {transformation:[-3.3788963553308693e-16f,-6.721042731693615e-17f,-1f,-27.9375f,-0.1950903220161283f,0.9807852804032304f,0f,3.4375f,0.9807852804032304f,0.1950903220161283f,-3.4450928483976665e-16f,-0.06250000000000343f,0f,0f,0f,1f],start_interpolation:0}