execute if entity @s[tag=aj.stage.bone.right_straight] run data modify entity @s {} merge value {transformation:[0.6607720905527668f,-0.24109194375588647f,-0.7108128579327576f,-28.08772856952254f,0.2444517437011648f,0.9645020960284694f,-0.09989520387961208f,2.969096252174985f,0.7096644202353576f,-0.10775147986314479f,0.6962514123786867f,-0.055675293413637805f,0f,0f,0f,1f],start_interpolation:0}
execute if entity @s[tag=aj.stage.bone.microphone] run data modify entity @s {} merge value {transformation:[0.6607720905527668f,-0.30673721011327704f,-0.6850492889409122f,-27.708585619624426f,0.2444517437011648f,0.9508700728451898f,-0.1899722336786182f,3.343671119163448f,0.7096644202353576f,-0.04193314320804977f,0.7032908517481988f,-0.07218670172208452f,0f,0f,0f,1f],start_interpolation:0}
execute if entity @s[tag=aj.stage.bone.right_bend] run data modify entity @s {} merge value {transformation:[0.6607720905527668f,-0.6850492889409123f,0.30673721011327687f,-27.955159204953294f,0.2444517437011648f,-0.18997223367861799f,-0.9508700728451898f,3.147376129420844f,0.7096644202353576f,0.7032908517481988f,0.04193314320804993f,0.2284498948040194f,0f,0f,0f,1f],start_interpolation:0}
execute if entity @s[tag=aj.stage.bone.head] run data modify entity @s {} merge value {transformation:[-3.4442125492196835e-16f,0.023066108716716948f,-0.9997339419208836f,-27.9375f,0.022604865936059718f,0.9994784872768429f,0.02306021480400221f,3.4375f,0.9997444773720997f,-0.02259885172885008f,-0.0005214062952083095f,-0.06250000000000343f,0f,0f,0f,1f],start_interpolation:0}