execute if entity @s[tag=aj.stage.bone.right_straight] run data modify entity @s {} merge value {transformation:[0.026419735396112434f,-0.01430417931934109f,-0.9995485921332686f,-27.948743314535506f,0.09736948411013173f,0.9951799037397088f,-0.011668022829546203f,3.0013482777403837f,0.9948975731932037f,-0.09701726468327244f,0.02768518028927481f,-0.017811389324862426f,0f,0f,0f,1f],start_interpolation:0}
execute if entity @s[tag=aj.stage.bone.microphone] run data modify entity @s {} merge value {transformation:[0.026419735396112434f,0.9762868170156412f,-0.21486285975725825f,-27.816893635123396f,0.09736948411013173f,0.21140262287227285f,0.972536947682118f,2.7613272039018453f,0.9948975731932037f,-0.04661525462969622f,-0.08947534235800597f,0.33424725865122334f,0f,0f,0f,1f],start_interpolation:0}
execute if entity @s[tag=aj.stage.bone.right_bend] run data modify entity @s {} merge value {transformation:[0.026419735396112434f,-0.21486285975725802f,-0.9762868170156412f,-28.027257543630974f,0.09736948411013173f,0.972536947682118f,-0.21140262287227263f,3.1416009635589703f,0.9948975731932037f,-0.08947534235800599f,0.0466152546296962f,0.30506656530045645f,0f,0f,0f,1f],start_interpolation:0}