execute if entity @s[tag=aj.stage.bone.right_straight] run data modify entity @s {} merge value {transformation:[0.6574124674284331f,-0.24024882659577862f,-0.7142053969195492f,-28.08675215345939f,0.24413526166998875f,0.9645967461194306f,-0.0997551571856454f,2.9691572675194577f,0.7128862613902625f,-0.108782437438946f,0.6927911370866809f,-0.05547018855171776f,0f,0f,0f,1f],start_interpolation:0}
execute if entity @s[tag=aj.stage.bone.microphone] run data modify entity @s {} merge value {transformation:[0.6574124674284331f,-0.3033043180158246f,-0.689793692594108f,-27.70651209449959f,0.24413526166998875f,0.9517710991734446f,-0.18582181999835046f,3.34202794994429f,0.7128862613902625f,-0.04624138245261267f,0.6997534657791169f,-0.07038201611032432f,0f,0f,0f,1f],start_interpolation:0}
execute if entity @s[tag=aj.stage.bone.right_bend] run data modify entity @s {} merge value {transformation:[0.6574124674284331f,-0.6897936925941082f,0.3033043180158244f,-27.955499713756787f,0.24413526166998875f,-0.18582181999835024f,-0.9517710991734446f,3.147354181323482f,0.7128862613902625f,0.6997534657791169f,0.04624138245261282f,0.22931768095056057f,0f,0f,0f,1f],start_interpolation:0}
execute if entity @s[tag=aj.stage.bone.head] run data modify entity @s {} merge value {transformation:[-3.4442273075795164e-16f,0.02832472887154536f,-0.9995987743761762f,-27.9375f,0.022414601881689047f,0.9993476364303882f,0.0283176126020919f,3.4375f,0.9997487612507882f,-0.02240560856906629f,-0.0006348875210628169f,-0.06250000000000343f,0f,0f,0f,1f],start_interpolation:0}