execute if entity @s[tag=aj.stage.bone.left_straight] run data modify entity @s {} merge value {transformation:[-0.22698645751090646f,-0.01985874180611314f,0.973695423877779f,-27.92423021760405f,-0.08715574274765818f,0.9961946980917455f,0f,3.0018115019836387f,-0.9699902188232382f,-0.08486314787806369f,-0.22785350890313805f,-0.04076684162720712f,0f,0f,0f,1f],start_interpolation:0}
execute if entity @s[tag=aj.stage.bone.left_bend] run data modify entity @s {} merge value {transformation:[-0.22698645751090646f,-0.01985874180611314f,0.973695423877779f,-27.790872364144892f,-0.08715574274765818f,0.9961946980917455f,0f,3.0451769882155957f,-0.9699902188232382f,-0.08486314787806369f,-0.22785350890313805f,0.2897906381058108f,0f,0f,0f,1f],start_interpolation:0}
execute if entity @s[tag=aj.stage.bone.right_straight] run data modify entity @s {} merge value {transformation:[-0.22698645751090646f,0.01985874180611314f,0.973695423877779f,-27.940216840335946f,0.08715574274765818f,0.9961946980917455f,0f,3.003718033856244f,-0.9699902188232382f,0.08486314787806369f,-0.22785350890313805f,-0.10908310970770319f,0f,0f,0f,1f],start_interpolation:0}
execute if entity @s[tag=aj.stage.bone.microphone] run data modify entity @s {} merge value {transformation:[-0.22698645751090646f,-0.973695423877779f,0.019858741806113356f,-28.058176936328422f,0.08715574274765818f,2.2119965816619248e-16f,0.9961946980917455f,2.7254195311375633f,-0.9699902188232382f,0.22785350890313807f,0.08486314787806364f,-0.4470813307524193f,0f,0f,0f,1f],start_interpolation:0}
execute if entity @s[tag=aj.stage.bone.right_bend] run data modify entity @s {} merge value {transformation:[-0.22698645751090646f,0.01985874180611314f,0.973695423877779f,-27.930063910261737f,0.08715574274765818f,0.9961946980917455f,0f,3.1416833495932335f,-0.9699902188232382f,0.08486314787806369f,-0.22785350890313805f,-0.4421716314212456f,0f,0f,0f,1f],start_interpolation:0}
execute if entity @s[tag=aj.stage.bone.head] run data modify entity @s {} merge value {transformation:[-0.22785350890313805f,0f,0.973695423877779f,-27.9375f,0f,1f,0f,3.4375f,-0.973695423877779f,0f,-0.22785350890313805f,-0.06250000000000343f,0f,0f,0f,1f],start_interpolation:0}
execute if entity @s[tag=aj.stage.bone.outfit] run data modify entity @s {} merge value {transformation:[-0.22785350890313805f,0f,0.973695423877779f,-27.9375f,0f,1f,0f,2f,-0.973695423877779f,0f,-0.22785350890313805f,-0.06250000000000343f,0f,0f,0f,1f],start_interpolation:0}
execute if entity @s[tag=aj.stage.bone.chest] run data modify entity @s {} merge value {transformation:[-0.22785350890313805f,0f,0.973695423877779f,-27.932233012344604f,0f,1f,0f,2.6875f,-0.973695423877779f,0f,-0.22785350890313805f,-0.0749655013477392f,0f,0f,0f,1f],start_interpolation:0}
execute if entity @s[tag=aj.stage.bone.waist] run data modify entity @s {} merge value {transformation:[-0.22785350890313805f,0f,0.973695423877779f,-27.9375f,0f,1f,0f,3.5f,-0.973695423877779f,0f,-0.22785350890313805f,-0.06250000000000343f,0f,0f,0f,1f],start_interpolation:0}
execute if entity @s[tag=aj.stage.bone.right_leg] run data modify entity @s {} merge value {transformation:[-0.22785350890313805f,0f,0.973695423877779f,-27.85243460068668f,0f,1f,0f,2.6875f,-0.973695423877779f,0f,-0.22785350890313805f,0.02671429448056377f,0f,0f,0f,1f],start_interpolation:0}
execute if entity @s[tag=aj.stage.bone.left_leg] run data modify entity @s {} merge value {transformation:[-0.22785350890313805f,0f,0.973695423877779f,-27.900853471328595f,0f,1f,0f,2.6875f,-0.973695423877779f,0f,-0.22785350890313805f,-0.18019598309346285f,0f,0f,0f,1f],start_interpolation:0}