execute if entity @s[tag=aj.stage.bone.left_bend] run data modify entity @s {} merge value {transformation:[-3.431983230007545e-16f,-0.9671008701808886f,0.25439321314722224f,-28f,-0.08715574274765818f,-0.2534251701677861f,-0.9634207593941148f,3.0451769882155957f,0.9961946980917455f,-0.022171829441809805f,-0.08428839465252182f,-0.43893340353037524f,0f,0f,0f,1f],start_interpolation:0}
execute if entity @s[tag=aj.stage.bone.right_straight] run data modify entity @s {} merge value {transformation:[0.6296543478421244f,-0.2664300815369942f,-0.7297605181809304f,-28.066520427788568f,0.26036840969112235f,0.9573983110774602f,-0.12488700965649917f,2.9679145378524887f,0.7319451437631274f,-0.1113709369549222f,0.6721999858102927f,-0.05812098925721301f,0f,0f,0f,1f],start_interpolation:0}
execute if entity @s[tag=aj.stage.bone.microphone] run data modify entity @s {} merge value {transformation:[0.6296543478421244f,-0.31886096089361093f,-0.7084229597221652f,-27.6937917115782f,0.26036840969112235f,0.9457630470350872f,-0.1942692721400467f,3.3459903335038668f,0.7319451437631274f,-0.062128467556433f,0.6785251358945108f,-0.061883908387690395f,0f,0f,0f,1f],start_interpolation:0}
execute if entity @s[tag=aj.stage.bone.right_bend] run data modify entity @s {} merge value {transformation:[0.6296543478421244f,-0.7084229597221653f,0.31886096089361077f,-27.94870414976568f,0.26036840969112235f,-0.19426927214004647f,-0.9457630470350872f,3.148570875679816f,0.7319451437631274f,0.6785251358945108f,0.06212846755643315f,0.23096046270479684f,0f,0f,0f,1f],start_interpolation:0}
execute if entity @s[tag=aj.stage.bone.head] run data modify entity @s {} merge value {transformation:[-3.327704156231076e-16f,-8.916556413118078e-17f,-1f,-27.9375f,-0.2588190451025209f,0.9659258262890682f,0f,3.4375f,0.9659258262890682f,0.2588190451025209f,-3.4450928483976665e-16f,-0.06250000000000343f,0f,0f,0f,1f],start_interpolation:0}