execute if entity @s[tag=aj.stage.bone.left_straight] run data modify entity @s {} merge value {transformation:[-0.8361713872741675f,-0.07315551715123474f,-0.5435675500012209f,-27.921531464708917f,-0.08715574274765818f,0.9961946980917455f,0f,3.0018115019836387f,0.5414991113659361f,0.047375033553881236f,-0.8393654261319502f,-0.08233489799193522f,0f,0f,0f,1f],start_interpolation:0}
execute if entity @s[tag=aj.stage.bone.left_bend] run data modify entity @s {} merge value {transformation:[-0.8361713872741675f,-0.07315551715123474f,-0.5435675500012209f,-27.655507787710505f,-0.08715574274765818f,0.9961946980917455f,0f,3.0451769882155957f,0.5414991113659361f,0.047375033553881236f,-0.8393654261319502f,-0.31957732202887545f,0f,0f,0f,1f],start_interpolation:0}
execute if entity @s[tag=aj.stage.bone.right_straight] run data modify entity @s {} merge value {transformation:[-0.8361713872741675f,0.07315551715123474f,-0.5435675500012209f,-27.980422892215852f,0.08715574274765818f,0.9961946980917455f,0f,3.003718033856244f,0.5414991113659361f,-0.047375033553881236f,-0.8393654261319502f,-0.04419719542591896f,0f,0f,0f,1f],start_interpolation:0}
execute if entity @s[tag=aj.stage.bone.microphone] run data modify entity @s {} merge value {transformation:[-0.8361713872741675f,0.5435675500012209f,0.07315551715123461f,-28.258654050762736f,0.08715574274765818f,2.2119965816619248e-16f,0.9961946980917455f,2.7254195311375633f,0.5414991113659361f,0.8393654261319502f,-0.047375033553881424f,0.18106887856127507f,0f,0f,0f,1f],start_interpolation:0}
execute if entity @s[tag=aj.stage.bone.right_bend] run data modify entity @s {} merge value {transformation:[-0.8361713872741675f,0.07315551715123474f,-0.5435675500012209f,-28.29733770125316f,0.08715574274765818f,0.9961946980917455f,0f,3.1416833495932335f,0.5414991113659361f,-0.047375033553881236f,-0.8393654261319502f,0.058837017820219155f,0f,0f,0f,1f],start_interpolation:0}
execute if entity @s[tag=aj.stage.bone.head] run data modify entity @s {} merge value {transformation:[-0.8393654261319502f,0f,-0.5435675500012209f,-27.9375f,0f,1f,0f,3.4375f,0.5435675500012209f,0f,-0.8393654261319502f,-0.06250000000000343f,0f,0f,0f,1f],start_interpolation:0}
execute if entity @s[tag=aj.stage.bone.outfit] run data modify entity @s {} merge value {transformation:[-0.8393654261319502f,0f,-0.5435675500012209f,-27.9375f,0f,1f,0f,2f,0.5435675500012209f,0f,-0.8393654261319502f,-0.06250000000000343f,0f,0f,0f,1f],start_interpolation:0}
execute if entity @s[tag=aj.stage.bone.chest] run data modify entity @s {} merge value {transformation:[-0.8393654261319502f,0f,-0.5435675500012209f,-27.95101211326239f,0f,1f,0f,2.6875f,0.5435675500012209f,0f,-0.8393654261319502f,-0.06324342316135366f,0f,0f,0f,1f],start_interpolation:0}
execute if entity @s[tag=aj.stage.bone.waist] run data modify entity @s {} merge value {transformation:[-0.8393654261319502f,0f,-0.5435675500012209f,-27.9375f,0f,1f,0f,3.5f,0.5435675500012209f,0f,-0.8393654261319502f,-0.06250000000000343f,0f,0f,0f,1f],start_interpolation:0}
execute if entity @s[tag=aj.stage.bone.right_leg] run data modify entity @s {} merge value {transformation:[-0.8393654261319502f,0f,-0.5435675500012209f,-27.88229039534856f,0f,1f,0f,2.6875f,0.5435675500012209f,0f,-0.8393654261319502f,-0.17271439132087965f,0f,0f,0f,1f],start_interpolation:0}
execute if entity @s[tag=aj.stage.bone.left_leg] run data modify entity @s {} merge value {transformation:[-0.8393654261319502f,0f,-0.5435675500012209f,-28.060655548401595f,0f,1f,0f,2.6875f,0.5435675500012209f,0f,-0.8393654261319502f,-0.05720628694562098f,0f,0f,0f,1f],start_interpolation:0}