execute if entity @s[tag=aj.stage.bone.left_straight] run data modify entity @s {} merge value {transformation:[-0.1520684076063425f,-0.013304261745994361f,-0.9882804237803485f,-27.941683530073064f,-0.08715574274765818f,0.9961946980917455f,0f,3.0018115019836387f,0.9845197183978467f,0.08613431437754666f,-0.15264928421887425f,-0.08761802886017983f,0f,0f,0f,1f],start_interpolation:0}
execute if entity @s[tag=aj.stage.bone.left_bend] run data modify entity @s {} merge value {transformation:[-0.1520684076063425f,-0.013304261745994361f,-0.9882804237803485f,-27.941805236881287f,-0.08715574274765818f,0.9961946980917455f,0f,3.0451769882155957f,0.9845197183978467f,0.08613431437754666f,-0.15264928421887425f,-0.44406234382975796f,0f,0f,0f,1f],start_interpolation:0}
execute if entity @s[tag=aj.stage.bone.right_straight] run data modify entity @s {} merge value {transformation:[-0.1520684076063425f,0.013304261745994361f,-0.9882804237803485f,-27.952393685597325f,0.08715574274765818f,0.9961946980917455f,0f,3.003718033856244f,0.9845197183978467f,-0.08613431437754666f,-0.15264928421887425f,-0.018278450267111113f,0f,0f,0f,1f],start_interpolation:0}
execute if entity @s[tag=aj.stage.bone.microphone] run data modify entity @s {} merge value {transformation:[-0.1520684076063425f,0.9882804237803485f,0.013304261745994143f,-27.96933491271039f,0.08715574274765818f,2.2119965816619248e-16f,0.9961946980917455f,2.7254195311375633f,0.9845197183978467f,0.15264928421887422f,-0.08613431437754669f,0.33931122589797386f,0f,0f,0f,1f],start_interpolation:0}
execute if entity @s[tag=aj.stage.bone.right_bend] run data modify entity @s {} merge value {transformation:[-0.1520684076063425f,0.013304261745994361f,-0.9882804237803485f,-28.08632472897775f,0.08715574274765818f,0.9961946980917455f,0f,3.1416833495932335f,0.9845197183978467f,-0.08613431437754666f,-0.15264928421887425f,0.28686663146522706f,0f,0f,0f,1f],start_interpolation:0}
execute if entity @s[tag=aj.stage.bone.head] run data modify entity @s {} merge value {transformation:[-0.15264928421887425f,0f,-0.9882804237803485f,-27.9375f,0f,1f,0f,3.4375f,0.9882804237803485f,0f,-0.15264928421887425f,-0.06250000000000343f,0f,0f,0f,1f],start_interpolation:0}
execute if entity @s[tag=aj.stage.bone.outfit] run data modify entity @s {} merge value {transformation:[-0.15264928421887425f,0f,-0.9882804237803485f,-27.9375f,0f,1f,0f,2f,0.9882804237803485f,0f,-0.15264928421887425f,-0.06250000000000343f,0f,0f,0f,1f],start_interpolation:0}
execute if entity @s[tag=aj.stage.bone.chest] run data modify entity @s {} merge value {transformation:[-0.15264928421887425f,0f,-0.9882804237803485f,-27.947044961173145f,0f,1f,0f,2.6875f,0.9882804237803485f,0f,-0.15264928421887425f,-0.052907106848524316f,0f,0f,0f,1f],start_interpolation:0}
execute if entity @s[tag=aj.stage.bone.waist] run data modify entity @s {} merge value {transformation:[-0.15264928421887425f,0f,-0.9882804237803485f,-27.9375f,0f,1f,0f,3.5f,0.9882804237803485f,0f,-0.15264928421887425f,-0.06250000000000343f,0f,0f,0f,1f],start_interpolation:0}
execute if entity @s[tag=aj.stage.bone.right_leg] run data modify entity @s {} merge value {transformation:[-0.15264928421887425f,0f,-0.9882804237803485f,-27.983048540038016f,0f,1f,0f,2.6875f,0.9882804237803485f,0f,-0.15264928421887425f,-0.1770453752903444f,0f,0f,0f,1f],start_interpolation:0}
execute if entity @s[tag=aj.stage.bone.left_leg] run data modify entity @s {} merge value {transformation:[-0.15264928421887425f,0f,-0.9882804237803485f,-28.015486512934526f,0f,1f,0f,2.6875f,0.9882804237803485f,0f,-0.15264928421887425f,0.032964214762978256f,0f,0f,0f,1f],start_interpolation:0}