execute if entity @s[tag=aj.stage.bone.left_straight] run data modify entity @s {} merge value {transformation:[0.025672555129807602f,-0.03182025179658962f,-0.9991638461677387f,-27.92407826454488f,-0.1026691290335805f,0.9941240944894555f,-0.03429773606240152f,2.8989817551008903f,0.9943842164156634f,0.10346379236777374f,0.02225474808406553f,-0.0948601470140436f,0f,0f,0f,1f],start_interpolation:0}
execute if entity @s[tag=aj.stage.bone.left_bend] run data modify entity @s {} merge value {transformation:[0.025672555129807602f,-0.07778902870557702f,-0.9966392461297868f,-27.988067405576277f,-0.1026691290335805f,0.9914907729580726f,-0.08003185042525118f,2.945953464566454f,0.9943842164156634f,0.10437870545301227f,0.01746756970389189f,-0.4450489221379186f,0f,0f,0f,1f],start_interpolation:0}
execute if entity @s[tag=aj.stage.bone.right_straight] run data modify entity @s {} merge value {transformation:[0.5287441666489505f,-0.2890173040648613f,-0.7980592736042771f,-28.020459292873987f,0.2749482028413516f,0.9478651430347f,-0.1611060407747601f,2.868731372101915f,0.8030150010983717f,-0.13424108376680813f,0.5806429534921569f,-0.05671460240103576f,0f,0f,0f,1f],start_interpolation:0}
execute if entity @s[tag=aj.stage.bone.microphone] run data modify entity @s {} merge value {transformation:[0.5287441666489505f,-0.27437197533920205f,-0.8032120675034526f,-27.64431030260244f,0.2749482028413516f,0.9506533031033162f,-0.14374207127026348f,3.2269767059967776f,0.8030150010983717f,-0.14483893277437124f,0.5780904700509802f,-0.015632549354440528f,0f,0f,0f,1f],start_interpolation:0}
execute if entity @s[tag=aj.stage.bone.right_bend] run data modify entity @s {} merge value {transformation:[0.5287441666489505f,-0.8032120675034528f,0.2743719753392019f,-27.944556414607096f,0.2749482028413516f,-0.14374207127026326f,-0.9506533031033162f,3.0500904433192626f,0.8030150010983717f,0.5780904700509802f,0.14483893277437138f,0.24566448746926994f,0f,0f,0f,1f],start_interpolation:0}
execute if entity @s[tag=aj.stage.bone.head] run data modify entity @s {} merge value {transformation:[-3.4447591963253865e-16f,0.04427637745817687f,-0.9990193203332862f,-27.9375f,0.006028441214217646f,0.9990011669365958f,0.044275572902521494f,3.3375f,0.9999818287831668f,-0.006022529244496868f,-0.00026691753868547473f,-0.06250000000000343f,0f,0f,0f,1f],start_interpolation:0}
execute if entity @s[tag=aj.stage.bone.outfit] run data modify entity @s {} merge value {transformation:[-3.4450928483976665e-16f,0f,-1f,-27.9375f,0f,1f,0f,1.9f,1f,0f,-3.4450928483976665e-16f,-0.06250000000000343f,0f,0f,0f,1f],start_interpolation:0}
execute if entity @s[tag=aj.stage.bone.chest] run data modify entity @s {} merge value {transformation:[-3.4450928483976665e-16f,0f,-1f,-27.94546875f,0f,1f,0f,2.5875f,1f,0f,-3.4450928483976665e-16f,-0.05156250000000272f,0f,0f,0f,1f],start_interpolation:0}
execute if entity @s[tag=aj.stage.bone.waist] run data modify entity @s {} merge value {transformation:[-3.4450928483976665e-16f,0f,-1f,-27.9375f,0f,1f,0f,3.4f,1f,0f,-3.4450928483976665e-16f,-0.06250000000000343f,0f,0f,0f,1f],start_interpolation:0}
execute if entity @s[tag=aj.stage.bone.right_leg] run data modify entity @s {} merge value {transformation:[-3.4450928483976665e-16f,0f,-1f,-28f,0f,1f,0f,2.5875f,1f,0f,-3.4450928483976665e-16f,-0.16875000000000273f,0f,0f,0f,1f],start_interpolation:0}
execute if entity @s[tag=aj.stage.bone.left_leg] run data modify entity @s {} merge value {transformation:[-3.4450928483976665e-16f,0f,-1f,-28f,0f,1f,0f,2.5875f,1f,0f,-3.4450928483976665e-16f,0.043749999999995834f,0f,0f,0f,1f],start_interpolation:0}
execute if entity @s[tag=aj.stage.bone.platform] run data modify entity @s {} merge value {transformation:[-2f,0f,2.4492935982947064e-16f,-28f,0f,2f,0f,2.9f,-2.4492935982947064e-16f,0f,-2f,-3.429011037612589e-15f,0f,0f,0f,1f],start_interpolation:0}