execute if entity @s[tag=aj.stage.bone.left_bend] run data modify entity @s {} merge value {transformation:[-3.431983230007545e-16f,-0.9795105862920296f,0.20139267946438547f,-28f,-0.08715574274765818f,-0.20062631951691112f,-0.9757832527888571f,3.0451769882155957f,0.9961946980917455f,-0.017552528562659896f,-0.0853699726774759f,-0.43893340353037524f,0f,0f,0f,1f],start_interpolation:0}
execute if entity @s[tag=aj.stage.bone.right_straight] run data modify entity @s {} merge value {transformation:[0.6268632171426498f,-0.2672107356936878f,-0.7318749413141601f,-28.065173698980445f,0.26092113354601826f,0.9571071399001122f,-0.12596064790754274f,2.967901960111631f,0.7341407692415862f,-0.1120015423209214f,0.669696188920847f,-0.05809490719541213f,0f,0f,0f,1f],start_interpolation:0}
execute if entity @s[tag=aj.stage.bone.microphone] run data modify entity @s {} merge value {transformation:[0.6268632171426498f,-0.31792708231861083f,-0.7113120815239555f,-27.69231179969254f,0.26092113354601826f,0.9459040139594305f,-0.1928360921728571f,3.345455289798508f,0.7341407692415862f,-0.06471450149551446f,0.6759063280023045f,-0.06064217411186443f,0f,0f,0f,1f],start_interpolation:0}
execute if entity @s[tag=aj.stage.bone.right_bend] run data modify entity @s {} merge value {transformation:[0.6268632171426498f,-0.7113120815239556f,0.31792708231861067f,-27.94855310605126f,0.26092113354601826f,-0.19283609217285688f,-0.9459040139594305f,3.1486183064681708f,0.7341407692415862f,0.6759063280023045f,0.06471450149551461f,0.23143352508231838f,0f,0f,0f,1f],start_interpolation:0}
execute if entity @s[tag=aj.stage.bone.head] run data modify entity @s {} merge value {transformation:[-3.3463636180614538e-16f,-8.188499678179176e-17f,-1f,-27.9375f,-0.23768589232617335f,0.9713420698132613f,0f,3.4375f,0.9713420698132613f,0.23768589232617335f,-3.4450928483976665e-16f,-0.06250000000000343f,0f,0f,0f,1f],start_interpolation:0}