execute if entity @s[tag=aj.stage.bone.left_straight] run data modify entity @s {} merge value {transformation:[0.5052423851454495f,-0.3825769945788961f,-0.773540545460622f,-27.63036612324975f,-0.3435571530777639f,0.7330982688913821f,-0.5869713883295854f,1.4448272765921675f,0.7916429844454124f,0.5623182118404474f,0.23895525483010924f,-0.3563929647826484f,0f,0f,0f,1f],start_interpolation:0}
execute if entity @s[tag=aj.stage.bone.left_bend] run data modify entity @s {} merge value {transformation:[0.5052423851454495f,-0.808015565563305f,-0.30305276448161567f,-27.856533627032913f,-0.3435571530777639f,0.1338129656510152f,-0.9295496612837757f,1.5438381491657316f,0.7916429844454124f,0.5737638329758095f,-0.2099915454185433f,-0.6171193294401712f,0f,0f,0f,1f],start_interpolation:0}
execute if entity @s[tag=aj.stage.bone.right_straight] run data modify entity @s {} merge value {transformation:[-0.5380020329941084f,-0.35790228246414135f,-0.7631905192683962f,-27.640641330935438f,0.3239774345238067f,0.748051623442641f,-0.57918683564477f,1.4526400381197762f,0.7781981973852026f,-0.5588602015457776f,-0.28650103091373685f,0.24018749987373794f,0f,0f,0f,1f],start_interpolation:0}
execute if entity @s[tag=aj.stage.bone.microphone] run data modify entity @s {} merge value {transformation:[-0.5380020329941084f,0.38841894680605293f,-0.7481206682456266f,-27.562533118462795f,0.3239774345238067f,0.9146214794989038f,0.24188048941286852f,1.6038592486103957f,0.7781981973852026f,-0.11224201976672074f,-0.6179071892971535f,0.6557702734203938f,0f,0f,0f,1f],start_interpolation:0}
execute if entity @s[tag=aj.stage.bone.right_bend] run data modify entity @s {} merge value {transformation:[-0.5380020329941084f,-0.7481206682456265f,-0.3884189468060531f,-27.924308131416797f,0.3239774345238067f,0.24188048941286872f,-0.9146214794989038f,1.5925985536161162f,0.7781981973852026f,-0.6179071892971535f,0.1122420197667206f,0.41347983633886165f,0f,0f,0f,1f],start_interpolation:0}
execute if entity @s[tag=aj.stage.bone.head] run data modify entity @s {} merge value {transformation:[-3.4450928483976665e-16f,-0.4933299034429472f,-0.8698422882160721f,-27.9375f,0f,0.8698422882160721f,-0.4933299034429472f,1.8375f,1f,-1.6995673222520087e-16f,-2.9966874463670517e-16f,-0.06250000000000343f,0f,0f,0f,1f],start_interpolation:0}
execute if entity @s[tag=aj.stage.bone.outfit] run data modify entity @s {} merge value {transformation:[-3.4450928483976665e-16f,0f,-1f,-27.9375f,0f,1f,0f,0.3999999999999999f,1f,0f,-3.4450928483976665e-16f,-0.06250000000000343f,0f,0f,0f,1f],start_interpolation:0}
execute if entity @s[tag=aj.stage.bone.chest] run data modify entity @s {} merge value {transformation:[-3.4450928483976665e-16f,0f,-1f,-27.94546875f,0f,1f,0f,1.0875f,1f,0f,-3.4450928483976665e-16f,-0.05156250000000272f,0f,0f,0f,1f],start_interpolation:0}
execute if entity @s[tag=aj.stage.bone.waist] run data modify entity @s {} merge value {transformation:[-3.4450928483976665e-16f,0f,-1f,-27.9375f,0f,1f,0f,1.9f,1f,0f,-3.4450928483976665e-16f,-0.06250000000000343f,0f,0f,0f,1f],start_interpolation:0}
execute if entity @s[tag=aj.stage.bone.right_leg] run data modify entity @s {} merge value {transformation:[-3.4450928483976665e-16f,0f,-1f,-28f,0f,1f,0f,1.0875f,1f,0f,-3.4450928483976665e-16f,-0.16875000000000273f,0f,0f,0f,1f],start_interpolation:0}
execute if entity @s[tag=aj.stage.bone.left_leg] run data modify entity @s {} merge value {transformation:[-3.4450928483976665e-16f,0f,-1f,-28f,0f,1f,0f,1.0875f,1f,0f,-3.4450928483976665e-16f,0.043749999999995834f,0f,0f,0f,1f],start_interpolation:0}
execute if entity @s[tag=aj.stage.bone.platform] run data modify entity @s {} merge value {transformation:[-2f,0f,2.4492935982947064e-16f,-28f,0f,2f,0f,1.4f,-2.4492935982947064e-16f,0f,-2f,-3.429011037612589e-15f,0f,0f,0f,1f],start_interpolation:0}