execute if entity @s[tag=aj.stage.bone.left_straight] run data modify entity @s {} merge value {transformation:[-0.9375587259590505f,-0.08202575991122536f,-0.3380168784085019f,-27.917432059154844f,-0.08715574274765818f,0.9961946980917455f,0f,3.0018115019836387f,0.33673062213607186f,0.029460112098937848f,-0.9411400479795619f,-0.07817466260971329f,0f,0f,0f,1f],start_interpolation:0}
execute if entity @s[tag=aj.stage.bone.left_bend] run data modify entity @s {} merge value {transformation:[-0.9375587259590505f,-0.08202575991122536f,-0.3380168784085019f,-27.604349503440847f,-0.08715574274765818f,0.9961946980917455f,0f,3.0451769882155957f,0.33673062213607186f,0.029460112098937848f,-0.9411400479795619f,-0.2485620969887503f,0f,0f,0f,1f],start_interpolation:0}
execute if entity @s[tag=aj.stage.bone.right_straight] run data modify entity @s {} merge value {transformation:[-0.9375587259590505f,0.08202575991122536f,-0.3380168784085019f,-27.983464181975148f,0.08715574274765818f,0.9961946980917455f,0f,3.003718033856244f,0.33673062213607186f,-0.029460112098937848f,-0.9411400479795619f,-0.05445877454574079f,0f,0f,0f,1f],start_interpolation:0}
execute if entity @s[tag=aj.stage.bone.microphone] run data modify entity @s {} merge value {transformation:[-0.9375587259590505f,0.3380168784085019f,0.0820257599112253f,-28.30570425322728f,0.08715574274765818f,2.2119965816619248e-16f,0.9961946980917455f,2.7254195311375633f,0.33673062213607186f,0.9411400479795619f,-0.029460112098938056f,0.10148582508940966f,0f,0f,0f,1f],start_interpolation:0}
execute if entity @s[tag=aj.stage.bone.right_bend] run data modify entity @s {} merge value {transformation:[-0.9375587259590505f,0.08202575991122536f,-0.3380168784085019f,-28.315519388319082f,0.08715574274765818f,0.9961946980917455f,0f,3.1416833495932335f,0.33673062213607186f,-0.029460112098937848f,-0.9411400479795619f,-0.026344983867647734f,0f,0f,0f,1f],start_interpolation:0}
execute if entity @s[tag=aj.stage.bone.head] run data modify entity @s {} merge value {transformation:[-0.9411400479795619f,0f,-0.3380168784085019f,-27.9375f,0f,1f,0f,3.4375f,0.3380168784085019f,0f,-0.9411400479795619f,-0.06250000000000343f,0f,0f,0f,1f],start_interpolation:0}
execute if entity @s[tag=aj.stage.bone.outfit] run data modify entity @s {} merge value {transformation:[-0.9411400479795619f,0f,-0.3380168784085019f,-27.9375f,0f,1f,0f,2f,0.3380168784085019f,0f,-0.9411400479795619f,-0.06250000000000343f,0f,0f,0f,1f],start_interpolation:0}
execute if entity @s[tag=aj.stage.bone.chest] run data modify entity @s {} merge value {transformation:[-0.9411400479795619f,0f,-0.3380168784085019f,-27.950487291274595f,0f,1f,0f,2.6875f,0.3380168784085019f,0f,-0.9411400479795619f,-0.06630265014974733f,0f,0f,0f,1f],start_interpolation:0}
execute if entity @s[tag=aj.stage.bone.waist] run data modify entity @s {} merge value {transformation:[-0.9411400479795619f,0f,-0.3380168784085019f,-27.9375f,0f,1f,0f,3.5f,0.3380168784085019f,0f,-0.9411400479795619f,-0.06250000000000343f,0f,0f,0f,1f],start_interpolation:0}
execute if entity @s[tag=aj.stage.bone.right_leg] run data modify entity @s {} merge value {transformation:[-0.9411400479795619f,0f,-0.3380168784085019f,-27.858629924802703f,0f,1f,0f,2.6875f,0.3380168784085019f,0f,-0.9411400479795619f,-0.15723554632962913f,0f,0f,0f,1f],start_interpolation:0}
execute if entity @s[tag=aj.stage.bone.left_leg] run data modify entity @s {} merge value {transformation:[-0.9411400479795619f,0f,-0.3380168784085019f,-28.05862218499836f,0f,1f,0f,2.6875f,0.3380168784085019f,0f,-0.9411400479795619f,-0.08540695966782295f,0f,0f,0f,1f],start_interpolation:0}