execute if entity @s[tag=aj.stage.bone.left_bend] run data modify entity @s {} merge value {transformation:[-3.431983230007545e-16f,-0.2262949415247956f,-0.9740588275049353f,-28f,-0.08715574274765818f,0.9703522395898787f,-0.22543382095198294f,3.0451769882155957f,0.9961946980917455f,0.08489482059110562f,-0.01972290370863177f,-0.43893340353037524f,0f,0f,0f,1f],start_interpolation:0}
execute if entity @s[tag=aj.stage.bone.right_straight] run data modify entity @s {} merge value {transformation:[0.4267306513580587f,-0.21388566702875617f,-0.8787228645205444f,-28.011222742725575f,0.23161309363890645f,0.9650736314141303f,-0.12242655269245528f,2.974376308051837f,0.8742175507541255f,-0.15128055852887184f,0.4613652203673902f,-0.04350563845343586f,0f,0f,0f,1f],start_interpolation:0}
execute if entity @s[tag=aj.stage.bone.microphone] run data modify entity @s {} merge value {transformation:[0.4267306513580587f,-0.02813215640263795f,-0.9039411114490062f,-27.594968583840497f,0.23161309363890645f,0.9695815423154379f,0.07916443428858656f,3.2327501379417867f,0.8742175507541255f,-0.24314648789845666f,0.42026593887216657f,0.06276519712082809f,0f,0f,0f,1f],start_interpolation:0}
execute if entity @s[tag=aj.stage.bone.right_bend] run data modify entity @s {} merge value {transformation:[0.4267306513580587f,-0.9039411114490062f,0.028132156402637748f,-27.967973138373893f,0.23161309363890645f,0.07916443428858679f,-0.9695815423154379f,3.146513066491306f,0.8742175507541255f,0.4202659388721665f,0.24314648789845675f,0.27047506437746577f,0f,0f,0f,1f],start_interpolation:0}