execute if entity @s[tag=aj.stage.bone.left_bend] run data modify entity @s {} merge value {transformation:[-3.431983230007545e-16f,-0.9034042811737187f,0.4287898141945494f,-28f,-0.08715574274765818f,-0.42715813949635484f,-0.8999665551386431f,3.0451769882155957f,0.9961946980917455f,-0.03737149473875661f,-0.07873687112710953f,-0.43893340353037524f,0f,0f,0f,1f],start_interpolation:0}
execute if entity @s[tag=aj.stage.bone.right_straight] run data modify entity @s {} merge value {transformation:[0.6398897999679316f,-0.2627516894844819f,-0.7221513647221411f,-28.071767227769087f,0.2578469747036487f,0.9586634062459397f,-0.120330424918673f,2.968015002294987f,0.7239171095734487f,-0.10920633314044943f,0.6811886634911364f,-0.058072938747446096f,0f,0f,0f,1f],start_interpolation:0}
execute if entity @s[tag=aj.stage.bone.microphone] run data modify entity @s {} merge value {transformation:[0.6398897999679316f,-0.32113863447277013f,-0.6981482803430551f,-27.699174626727018f,0.2578469747036487f,0.9455520934368263f,-0.19861061460408258f,3.347574060154252f,0.7239171095734487f,-0.05292651553049726f,0.6878537652878143f,-0.06623873516604711f,0f,0f,0f,1f],start_interpolation:0}
execute if entity @s[tag=aj.stage.bone.right_bend] run data modify entity @s {} merge value {transformation:[0.6398897999679316f,-0.6981482803430552f,0.32113863447276997f,-27.949489416509696f,0.2578469747036487f,-0.19861061460408236f,-0.9455520934368263f,3.14836141435914f,0.7239171095734487f,0.6878537652878143f,0.05292651553049741f,0.2293444966353292f,0f,0f,0f,1f],start_interpolation:0}
execute if entity @s[tag=aj.stage.bone.head] run data modify entity @s {} merge value {transformation:[-3.3874044502004893e-16f,-6.278183055969857e-17f,-1f,-27.9375f,-0.18223552549214683f,0.9832549075639547f,0f,3.4375f,0.9832549075639547f,0.18223552549214683f,-3.4450928483976665e-16f,-0.06250000000000343f,0f,0f,0f,1f],start_interpolation:0}