execute if entity @s[tag=aj.stage.bone.t] run data modify entity @s {} merge value {transformation:[-8.666666666666666f,0f,1.0613605592610393e-15f,0.9999999999999992f,0f,8.666666666666666f,0f,0f,-1.0613605592610393e-15f,0f,-8.666666666666666f,6f,0f,0f,0f,1f],start_interpolation:0}
execute if entity @s[tag=aj.stage.bone.straight] run data modify entity @s {} merge value {transformation:[-32.33333333333333f,0f,3.959691317243108e-15f,0.9999999999999992f,0f,32.33333333333333f,0f,0f,-3.959691317243108e-15f,0f,-32.33333333333333f,6f,0f,0f,0f,1f],start_interpolation:0}
execute if entity @s[tag=aj.stage.bone.upper] run data modify entity @s {} merge value {transformation:[-39f,0f,4.776122516674678e-15f,0.9999999999999992f,0f,39f,0f,0f,-4.776122516674678e-15f,0f,-39f,6f,0f,0f,0f,1f],start_interpolation:0}
execute if entity @s[tag=aj.stage.bone.lower] run data modify entity @s {} merge value {transformation:[-34.333333333333336f,0f,4.20462067707258e-15f,0.9999999999999992f,0f,34.333333333333336f,0f,0f,-4.20462067707258e-15f,0f,-34.333333333333336f,6f,0f,0f,0f,1f],start_interpolation:0}
execute if entity @s[tag=aj.stage.bone.diamond] run data modify entity @s {} merge value {transformation:[-24.333333333333336f,0f,2.9799738779252263e-15f,0f,0f,24.333333333333336f,0f,0f,-2.9799738779252263e-15f,0f,-24.333333333333336f,0f,0f,0f,0f,1f],start_interpolation:0}
execute if entity @s[tag=aj.stage.bone.left_straight] run data modify entity @s {} merge value {transformation:[0.47811405110514765f,-0.2151527256366103f,-0.8515375850700672f,-27.700611832378605f,-0.3343247372355942f,0.8519619322660853f,-0.4029737411318376f,0.9920086078297374f,0.812178505137987f,0.4773574872363226f,0.3354040923591259f,-0.32144646717440667f,0f,0f,0f,1f],start_interpolation:0}
execute if entity @s[tag=aj.stage.bone.left_bend] run data modify entity @s {} merge value {transformation:[0.47811405110514765f,-0.6120965186298015f,-0.6298768181296256f,-27.91931772788627f,-0.3343247372355942f,0.5363338058337884f,-0.7749664630112681f,1.099264275400218f,0.812178505137987f,0.5811057568129243f,0.05178972089810391f,-0.5852590577136244f,0f,0f,0f,1f],start_interpolation:0}
execute if entity @s[tag=aj.stage.bone.right_straight] run data modify entity @s {} merge value {transformation:[-0.4781137445213648f,-0.21515350962649632f,-0.8515375591218277f,-27.711070376900356f,0.3343242337558856f,0.8519619424510902f,-0.40297413730722864f,0.999322146678357f,0.8121788928698523f,-0.4773571157009879f,-0.33540368224921824f,0.21421257659853488f,0f,0f,0f,1f],start_interpolation:0}
execute if entity @s[tag=aj.stage.bone.microphone] run data modify entity @s {} merge value {transformation:[-0.4781137445213648f,0.6298764036628479f,-0.6120971846108395f,-27.63210084913374f,0.3343242337558856f,0.7749668112017237f,0.5363336165665656f,1.0402003084943452f,0.8121788928698523f,0.05178955150017276f,-0.5811052299989321f,0.650649499065938f,0f,0f,0f,1f],start_interpolation:0}
execute if entity @s[tag=aj.stage.bone.right_bend] run data modify entity @s {} merge value {transformation:[-0.4781137445213648f,-0.6120971846108394f,-0.629876403662848f,-27.96677097885769f,0.3343242337558856f,0.5363336165665659f,-0.7749668112017236f,1.1692051429649397f,0.8121788928698523f,-0.5811052299989321f,-0.05178955150017289f,0.4035335827340457f,0f,0f,0f,1f],start_interpolation:0}
execute if entity @s[tag=aj.stage.bone.head] run data modify entity @s {} merge value {transformation:[-3.4450928483976665e-16f,-0.6087614290087207f,-0.7933533402912352f,-27.9375f,0f,0.7933533402912352f,-0.6087614290087207f,1.4375f,1f,-2.0972396454582873e-16f,-2.7331759188897345e-16f,-0.06250000000000343f,0f,0f,0f,1f],start_interpolation:0}
execute if entity @s[tag=aj.stage.bone.outfit] run data modify entity @s {} merge value {transformation:[-3.4450928483976665e-16f,0f,-1f,-27.9375f,0f,1f,0f,0f,1f,0f,-3.4450928483976665e-16f,-0.06250000000000343f,0f,0f,0f,1f],start_interpolation:0}
execute if entity @s[tag=aj.stage.bone.chest] run data modify entity @s {} merge value {transformation:[-3.4450928483976665e-16f,0f,-1f,-27.94546875f,0f,1f,0f,0.6875f,1f,0f,-3.4450928483976665e-16f,-0.05156250000000272f,0f,0f,0f,1f],start_interpolation:0}
execute if entity @s[tag=aj.stage.bone.waist] run data modify entity @s {} merge value {transformation:[-3.4450928483976665e-16f,0f,-1f,-27.9375f,0f,1f,0f,1.5f,1f,0f,-3.4450928483976665e-16f,-0.06250000000000343f,0f,0f,0f,1f],start_interpolation:0}
execute if entity @s[tag=aj.stage.bone.right_leg] run data modify entity @s {} merge value {transformation:[-3.4450928483976665e-16f,0f,-1f,-28f,0f,1f,0f,0.6875f,1f,0f,-3.4450928483976665e-16f,-0.16875000000000273f,0f,0f,0f,1f],start_interpolation:0}
execute if entity @s[tag=aj.stage.bone.left_leg] run data modify entity @s {} merge value {transformation:[-3.4450928483976665e-16f,0f,-1f,-28f,0f,1f,0f,0.6875f,1f,0f,-3.4450928483976665e-16f,0.043749999999995834f,0f,0f,0f,1f],start_interpolation:0}
execute if entity @s[tag=aj.stage.bone.platform] run data modify entity @s {} merge value {transformation:[-2f,0f,2.4492935982947064e-16f,-28f,0f,2f,0f,1f,-2.4492935982947064e-16f,0f,-2f,-3.429011037612589e-15f,0f,0f,0f,1f],start_interpolation:0}