execute if entity @s[tag=aj.ttpd.bone.left_straight] run data modify entity @s {} merge value {transformation:[-0.508928905450968f,0.8546569705472746f,0.10272697742771762f,-0.26897515398119876f,0.05906436069497786f,0.1537271178289447f,-0.9863464779374941f,1.381035830238154f,-0.858779814907275f,-0.4959127301642505f,-0.12871594139369796f,0.26194362425168816f,0f,0f,0f,1f],start_interpolation:0}
execute if entity @s[tag=aj.ttpd.bone.left_bend] run data modify entity @s {} merge value {transformation:[-0.508928905450968f,0.8587994511286405f,-0.0587781586784198f,-0.07217939020936237f,0.05906436069497786f,-0.033282927776125765f,-0.9976991771141955f,1.3082213224019867f,-0.858779814907275f,-0.5112296445432276f,-0.033785796542803614f,0.553324139545434f,0f,0f,0f,1f],start_interpolation:0}
execute if entity @s[tag=aj.ttpd.bone.right_straight] run data modify entity @s {} merge value {transformation:[-0.8595844162136321f,0.42321485545516296f,-0.2863630868752729f,-0.16112637816422803f,0.45241530542711106f,0.8908433806581795f,-0.04145434299081174f,0.8959845515994558f,0.2375605666308348f,-0.16518855063100357f,-0.9572239653928777f,0.1751242940367666f,0f,0f,0f,1f],start_interpolation:0}
execute if entity @s[tag=aj.ttpd.bone.microphone] run data modify entity @s {} merge value {transformation:[-0.8595844162136321f,0.41973447893458454f,-0.2914405575690906f,-0.2497802091636757f,0.45241530542711106f,0.8902793607957835f,-0.05218286266912885f,1.2711851604629478f,0.2375605666308348f,-0.17670774441026701f,-0.9551645671021685f,0.5304991425528299f,0f,0f,0f,1f],start_interpolation:0}
execute if entity @s[tag=aj.ttpd.bone.right_bend] run data modify entity @s {} merge value {transformation:[-0.8595844162136321f,-0.2914405575690905f,-0.4197344789345846f,-0.4254822754159385f,0.45241530542711106f,-0.05218286266912866f,-0.8902793607957835f,1.140434009836724f,0.2375605666308348f,-0.9551645671021685f,0.1767077444102668f,0.15400805411196752f,0f,0f,0f,1f],start_interpolation:0}
execute if entity @s[tag=aj.ttpd.bone.head] run data modify entity @s {} merge value {transformation:[-0.9152531856846454f,0.0009421666089761138f,0.4028780440979491f,-0.09377536214439941f,0.00043629597715398594f,0.9999989970572736f,-0.0013474161449051336f,1.3710329459648503f,-0.4028789095248452f,-0.001057452849143825f,-0.9152526788016211f,0.29408994072443173f,0f,0f,0f,1f],start_interpolation:0}
execute if entity @s[tag=aj.ttpd.bone.outfit] run data modify entity @s {} merge value {transformation:[-0.9215052985658689f,-0.12503381619253254f,0.3676880872742016f,0.08596074863236611f,0.039791632358572054f,0.911377261286467f,0.4096438863259392f,0.060928132865553986f,-0.3863219003748935f,0.392119920965909f,-0.8348636756216072f,-0.2695824456640624f,0f,0f,0f,1f],start_interpolation:0}
execute if entity @s[tag=aj.ttpd.bone.chest] run data modify entity @s {} merge value {transformation:[-0.9215052985658689f,-0.12503381619253254f,0.3676880872742016f,-0.0071489497575978975f,0.039791632358572054f,0.911377261286467f,0.4096438863259392f,0.6911995706980817f,-0.3863219003748935f,0.392119920965909f,-0.8348636756216072f,-0.010878215700460079f,0f,0f,0f,1f],start_interpolation:0}