execute if entity @s[tag=aj.ttpd.bone.left_straight] run data modify entity @s {} merge value {transformation:[-0.4780142224075914f,-0.8783338412337836f,0.005662730752256012f,0.6145223426755141f,-0.1641465067248448f,0.08299606228053338f,-0.9829382371115472f,1.3218531045059492f,0.8628779331435567f,-0.4707879745590711f,-0.18384872995066132f,0.5945296039771164f,0f,0f,0f,1f],start_interpolation:0}
execute if entity @s[tag=aj.ttpd.bone.left_bend] run data modify entity @s {} merge value {transformation:[-0.4780142224075914f,-0.8179659408974481f,0.3200533122900283f,0.7733976349566184f,-0.1641465067248448f,-0.27477006134188875f,-0.9473950272828146f,1.327510418645935f,0.8628779331435567f,-0.5054039304575375f,-0.002922254604987934f,0.27256723632815083f,0f,0f,0f,1f],start_interpolation:0}
execute if entity @s[tag=aj.ttpd.bone.right_straight] run data modify entity @s {} merge value {transformation:[-0.46597814371314916f,0.21162703407825065f,-0.8591148747570901f,0.01772188713180252f,0.2546280731412828f,0.9619730244729221f,0.09885567537969936f,0.9198832470576815f,0.8473658678221618f,-0.17269018105747033f,-0.5021445881579655f,0.13980717867043138f,0f,0f,0f,1f],start_interpolation:0}
execute if entity @s[tag=aj.ttpd.bone.microphone] run data modify entity @s {} merge value {transformation:[-0.46597814371314916f,0.20728185549830785f,-0.8601735882732197f,0.19809364175436164f,0.2546280731412828f,0.9624604108207121f,0.09399203142385888f,1.1974304356781973f,0.8473658678221618f,-0.17522611102231525f,-0.5012652950943143f,0.5454796309212764f,0f,0f,0f,1f],start_interpolation:0}
execute if entity @s[tag=aj.ttpd.bone.right_bend] run data modify entity @s {} merge value {transformation:[-0.46597814371314916f,-0.8601735882732197f,-0.20728185549830805f,-0.18791070482067793f,0.2546280731412828f,0.09399203142385909f,-0.9624604108207121f,1.1183224156054055f,0.8473658678221618f,-0.5012652950943143f,0.17522611102231514f,0.35985855254890836f,0f,0f,0f,1f],start_interpolation:0}
execute if entity @s[tag=aj.ttpd.bone.head] run data modify entity @s {} merge value {transformation:[-0.9246270930256694f,0.09683145989782956f,-0.3683590737540682f,0.15254409453575365f,0.01881866567686905f,0.9775759474290865f,0.20974061321133328f,1.3623318298817346f,0.3804084602963534f,0.18699982722499747f,-0.9057154453539913f,0.2895380814344405f,0f,0f,0f,1f],start_interpolation:0}
execute if entity @s[tag=aj.ttpd.bone.outfit] run data modify entity @s {} merge value {transformation:[-0.9199613315797136f,0.20339212604767154f,-0.3351160865429892f,-0.1398320866577742f,0.0406702840929454f,0.8997757731756462f,0.4344530883743f,0.06890415594174326f,0.3898936731852407f,0.38605077524592063f,-0.8360309339624608f,-0.2654099079815704f,0f,0f,0f,1f],start_interpolation:0}
execute if entity @s[tag=aj.ttpd.bone.chest] run data modify entity @s {} merge value {transformation:[-0.9199613315797136f,0.20339212604767154f,-0.3351160865429892f,-0.012732533378792562f,0.0406702840929454f,0.8997757731756462f,0.4344530883743f,0.6914068792802492f,0.3898936731852407f,0.38605077524592063f,-0.8360309339624608f,-0.002397659454549789f,0f,0f,0f,1f],start_interpolation:0}