execute if entity @s[tag=aj.lover_microphone.bone.left_straight] run data modify entity @s {} merge value {transformation:[-0.9914448613738104f,-0.13052619222005157f,1.2246467991473532e-16f,0.04267580021674666f,-0.13052619222005157f,0.9914448613738104f,0f,0.988269107414599f,-1.2141697760125282e-16f,-1.5984848350717833e-17f,-1f,-0.00796874999999999f,0f,0f,0f,1f],start_interpolation:0}
execute if entity @s[tag=aj.lover_microphone.bone.left_bend] run data modify entity @s {} merge value {transformation:[-0.9914448613738104f,-0.13052619222005157f,1.2246467991473532e-16f,0.39269732208251934f,-0.13052619222005157f,0.9914448613738104f,0f,1.046958176984821f,-1.2141697760125282e-16f,-1.5984848350717833e-17f,-1f,-0.06249999999999995f,0f,0f,0f,1f],start_interpolation:0}
execute if entity @s[tag=aj.lover_microphone.bone.microphone] run data modify entity @s {} merge value {transformation:[-0.7739043865708405f,0.16786195558247732f,-0.6106507711568351f,-0.026457114120490788f,0.2621381217925294f,0.9626602574225924f,-0.06759314966883313f,1.2953670152816092f,0.5765029102697541f,-0.2123854812530618f,-0.7890100137535704f,0.2894612828132114f,0f,0f,0f,1f],start_interpolation:0}
execute if entity @s[tag=aj.lover_microphone.bone.right_bend] run data modify entity @s {} merge value {transformation:[-0.7739043865708405f,-0.6106507711568351f,-0.16786195558247746f,-0.3041279051305913f,0.2621381217925294f,-0.06759314966883292f,-0.9626602574225924f,1.1487680590188616f,0.5765029102697541f,-0.7890100137535704f,0.21238548125306164f,-0.012400104239321932f,0f,0f,0f,1f],start_interpolation:0}