execute if entity @s[tag=aj.lover_microphone.bone.left_straight] run data modify entity @s {} merge value {transformation:[-0.9961946980917455f,-0.08715574274765818f,1.2246467991473532e-16f,0.005435043335301537f,-0.08715574274765818f,0.9961946980917455f,0f,1.0018115019836387f,-1.2199866483456202e-16f,-1.0673500138322974e-17f,-1f,-0.007968749999999997f,0f,0f,0f,1f],start_interpolation:0}
execute if entity @s[tag=aj.lover_microphone.bone.left_bend] run data modify entity @s {} merge value {transformation:[-0.9961946980917455f,-0.08715574274765818f,1.2246467991473532e-16f,0.35768340353037176f,-0.08715574274765818f,0.9961946980917455f,0f,1.0451769882155952f,-1.2199866483456202e-16f,-1.0673500138322974e-17f,-1f,-0.06249999999999995f,0f,0f,0f,1f],start_interpolation:0}
execute if entity @s[tag=aj.lover_microphone.bone.right_straight] run data modify entity @s {} merge value {transformation:[-0.7739043865708405f,0.12485620781035922f,-0.6208727146667241f,-0.025709761649236607f,0.2621381217925294f,0.9556002056484896f,-0.13458028112487153f,0.9685509076072247f,0.5765029102697541f,-0.2669066772034391f,-0.7722727627689087f,-0.10882803831307789f,0f,0f,0f,1f],start_interpolation:0}
execute if entity @s[tag=aj.lover_microphone.bone.microphone] run data modify entity @s {} merge value {transformation:[-0.7739043865708405f,0.11400146864297178f,-0.6229571940299402f,-0.06229985086609341f,0.2621381217925294f,0.9531059133439806f,-0.15123730707673125f,1.3253381309668706f,0.5765029102697541f,-0.28034404415999636f,-0.7674969780751726f,0.2528878058296907f,0f,0f,0f,1f],start_interpolation:0}
execute if entity @s[tag=aj.lover_microphone.bone.right_bend] run data modify entity @s {} merge value {transformation:[-0.7739043865708405f,-0.6229571940299402f,-0.11400146864297192f,-0.32287790513059134f,0.2621381217925294f,-0.15123730707673103f,-0.9531059133439806f,1.1487680590188616f,0.5765029102697541f,-0.7674969780751727f,0.2803440441599962f,-0.012400104239321932f,0f,0f,0f,1f],start_interpolation:0}
execute if entity @s[tag=aj.lover_microphone.bone.head] run data modify entity @s {} merge value {transformation:[-1f,0f,1.2246467991473532e-16f,-0.015625000000000014f,0f,1f,0f,1.4375f,-1.2246467991473532e-16f,0f,-1f,-1.913510623667741e-18f,0f,0f,0f,1f],start_interpolation:0}
execute if entity @s[tag=aj.lover_microphone.bone.outfit] run data modify entity @s {} merge value {transformation:[-0.9975640502598242f,0f,0.0697564737441255f,-0.019332515100431685f,0f,1f,0f,0f,-0.0697564737441255f,0f,-0.9975640502598242f,0.0007435499570843437f,0f,0f,0f,1f],start_interpolation:0}
execute if entity @s[tag=aj.lover_microphone.bone.chest] run data modify entity @s {} merge value {transformation:[-0.9975640502598242f,0f,0.0697564737441255f,-0.029687500000000012f,0f,1f,0f,0.6875f,-0.0697564737441255f,0f,-0.9975640502598242f,-0.007968750000000004f,0f,0f,0f,1f],start_interpolation:0}