execute if entity @s[tag=aj.folklore_microphone.bone.left_straight] run data modify entity @s {} merge value {transformation:[-0.938083840974012f,0.01518007883417611f,0.34607553006537867f,-0.011064841810060622f,-0.11020522823996994f,0.9340561091658801f,-0.33969691284801784f,1.0347940780391958f,-0.3284105890071463f,-0.3568035175506064f,-0.8745500185189485f,0.13410057244653925f,0f,0f,0f,1f],start_interpolation:0}
execute if entity @s[tag=aj.folklore_microphone.bone.left_bend] run data modify entity @s {} merge value {transformation:[-0.938083840974012f,0.034659967613289946f,0.34466997831039814f,0.34072345276971416f,-0.11020522823996994f,0.9134270290163568f,-0.3917982520774287f,1.0670340990163902f,-0.3284105890071463f,-0.4055240428228613f,-0.8530514261875314f,0.19843335356826747f,0f,0f,0f,1f],start_interpolation:0}
execute if entity @s[tag=aj.folklore_microphone.bone.right_straight] run data modify entity @s {} merge value {transformation:[-0.8401452712642014f,0.2186920159038865f,-0.49631615463562695f,-0.020515646889403105f,0.31327064971175883f,0.9426853194963681f,-0.11491687619841998f,0.960577311609818f,0.44273854948668506f,-0.2520281543517008f,-0.8605024033740413f,-0.013862752279514237f,0f,0f,0f,1f],start_interpolation:0}
execute if entity @s[tag=aj.folklore_microphone.bone.microphone] run data modify entity @s {} merge value {transformation:[-0.8401452712642014f,0.2105785214081725f,-0.4998125743655807f,-0.08195914774525392f,0.31327064971175883f,0.9406883718427913f,-0.13025700406861448f,1.3280152246705363f,0.44273854948668506f,-0.26601141592290045f,-0.8562829575538213f,0.3557594993687955f,0f,0f,0f,1f],start_interpolation:0}
execute if entity @s[tag=aj.folklore_microphone.bone.right_bend] run data modify entity @s {} merge value {transformation:[-0.8401452712642014f,-0.49981257436558063f,-0.2105785214081726f,-0.31878167588236994f,0.31327064971175883f,-0.13025700406861426f,-0.9406883718427913f,1.1580861932505324f,0.44273854948668506f,-0.8562829575538214f,0.2660114159229003f,0.032105620049876375f,0f,0f,0f,1f],start_interpolation:0}
execute if entity @s[tag=aj.folklore_microphone.bone.head] run data modify entity @s {} merge value {transformation:[-0.9916508728804881f,-0.000047530861707553024f,0.12895171211032175f,-0.0025681672850974635f,-0.0013716878879371178f,0.9999472433254059f,-0.010179834883712366f,1.432721526021615f,-0.12894442519048355f,-0.010271723649843092f,-0.9915986218755838f,0.0844883522789446f,0f,0f,0f,1f],start_interpolation:0}
execute if entity @s[tag=aj.folklore_microphone.bone.hair] run data modify entity @s {} merge value {transformation:[-0.9917710508787677f,-0.0034242230467966183f,0.12797834713478115f,-0.011004745087592572f,0.011042627643056892f,0.9936287013621534f,0.11216088535713914f,1.0300744268882758f,-0.12754702275459648f,0.11265113637192614f,-0.9854143689131756f,0.02947626181419434f,0f,0f,0f,1f],start_interpolation:0}
execute if entity @s[tag=aj.folklore_microphone.bone.outfit] run data modify entity @s {} merge value {transformation:[-0.9917710508787677f,-0.0034242230467966183f,0.12797834713478115f,0.0023541533446726753f,0.011042627643056892f,0.9936287013621534f,0.11216088535713914f,0.004380267813519412f,-0.12754702275459648f,0.11265113637192614f,-0.9854143689131756f,-0.07744765625569922f,0f,0f,0f,1f],start_interpolation:0}
execute if entity @s[tag=aj.folklore_microphone.bone.chest] run data modify entity @s {} merge value {transformation:[-0.9917710508787677f,-0.0034242230467966183f,0.12797834713478115f,-0.009827668415256235f,0.011042627643056892f,0.9936287013621534f,0.11216088535713914f,0.6885145607950356f,-0.12754702275459648f,0.11265113637192614f,-0.9854143689131756f,-0.009247566313655267f,0f,0f,0f,1f],start_interpolation:0}