execute if entity @s[tag=aj.tolerate.bone.left_straight] run data modify entity @s {} merge value {transformation:[-3.4285037846929723e-16f,-3.3767814916975974e-17f,-1f,-2.6329687500000003f,-0.0980171403295606f,0.9951847266721969f,0f,1.0358504639538828f,0.9951847266721969f,0.0980171403295606f,-3.4450928483976665e-16f,-0.028752059136160413f,0f,0f,0f,1f],start_interpolation:0}
execute if entity @s[tag=aj.tolerate.bone.left_bend] run data modify entity @s {} merge value {transformation:[-3.4285037846929723e-16f,-3.3767814916975974e-17f,-1f,-2.6875f,-0.0980171403295606f,0.9951847266721969f,0f,1.0830557274979262f,0.9951847266721969f,0.0980171403295606f,-3.4450928483976665e-16f,-0.38050642762358555f,0f,0f,0f,1f],start_interpolation:0}
execute if entity @s[tag=aj.tolerate.bone.microphone] run data modify entity @s {} merge value {transformation:[0.576502910269754f,-0.26353447152809456f,-0.7734300076716134f,-2.348368822618993f,0.2621381217925294f,0.9561783244134417f,-0.13040942076778028f,1.3583003170864951f,0.7739043865708406f,-0.1275640789498001f,0.6203220181551675f,0.027399808292119243f,0f,0f,0f,1f],start_interpolation:0}
execute if entity @s[tag=aj.tolerate.bone.right_bend] run data modify entity @s {} merge value {transformation:[0.576502910269754f,-0.7734300076716135f,0.2635344715280944f,-2.637400104239322f,0.2621381217925294f,-0.13040942076778006f,-0.9561783244134417f,1.1862680590188617f,0.7739043865708406f,0.6203220181551675f,0.12756407894980024f,0.30412790513059096f,0f,0f,0f,1f],start_interpolation:0}