execute if entity @s[tag=aj.tolerate.bone.left_straight] run data modify entity @s {} merge value {transformation:[-3.431983230007545e-16f,-3.0025962603674397e-17f,-1f,-2.6329687500000003f,-0.08715574274765818f,0.9961946980917455f,0f,1.0393115019836388f,0.9961946980917455f,0.08715574274765818f,-3.4450928483976665e-16f,-0.02418504333530208f,0f,0f,0f,1f],start_interpolation:0}
execute if entity @s[tag=aj.tolerate.bone.left_bend] run data modify entity @s {} merge value {transformation:[-3.431983230007545e-16f,-3.0025962603674397e-17f,-1f,-2.6875f,-0.08715574274765818f,0.9961946980917455f,0f,1.0826769882155953f,0.9961946980917455f,0.08715574274765818f,-3.4450928483976665e-16f,-0.37643340353037213f,0f,0f,0f,1f],start_interpolation:0}
execute if entity @s[tag=aj.tolerate.bone.microphone] run data modify entity @s {} merge value {transformation:[0.576502910269754f,-0.2803440441599963f,-0.7674969780751727f,-2.35292476971843f,0.2621381217925294f,0.9531059133439806f,-0.15123730707673125f,1.366619063643789f,0.7739043865708406f,-0.11400146864297185f,0.6229571940299401f,0.027975921015344463f,0f,0f,0f,1f],start_interpolation:0}
execute if entity @s[tag=aj.tolerate.bone.right_bend] run data modify entity @s {} merge value {transformation:[0.576502910269754f,-0.7674969780751728f,0.28034404415999614f,-2.637400104239322f,0.2621381217925294f,-0.15123730707673103f,-0.9531059133439806f,1.1862680590188617f,0.7739043865708406f,0.6229571940299401f,0.11400146864297199f,0.30412790513059096f,0f,0f,0f,1f],start_interpolation:0}