execute if entity @s[tag=aj.tolerate.bone.left_straight] run data modify entity @s {} merge value {transformation:[-3.4306404343866235e-16f,-3.1523157207409805e-17f,-1f,-2.6329687500000003f,-0.0915016186634024f,0.9958049275746618f,0f,1.037921110195143f,0.9958049275746618f,0.0915016186634024f,-3.4450928483976665e-16f,-0.026007316982931072f,0f,0f,0f,1f],start_interpolation:0}
execute if entity @s[tag=aj.tolerate.bone.left_bend] run data modify entity @s {} merge value {transformation:[-3.4306404343866235e-16f,-3.1523157207409805e-17f,-1f,-2.6875f,-0.0915016186634024f,0.9958049275746618f,0f,1.0828231521595018f,0.9958049275746618f,0.0915016186634024f,-3.4450928483976665e-16f,-0.3780631069987762f,0f,0f,0f,1f],start_interpolation:0}
execute if entity @s[tag=aj.tolerate.bone.microphone] run data modify entity @s {} merge value {transformation:[0.576502910269754f,-0.273635779893749f,-0.7699141863951096f,-2.3510859403476867f,0.2621381217925294f,0.9543893997201639f,-0.14291423583698823f,1.36330168117038f,0.7739043865708406f,-0.11943338588403574f,0.6219386358658592f,0.027729794909611805f,0f,0f,0f,1f],start_interpolation:0}
execute if entity @s[tag=aj.tolerate.bone.right_bend] run data modify entity @s {} merge value {transformation:[0.576502910269754f,-0.7699141863951097f,0.2736357798937488f,-2.637400104239322f,0.2621381217925294f,-0.142914235836988f,-0.9543893997201639f,1.1862680590188617f,0.7739043865708406f,0.6219386358658592f,0.11943338588403588f,0.30412790513059096f,0f,0f,0f,1f],start_interpolation:0}