execute if entity @s[tag=aj.tolerate.bone.left_straight] run data modify entity @s {} merge value {transformation:[-3.419413648724144e-16f,-4.198512034039929e-17f,-1f,-2.6329687500000003f,-0.12186934340514748f,0.992546151641322f,0f,1.0284128334999747f,0.992546151641322f,0.12186934340514748f,-3.4450928483976665e-16f,-0.038930657409213754f,0f,0f,0f,1f],start_interpolation:0}
execute if entity @s[tag=aj.tolerate.bone.left_bend] run data modify entity @s {} merge value {transformation:[-3.419413648724144e-16f,-4.198512034039929e-17f,-1f,-2.6875f,-0.12186934340514748f,0.992546151641322f,0f,1.0840451931345043f,0.992546151641322f,0.12186934340514748f,-3.4450928483976665e-16f,-0.38945100377693065f,0f,0f,0f,1f],start_interpolation:0}
execute if entity @s[tag=aj.tolerate.bone.microphone] run data modify entity @s {} merge value {transformation:[0.576502910269754f,-0.2261232573586685f,-0.7851832059666134f,-2.3388352715676337f,0.2621381217925294f,0.9613339764822405f,-0.08438359297830271f,1.339715425867078f,0.7739043865708406f,-0.1571790639441149f,0.6134873611608169f,0.026593104700343873f,0f,0f,0f,1f],start_interpolation:0}
execute if entity @s[tag=aj.tolerate.bone.right_bend] run data modify entity @s {} merge value {transformation:[0.576502910269754f,-0.7851832059666134f,0.22612325735866834f,-2.637400104239322f,0.2621381217925294f,-0.0843835929783025f,-0.9613339764822405f,1.1862680590188617f,0.7739043865708406f,0.6134873611608169f,0.15717906394411504f,0.30412790513059096f,0f,0f,0f,1f],start_interpolation:0}