execute if entity @s[tag=aj.tolerate.bone.left_straight] run data modify entity @s {} merge value {transformation:[-3.4165925104923377e-16f,-4.422220611055184e-17f,-1f,-2.6329687500000003f,-0.12836288615884434f,0.9917272656617703f,0f,1.0264269733715992f,0.9917272656617703f,0.12836288615884434f,-3.4450928483976665e-16f,-0.041737353847143555f,0f,0f,0f,1f],start_interpolation:0}
execute if entity @s[tag=aj.tolerate.bone.left_bend] run data modify entity @s {} merge value {transformation:[-3.4165925104923377e-16f,-4.422220611055184e-17f,-1f,-2.6875f,-0.12836288615884434f,0.9917272656617703f,0f,1.0843522753768362f,0.9917272656617703f,0.12836288615884434f,-3.4450928483976665e-16f,-0.39188608230956695f,0f,0f,0f,1f],start_interpolation:0}
execute if entity @s[tag=aj.tolerate.bone.microphone] run data modify entity @s {} merge value {transformation:[0.576502910269754f,-0.2158261542151227f,-0.7880757994046094f,-2.3363542340958867f,0.2621381217925294f,0.9623561637732286f,-0.07179289067003353f,1.3345834043508449f,0.7739043865708406f,-0.1651958994781178f,0.6113773918309593f,0.02648323732762753f,0f,0f,0f,1f],start_interpolation:0}
execute if entity @s[tag=aj.tolerate.bone.right_bend] run data modify entity @s {} merge value {transformation:[0.576502910269754f,-0.7880757994046094f,0.21582615421512252f,-2.637400104239322f,0.2621381217925294f,-0.07179289067003332f,-0.9623561637732286f,1.1862680590188617f,0.7739043865708406f,0.6113773918309593f,0.16519589947811794f,0.30412790513059096f,0f,0f,0f,1f],start_interpolation:0}