execute if entity @s[tag=aj.tolerate.bone.left_straight] run data modify entity @s {} merge value {transformation:[-3.423789986050299e-16f,-3.8252694741997027e-17f,-1f,-2.6329687500000003f,-0.11103530855427768f,0.9938164620563781f,0f,1.0317632849503082f,0.9938164620563781f,0.11103530855427768f,-3.4450928483976665e-16f,-0.034281905679161506f,0f,0f,0f,1f],start_interpolation:0}
execute if entity @s[tag=aj.tolerate.bone.left_bend] run data modify entity @s {} merge value {transformation:[-3.423789986050299e-16f,-3.8252694741997027e-17f,-1f,-2.6875f,-0.11103530855427768f,0.9938164620563781f,0f,1.0835688267288583f,0.9938164620563781f,0.11103530855427768f,-3.4450928483976665e-16f,-0.3853882407078545f,0f,0f,0f,1f],start_interpolation:0}
execute if entity @s[tag=aj.tolerate.bone.microphone] run data modify entity @s {} merge value {transformation:[0.576502910269754f,-0.24319812751604433f,-0.7800635007633635f,-2.3430843385999465f,0.2621381217925294f,0.9592643866490498f,-0.10533490214505158f,1.3482096919724125f,0.7739043865708406f,-0.14375850332941142f,0.6167702109918236f,0.026881161663283415f,0f,0f,0f,1f],start_interpolation:0}
execute if entity @s[tag=aj.tolerate.bone.right_bend] run data modify entity @s {} merge value {transformation:[0.576502910269754f,-0.7800635007633635f,0.24319812751604417f,-2.637400104239322f,0.2621381217925294f,-0.10533490214505137f,-0.9592643866490498f,1.1862680590188617f,0.7739043865708406f,0.6167702109918236f,0.14375850332941156f,0.30412790513059096f,0f,0f,0f,1f],start_interpolation:0}