execute if entity @s[tag=aj.tolerate.bone.left_straight] run data modify entity @s {} merge value {transformation:[-3.417549157716673e-16f,-4.3476716604500495e-17f,-1f,-2.6329687500000003f,-0.12619896913582976f,0.992004949679715f,0f,1.027086885133746f,0.992004949679715f,0.12619896913582976f,-3.4450928483976665e-16f,-0.04080034495061058f,0f,0f,0f,1f],start_interpolation:0}
execute if entity @s[tag=aj.tolerate.bone.left_bend] run data modify entity @s {} merge value {transformation:[-3.417549157716673e-16f,-4.3476716604500495e-17f,-1f,-2.6875f,-0.12619896913582976f,0.992004949679715f,0f,1.084248143870107f,0.992004949679715f,0.12619896913582976f,-3.4450928483976665e-16f,-0.3910746134259365f,0f,0f,0f,1f],start_interpolation:0}
execute if entity @s[tag=aj.tolerate.bone.microphone] run data modify entity @s {} merge value {transformation:[0.576502910269754f,-0.2192627181583141f,-0.7871265812284145f,-2.3371755092378788f,0.2621381217925294f,0.9620337482497135f,-0.07599126483808272f,1.3362969575447878f,0.7739043865708406f,-0.16252669828195707f,0.6120923727608248f,0.02651461057484006f,0f,0f,0f,1f],start_interpolation:0}
execute if entity @s[tag=aj.tolerate.bone.right_bend] run data modify entity @s {} merge value {transformation:[0.576502910269754f,-0.7871265812284145f,0.21926271815831394f,-2.637400104239322f,0.2621381217925294f,-0.07599126483808251f,-0.9620337482497135f,1.1862680590188617f,0.7739043865708406f,0.6120923727608248f,0.1625266982819572f,0.30412790513059096f,0f,0f,0f,1f],start_interpolation:0}