execute if entity @s[tag=aj.tolerate.bone.left_straight] run data modify entity @s {} merge value {transformation:[-3.41561960149953e-16f,-4.496748513458788e-17f,-1f,-2.6329687500000003f,-0.13052619222005157f,0.9914448613738104f,0f,1.025769107414599f,0.9914448613738104f,0.13052619222005157f,-3.4450928483976665e-16f,-0.04267580021674716f,0f,0f,0f,1f],start_interpolation:0}
execute if entity @s[tag=aj.tolerate.bone.left_bend] run data modify entity @s {} merge value {transformation:[-3.41561960149953e-16f,-4.496748513458788e-17f,-1f,-2.6875f,-0.13052619222005157f,0.9914448613738104f,0f,1.0844581769848212f,0.9914448613738104f,0.13052619222005157f,-3.4450928483976665e-16f,-0.3926973220825197f,0f,0f,0f,1f],start_interpolation:0}
execute if entity @s[tag=aj.tolerate.bone.microphone] run data modify entity @s {} merge value {transformation:[0.576502910269754f,-0.21238548125306173f,-0.7890100137535705f,-2.3355387171867887f,0.2621381217925294f,0.9626602574225924f,-0.06759314966883313f,1.3328670152816093f,0.7739043865708406f,-0.16786195558247738f,0.610650771156835f,0.026457114120490344f,0f,0f,0f,1f],start_interpolation:0}
execute if entity @s[tag=aj.tolerate.bone.right_bend] run data modify entity @s {} merge value {transformation:[0.576502910269754f,-0.7890100137535705f,0.21238548125306156f,-2.637400104239322f,0.2621381217925294f,-0.06759314966883292f,-0.9626602574225924f,1.1862680590188617f,0.7739043865708406f,0.610650771156835f,0.16786195558247752f,0.30412790513059096f,0f,0f,0f,1f],start_interpolation:0}