execute if entity @s[tag=aj.tolerate.bone.left_straight] run data modify entity @s {} merge value {transformation:[-3.4212130390247226e-16f,-4.049272474012705e-17f,-1f,-2.6329687500000003f,-0.11753739745783764f,0.9930684569549263f,0f,1.0297469272691395f,0.9930684569549263f,0.11753739745783764f,-3.4450928483976665e-16f,-0.037066773188712154f,0f,0f,0f,1f],start_interpolation:0}
execute if entity @s[tag=aj.tolerate.bone.left_bend] run data modify entity @s {} merge value {transformation:[-3.4212130390247226e-16f,-4.049272474012705e-17f,-1f,-2.6875f,-0.11753739745783764f,0.9930684569549263f,0f,1.0838493286419026f,0.9930684569549263f,0.11753739745783764f,-3.4450928483976665e-16f,-0.38782652404668944f,0f,0f,0f,1f],start_interpolation:0}
execute if entity @s[tag=aj.tolerate.bone.microphone] run data modify entity @s {} merge value {transformation:[0.576502910269754f,-0.23296657639750373f,-0.7831800359637178f,-2.340517877778726f,0.2621381217925294f,0.9605609954105027f,-0.09276949498121348f,1.3431221599188818f,0.7739043865708406f,-0.15181945981200967f,0.6148356301230439f,0.02669259051937023f,0f,0f,0f,1f],start_interpolation:0}
execute if entity @s[tag=aj.tolerate.bone.right_bend] run data modify entity @s {} merge value {transformation:[0.576502910269754f,-0.7831800359637178f,0.23296657639750357f,-2.637400104239322f,0.2621381217925294f,-0.09276949498121327f,-0.9605609954105027f,1.1862680590188617f,0.7739043865708406f,0.6148356301230439f,0.1518194598120098f,0.30412790513059096f,0f,0f,0f,1f],start_interpolation:0}