execute if entity @s[tag=aj.tolerate.bone.left_straight] run data modify entity @s {} merge value {transformation:[-3.4246163817140854e-16f,-3.750564919799069e-17f,-1f,-2.6329687500000003f,-0.10886687485196457f,0.9940563382223196f,0f,1.032439449264795f,0.9940563382223196f,0.10886687485196457f,-3.4450928483976665e-16f,-0.03335655654190778f,0f,0f,0f,1f],start_interpolation:0}
execute if entity @s[tag=aj.tolerate.bone.left_bend] run data modify entity @s {} merge value {transformation:[-3.4246163817140854e-16f,-3.750564919799069e-17f,-1f,-2.6875f,-0.10886687485196457f,0.9940563382223196f,0f,1.08347887316663f,0.9940563382223196f,0.10886687485196457f,-3.4450928483976665e-16f,-0.38457507806948704f,0f,0f,0f,1f],start_interpolation:0}
execute if entity @s[tag=aj.tolerate.bone.microphone] run data modify entity @s {} merge value {transformation:[0.576502910269754f,-0.24659947076072464f,-0.7789949264732311f,-2.3439511075671207f,0.2621381217925294f,0.9587956463869264f,-0.10951946663749446f,1.3498993883804469f,0.7739043865708406f,-0.14106597566389553f,0.617391602596281f,0.02695450533504773f,0f,0f,0f,1f],start_interpolation:0}
execute if entity @s[tag=aj.tolerate.bone.right_bend] run data modify entity @s {} merge value {transformation:[0.576502910269754f,-0.7789949264732311f,0.24659947076072447f,-2.637400104239322f,0.2621381217925294f,-0.10951946663749425f,-0.9587956463869264f,1.1862680590188617f,0.7739043865708406f,0.617391602596281f,0.14106597566389567f,0.30412790513059096f,0f,0f,0f,1f],start_interpolation:0}