execute if entity @s[tag=aj.tolerate.bone.left_straight] run data modify entity @s {} merge value {transformation:[-3.429232324316993e-16f,-3.301975165567163e-17f,-1f,-2.6329687500000003f,-0.09584575252022398f,0.9953961983671789f,0f,1.0365386827857015f,0.9953961983671789f,0.09584575252022398f,-3.4450928483976665e-16f,-0.027835639993228578f,0f,0f,0f,1f],start_interpolation:0}
execute if entity @s[tag=aj.tolerate.bone.left_bend] run data modify entity @s {} merge value {transformation:[-3.429232324316993e-16f,-3.301975165567163e-17f,-1f,-2.6875f,-0.09584575252022398f,0.9953961983671789f,0f,1.082976425612308f,0.9953961983671789f,0.09584575252022398f,-3.4450928483976665e-16f,-0.3796921571950843f,0f,0f,0f,1f],start_interpolation:0}
execute if entity @s[tag=aj.tolerate.bone.microphone] run data modify entity @s {} merge value {transformation:[0.576502910269754f,-0.266906677203439f,-0.7722727627689088f,-2.3492690219224226f,0.2621381217925294f,0.9556002056484896f,-0.13458028112487153f,1.3599707682418254f,0.7739043865708406f,-0.12485620781035929f,0.620872714666724f,0.02750457393404132f,0f,0f,0f,1f],start_interpolation:0}
execute if entity @s[tag=aj.tolerate.bone.right_bend] run data modify entity @s {} merge value {transformation:[0.576502910269754f,-0.7722727627689089f,0.26690667720343886f,-2.637400104239322f,0.2621381217925294f,-0.1345802811248713f,-0.9556002056484896f,1.1862680590188617f,0.7739043865708406f,0.620872714666724f,0.12485620781035943f,0.30412790513059096f,0f,0f,0f,1f],start_interpolation:0}