execute if entity @s[tag=aj.tolerate.bone.left_straight] run data modify entity @s {} merge value {transformation:[-3.426997753604454e-16f,-3.526345571136955e-17f,-1f,-2.6329687500000003f,-0.10235850603495578f,0.9947475741323987f,0f,1.0344800324144223f,0.9947475741323987f,0.10235850603495578f,-3.4450928483976665e-16f,-0.030589390888460688f,0f,0f,0f,1f],start_interpolation:0}
execute if entity @s[tag=aj.tolerate.bone.left_bend] run data modify entity @s {} merge value {transformation:[-3.426997753604454e-16f,-3.526345571136955e-17f,-1f,-2.6875f,-0.10235850603495578f,0.9947475741323987f,0f,1.0832196597003505f,0.9947475741323987f,0.10235850603495578f,-3.4450928483976665e-16f,-0.38213443976310874f,0f,0f,0f,1f],start_interpolation:0}
execute if entity @s[tag=aj.tolerate.bone.microphone] run data modify entity @s {} merge value {transformation:[0.576502910269754f,-0.25677507252547954f,-0.7757003007476783f,-2.346585029522698f,0.2621381217925294f,0.9572799385123946f,-0.1220603310858646f,1.354949584408033f,0.7739043865708406f,-0.13297248381240592f,0.6191852057302163f,0.02720597667289698f,0f,0f,0f,1f],start_interpolation:0}
execute if entity @s[tag=aj.tolerate.bone.right_bend] run data modify entity @s {} merge value {transformation:[0.576502910269754f,-0.7757003007476784f,0.2567750725254794f,-2.637400104239322f,0.2621381217925294f,-0.1220603310858644f,-0.9572799385123946f,1.1862680590188617f,0.7739043865708406f,0.6191852057302163f,0.13297248381240606f,0.30412790513059096f,0f,0f,0f,1f],start_interpolation:0}