execute if entity @s[tag=aj.tolerate.bone.left_straight] run data modify entity @s {} merge value {transformation:[-3.431319998130129e-16f,-3.0774633143711044e-17f,-1f,-2.6329687500000003f,-0.08932889329245368f,0.9960021831417567f,0f,1.0386153121929023f,0.9960021831417567f,0.08932889329245368f,-3.4450928483976665e-16f,-0.025095421817734442f,0f,0f,0f,1f],start_interpolation:0}
execute if entity @s[tag=aj.tolerate.bone.left_bend] run data modify entity @s {} merge value {transformation:[-3.431319998130129e-16f,-3.0774633143711044e-17f,-1f,-2.6875f,-0.08932889329245368f,0.9960021831417567f,0f,1.0827491813218413f,0.9960021831417567f,0.08932889329245368f,-3.4450928483976665e-16f,-0.3772483349846705f,0f,0f,0f,1f],start_interpolation:0}
execute if entity @s[tag=aj.tolerate.bone.microphone] run data modify entity @s {} merge value {transformation:[0.576502910269754f,-0.2769925487962991f,-0.7687128998279097f,-2.3520026248780135f,0.2621381217925294f,0.9537567356087899f,-0.147077171525529f,1.3649620795278232f,0.7739043865708406f,-0.11671853833986578f,0.622453840259835f,0.027850245955377273f,0f,0f,0f,1f],start_interpolation:0}
execute if entity @s[tag=aj.tolerate.bone.right_bend] run data modify entity @s {} merge value {transformation:[0.576502910269754f,-0.7687128998279098f,0.2769925487962989f,-2.637400104239322f,0.2621381217925294f,-0.14707717152552877f,-0.9537567356087899f,1.1862680590188617f,0.7739043865708406f,0.622453840259835f,0.11671853833986592f,0.30412790513059096f,0f,0f,0f,1f],start_interpolation:0}