execute if entity @s[tag=aj.tolerate.bone.left_straight] run data modify entity @s {} merge value {transformation:[-3.4262202693081306e-16f,-3.601102612573911e-17f,-1f,-2.6329687500000003f,-0.10452846326765346f,0.9945218953682733f,0f,1.0337978262295484f,0.9945218953682733f,0.10452846326765346f,-3.4450928483976665e-16f,-0.03151029475278183f,0f,0f,0f,1f],start_interpolation:0}
execute if entity @s[tag=aj.tolerate.bone.left_bend] run data modify entity @s {} merge value {transformation:[-3.4262202693081306e-16f,-3.601102612573911e-17f,-1f,-2.6875f,-0.10452846326765346f,0.9945218953682733f,0f,1.0833042892368976f,0.9945218953682733f,0.10452846326765346f,-3.4450928483976665e-16f,-0.3829481737253704f,0f,0f,0f,1f],start_interpolation:0}
execute if entity @s[tag=aj.tolerate.bone.microphone] run data modify entity @s {} merge value {transformation:[0.576502910269754f,-0.2533880078874227f,-0.7768133056979312f,-2.345701469690682f,0.2621381217925294f,0.957803412873251f,-0.11788226071567305f,1.3532693666780216f,0.7739043865708406f,-0.13567291456733824f,0.6185991114600915f,0.02711691438587155f,0f,0f,0f,1f],start_interpolation:0}
execute if entity @s[tag=aj.tolerate.bone.right_bend] run data modify entity @s {} merge value {transformation:[0.576502910269754f,-0.7768133056979313f,0.25338800788742255f,-2.637400104239322f,0.2621381217925294f,-0.11788226071567284f,-0.957803412873251f,1.1862680590188617f,0.7739043865708406f,0.6185991114600915f,0.13567291456733838f,0.30412790513059096f,0f,0f,0f,1f],start_interpolation:0}