execute if entity @s[tag=aj.tolerate.bone.left_straight] run data modify entity @s {} merge value {transformation:[-3.420321483632964e-16f,-4.123902068181858e-17f,-1f,-2.6329687500000003f,-0.11970365530496252f,0.992809667009055f,0f,1.0290788637930124f,0.992809667009055f,0.11970365530496252f,-3.4450928483976665e-16f,-0.03799798766339929f,0f,0f,0f,1f],start_interpolation:0}
execute if entity @s[tag=aj.tolerate.bone.left_bend] run data modify entity @s {} merge value {transformation:[-3.420321483632964e-16f,-4.123902068181858e-17f,-1f,-2.6875f,-0.11970365530496252f,0.992809667009055f,0f,1.0839463748716045f,0.992809667009055f,0.11970365530496252f,-3.4450928483976665e-16f,-0.38863887073936126f,0f,0f,0f,1f],start_interpolation:0}
execute if entity @s[tag=aj.tolerate.bone.microphone] run data modify entity @s {} merge value {transformation:[0.576502910269754f,-0.22954710200105471f,-0.7841890858800711f,-2.3396737271559145f,0.2621381217925294f,0.9609566335609285f,-0.08857738717264321f,1.3414202759127158f,0.7739043865708406f,-0.15450073261368275f,0.6141673420723754f,0.026640224084220065f,0f,0f,0f,1f],start_interpolation:0}
execute if entity @s[tag=aj.tolerate.bone.right_bend] run data modify entity @s {} merge value {transformation:[0.576502910269754f,-0.7841890858800711f,0.22954710200105455f,-2.637400104239322f,0.2621381217925294f,-0.088577387172643f,-0.9609566335609285f,1.1862680590188617f,0.7739043865708406f,0.6141673420723754f,0.15450073261368288f,0.30412790513059096f,0f,0f,0f,1f],start_interpolation:0}