execute if entity @s[tag=aj.microphone.bone.left_straight] run data modify entity @s {} merge value {transformation:[-0.9953961983671789f,-0.09584575252022398f,1.2246467991473532e-16f,0.027835639993227967f,-0.09584575252022398f,0.9953961983671789f,0f,0.9990386827857013f,-1.2190087682138094e-16f,-1.1737719403576166e-17f,-1f,-0.007968749999999816f,0f,0f,0f,1f],start_interpolation:0}
execute if entity @s[tag=aj.microphone.bone.left_bend] run data modify entity @s {} merge value {transformation:[-0.9953961983671789f,-0.09584575252022398f,1.2246467991473532e-16f,0.37370179766256995f,-0.09584575252022398f,0.9953961983671789f,0f,1.1076886880102566f,-1.2190087682138094e-16f,-1.1737719403576166e-17f,-1f,-0.06249999999999994f,0f,0f,0f,1f],start_interpolation:0}
execute if entity @s[tag=aj.microphone.bone.microphone] run data modify entity @s {} merge value {transformation:[-0.7739043326181012f,0.12485616626940893f,-0.6208727902714348f,-0.043026310880208085f,0.26213812972133255f,0.9556001983876373f,-0.13458031723736563f,1.3191062372697748f,0.5765029790912908f,-0.26690672263173487f,-0.7722726956929482f,0.25642422245252827f,0f,0f,0f,1f],start_interpolation:0}
execute if entity @s[tag=aj.microphone.bone.right_bend] run data modify entity @s {} merge value {transformation:[-0.7739043326181012f,-0.6208727902714348f,-0.12485616626940907f,-0.3041278959396617f,0.26213812972133255f,-0.1345803172373654f,-0.9556001983876373f,1.1487680599097707f,0.5765029790912908f,-0.7722726956929483f,0.2669067226317347f,-0.012400089508453532f,0f,0f,0f,1f],start_interpolation:0}