execute if entity @s[tag=aj.microphone.bone.left_straight] run data modify entity @s {} merge value {transformation:[-0.9942914830326867f,-0.10669792298194264f,1.2246467991473532e-16f,0.03243268476734662f,-0.10669792298194264f,0.9942914830326867f,0f,0.9956176307671761f,-1.2176558821154545e-16f,-1.3066726985550687e-17f,-1f,-0.00796874999999981f,0f,0f,0f,1f],start_interpolation:0}
execute if entity @s[tag=aj.microphone.bone.left_bend] run data modify entity @s {} merge value {transformation:[-0.9942914830326867f,-0.10669792298194264f,1.2246467991473532e-16f,0.37709310093185705f,-0.10669792298194264f,0.9942914830326867f,0f,1.1080339115522855f,-1.2176558821154545e-16f,-1.3066726985550687e-17f,-1f,-0.06249999999999994f,0f,0f,0f,1f],start_interpolation:0}
execute if entity @s[tag=aj.microphone.bone.microphone] run data modify entity @s {} merge value {transformation:[-0.7739043326181012f,0.1383707224237889f,-0.6180013164475057f,-0.042483040551750006f,0.26213812972133255f,0.9583086455664355f,-0.11370198229945594f,1.3112433829298713f,0.5765029790912908f,-0.24999616598768615f,-0.7779114551736105f,0.2607287851033957f,0f,0f,0f,1f],start_interpolation:0}
execute if entity @s[tag=aj.microphone.bone.right_bend] run data modify entity @s {} merge value {transformation:[-0.7739043326181012f,-0.6180013164475057f,-0.13837072242378903f,-0.3041278959396617f,0.26213812972133255f,-0.11370198229945573f,-0.9583086455664355f,1.1487680599097707f,0.5765029790912908f,-0.7779114551736105f,0.24999616598768598f,-0.012400089508453532f,0f,0f,0f,1f],start_interpolation:0}