execute if entity @s[tag=aj.microphone.bone.left_straight] run data modify entity @s {} merge value {transformation:[-0.992004949679715f,-0.12619896913582976f,1.2246467991473532e-16f,0.040800344950610024f,-0.12619896913582976f,0.992004949679715f,0f,0.9895868851337458f,-1.2148556863635942e-16f,-1.5454916360788953e-17f,-1f,-0.00796874999999981f,0f,0f,0f,1f],start_interpolation:0}
execute if entity @s[tag=aj.microphone.bone.left_bend] run data modify entity @s {} merge value {transformation:[-0.992004949679715f,-0.12619896913582976f,1.2246467991473532e-16f,0.3831871778549467f,-0.12619896913582976f,0.992004949679715f,0f,1.108748453225089f,-1.2148556863635942e-16f,-1.5454916360788953e-17f,-1f,-0.06249999999999994f,0f,0f,0f,1f],start_interpolation:0}
execute if entity @s[tag=aj.microphone.bone.microphone] run data modify entity @s {} merge value {transformation:[-0.7739043326181012f,0.16252666143404612f,-0.612092450760532f,-0.04181684017546883f,0.26213812972133255f,0.9620337432070194f,-0.07599130132648418f,1.2968971469886292f,0.5765029790912908f,-0.21926276759676644f,-0.7871265170508952f,0.26814638912430533f,0f,0f,0f,1f],start_interpolation:0}
execute if entity @s[tag=aj.microphone.bone.right_bend] run data modify entity @s {} merge value {transformation:[-0.7739043326181012f,-0.612092450760532f,-0.16252666143404626f,-0.3041278959396617f,0.26213812972133255f,-0.07599130132648398f,-0.9620337432070194f,1.1487680599097707f,0.5765029790912908f,-0.7871265170508952f,0.21926276759676627f,-0.012400089508453532f,0f,0f,0f,1f],start_interpolation:0}