execute if entity @s[tag=aj.microphone.bone.left_straight] run data modify entity @s {} merge value {transformation:[-0.9960021831417567f,-0.08932889329245368f,1.2246467991473532e-16f,0.025095421817733887f,-0.08932889329245368f,0.9960021831417567f,0f,1.0011153121929022f,-1.2197508855283283e-16f,-1.0939634324197886e-17f,-1f,-0.007968749999999816f,0f,0f,0f,1f],start_interpolation:0}
execute if entity @s[tag=aj.microphone.bone.left_bend] run data modify entity @s {} merge value {transformation:[-0.9960021831417567f,-0.08932889329245368f,1.2246467991473532e-16f,0.37166527915389175f,-0.08932889329245368f,0.9960021831417567f,0f,1.1074993177682009f,-1.2197508855283283e-16f,-1.0939634324197886e-17f,-1f,-0.062499999999999944f,0f,0f,0f,1f],start_interpolation:0}
execute if entity @s[tag=aj.microphone.bone.microphone] run data modify entity @s {} merge value {transformation:[-0.7739043326181012f,0.11671849581283925f,-0.6224539153143143f,-0.043411510818519516f,0.26213812972133255f,0.9537567278758617f,-0.14707720753988762f,1.323785127378001f,0.5765029790912908f,-0.27699259334270576f,-0.7687128321630576f,0.2537796161649274f,0f,0f,0f,1f],start_interpolation:0}
execute if entity @s[tag=aj.microphone.bone.right_bend] run data modify entity @s {} merge value {transformation:[-0.7739043326181012f,-0.6224539153143143f,-0.11671849581283938f,-0.3041278959396617f,0.26213812972133255f,-0.1470772075398874f,-0.9537567278758617f,1.1487680599097707f,0.5765029790912908f,-0.7687128321630577f,0.2769925933427056f,-0.012400089508453532f,0f,0f,0f,1f],start_interpolation:0}