execute if entity @s[tag=aj.microphone.bone.left_straight] run data modify entity @s {} merge value {transformation:[-0.9940563382223196f,-0.10886687485196457f,1.2246467991473532e-16f,0.03335655654190717f,-0.10886687485196457f,0.9940563382223196f,0f,0.9949394492647949f,-1.2173679127761025e-16f,-1.3332346982063389e-17f,-1f,-0.00796874999999981f,0f,0f,0f,1f],start_interpolation:0}
execute if entity @s[tag=aj.microphone.bone.left_bend] run data modify entity @s {} merge value {transformation:[-0.9940563382223196f,-0.10886687485196457f,1.2246467991473532e-16f,0.3777708983912389f,-0.10886687485196457f,0.9940563382223196f,0f,1.108107394305525f,-1.2173679127761025e-16f,-1.3332346982063389e-17f,-1f,-0.06249999999999994f,0f,0f,0f,1f],start_interpolation:0}
execute if entity @s[tag=aj.microphone.bone.microphone] run data modify entity @s {} merge value {transformation:[-0.7739043326181012f,0.14106593611628082f,-0.6173916792624993f,-0.04238921496205694f,0.26213812972133255f,0.9587956400738771f,-0.10951950292768067f,1.309661375619032f,0.5765029790912908f,-0.24659951792929727f,-0.77899486060943f,0.2615740825011835f,0f,0f,0f,1f],start_interpolation:0}
execute if entity @s[tag=aj.microphone.bone.right_bend] run data modify entity @s {} merge value {transformation:[-0.7739043326181012f,-0.6173916792624993f,-0.14106593611628096f,-0.3041278959396617f,0.26213812972133255f,-0.10951950292768046f,-0.9587956400738771f,1.1487680599097707f,0.5765029790912908f,-0.77899486060943f,0.2465995179292971f,-0.012400089508453532f,0f,0f,0f,1f],start_interpolation:0}