execute if entity @s[tag=aj.microphone.bone.left_straight] run data modify entity @s {} merge value {transformation:[-0.9938164620563781f,-0.11103530855427768f,1.2246467991473532e-16f,0.034281905679160896f,-0.11103530855427768f,0.9938164620563781f,0f,0.9942632849503081f,-1.2170741491972905e-16f,-1.3597903521333489e-17f,-1f,-0.00796874999999981f,0f,0f,0f,1f],start_interpolation:0}
execute if entity @s[tag=aj.microphone.bone.left_bend] run data modify entity @s {} merge value {transformation:[-0.9938164620563781f,-0.11103530855427768f,1.2246467991473532e-16f,0.3784485339232117f,-0.11103530855427768f,0.9938164620563781f,0f,1.1081823556073818f,-1.2170741491972905e-16f,-1.3597903521333489e-17f,-1f,-0.06249999999999994f,0f,0f,0f,1f],start_interpolation:0}
execute if entity @s[tag=aj.microphone.bone.microphone] run data modify entity @s {} merge value {transformation:[-0.7739043326181012f,0.14375846411669163f,-0.6167702878298704f,-0.04230033658538063f,0.26213812972133255f,0.9592643804944059f,-0.10533493846243809f,1.3080762929664744f,0.5765029790912908f,-0.2431981749715521f,-0.7800634351060005f,0.262414137072184f,0f,0f,0f,1f],start_interpolation:0}
execute if entity @s[tag=aj.microphone.bone.right_bend] run data modify entity @s {} merge value {transformation:[-0.7739043326181012f,-0.6167702878298704f,-0.14375846411669177f,-0.3041278959396617f,0.26213812972133255f,-0.10533493846243788f,-0.9592643804944059f,1.1487680599097707f,0.5765029790912908f,-0.7800634351060005f,0.24319817497155194f,-0.012400089508453532f,0f,0f,0f,1f],start_interpolation:0}