execute if entity @s[tag=aj.microphone.bone.left_straight] run data modify entity @s {} merge value {transformation:[-0.9917272656617703f,-0.12836288615884434f,1.2246467991473532e-16f,0.041737353847142944f,-0.12836288615884434f,0.9917272656617703f,0f,0.9889269733715988f,-1.2145156215198437e-16f,-1.571991976637448e-17f,-1f,-0.00796874999999981f,0f,0f,0f,1f],start_interpolation:0}
execute if entity @s[tag=aj.microphone.bone.left_bend] run data modify entity @s {} merge value {transformation:[-0.9917272656617703f,-0.12836288615884434f,1.2246467991473532e-16f,0.3838634019246388f,-0.12836288615884434f,0.9917272656617703f,0f,1.1088352294806967f,-1.2145156215198437e-16f,-1.571991976637448e-17f,-1f,-0.06249999999999994f,0f,0f,0f,1f],start_interpolation:0}
execute if entity @s[tag=aj.microphone.bone.microphone] run data modify entity @s {} merge value {transformation:[-0.7739043326181012f,0.16519586297089447f,-0.6113774699907027f,-0.041767592501020134f,0.26213812972133255f,0.9623561588897926f,-0.07179292718009046f,1.295288552796404f,0.5765029790912908f,-0.2158262039331308f,-0.7880757354434161f,0.2689439337655879f,0f,0f,0f,1f],start_interpolation:0}
execute if entity @s[tag=aj.microphone.bone.right_bend] run data modify entity @s {} merge value {transformation:[-0.7739043326181012f,-0.6113774699907027f,-0.1651958629708946f,-0.3041278959396617f,0.26213812972133255f,-0.07179292718009025f,-0.9623561588897926f,1.1487680599097707f,0.5765029790912908f,-0.7880757354434161f,0.21582620393313062f,-0.012400089508453532f,0f,0f,0f,1f],start_interpolation:0}