execute if entity @s[tag=aj.microphone.bone.left_straight] run data modify entity @s {} merge value {transformation:[-0.9914448613738104f,-0.13052619222005157f,1.2246467991473532e-16f,0.04267580021674655f,-0.13052619222005157f,0.9914448613738104f,0f,0.9882691074145988f,-1.2141697760125282e-16f,-1.5984848350717833e-17f,-1f,-0.00796874999999981f,0f,0f,0f,1f],start_interpolation:0}
execute if entity @s[tag=aj.microphone.bone.left_bend] run data modify entity @s {} merge value {transformation:[-0.9914448613738104f,-0.13052619222005157f,1.2246467991473532e-16f,0.3845394350687661f,-0.13052619222005157f,0.9914448613738104f,0f,1.1089234808206843f,-1.2141697760125282e-16f,-1.5984848350717833e-17f,-1f,-0.06249999999999994f,0f,0f,0f,1f],start_interpolation:0}
execute if entity @s[tag=aj.microphone.bone.microphone] run data modify entity @s {} merge value {transformation:[-0.7739043326181012f,0.16786191941663672f,-0.6106508494751268f,-0.041723303874383555f,0.26213812972133255f,0.9626602526985075f,-0.06759318619985047f,1.2936771569002896f,0.5765029790912908f,-0.21238553124967902f,-0.7890099500099214f,0.26973609526873865f,0f,0f,0f,1f],start_interpolation:0}
execute if entity @s[tag=aj.microphone.bone.right_bend] run data modify entity @s {} merge value {transformation:[-0.7739043326181012f,-0.6106508494751268f,-0.16786191941663686f,-0.3041278959396617f,0.26213812972133255f,-0.06759318619985026f,-0.9626602526985075f,1.1487680599097707f,0.5765029790912908f,-0.7890099500099214f,0.21238553124967885f,-0.012400089508453532f,0f,0f,0f,1f],start_interpolation:0}