execute if entity @s[tag=aj.microphone.bone.left_straight] run data modify entity @s {} merge value {transformation:[-0.992277912105967f,-0.12403445145048535f,1.2246467991473532e-16f,0.039864777986977795f,-0.12403445145048535f,0.992277912105967f,0f,0.9902488395600937f,-1.2151899689251913e-16f,-1.5189839395283467e-17f,-1f,-0.00796874999999981f,0f,0f,0f,1f],start_interpolation:0}
execute if entity @s[tag=aj.microphone.bone.left_bend] run data modify entity @s {} merge value {transformation:[-0.992277912105967f,-0.12403445145048535f,1.2246467991473532e-16f,0.3825107660782766f,-0.12403445145048535f,0.992277912105967f,0f,1.1086631524668853f,-1.2151899689251913e-16f,-1.5189839395283467e-17f,-1f,-0.06249999999999994f,0f,0f,0f,1f],start_interpolation:0}
execute if entity @s[tag=aj.microphone.bone.microphone] run data modify entity @s {} merge value {transformation:[-0.7739043326181012f,0.1598543656238411f,-0.6127957781724109f,-0.04187104596012525f,0.26213812972133255f,0.9616930117885171f,-0.08018822870803984f,1.2985029088516502f,0.5765029790912908f,-0.2226951568133676f,-0.7861623129041079f,0.2673434765289908f,0f,0f,0f,1f],start_interpolation:0}
execute if entity @s[tag=aj.microphone.bone.right_bend] run data modify entity @s {} merge value {transformation:[-0.7739043326181012f,-0.6127957781724109f,-0.15985436562384123f,-0.3041278959396617f,0.26213812972133255f,-0.08018822870803963f,-0.9616930117885171f,1.1487680599097707f,0.5765029790912908f,-0.7861623129041079f,0.22269515681336743f,-0.012400089508453532f,0f,0f,0f,1f],start_interpolation:0}