execute if entity @s[tag=aj.microphone.bone.left_straight] run data modify entity @s {} merge value {transformation:[-0.9949685182509117f,-0.10018806161207629f,1.2246467991473532e-16f,0.029669977557559235f,-0.10018806161207629f,0.9949685182509117f,0f,0.9976642460747385f,-1.2184850111283639e-16f,-1.2269498896600704e-17f,-1f,-0.007968749999999816f,0f,0f,0f,1f],start_interpolation:0}
execute if entity @s[tag=aj.microphone.bone.left_bend] run data modify entity @s {} merge value {transformation:[-0.9949685182509117f,-0.10018806161207629f,1.2246467991473532e-16f,0.3750587692537738f,-0.10018806161207629f,0.9949685182509117f,0f,1.10782233804659f,-1.2184850111283639e-16f,-1.2269498896600704e-17f,-1f,-0.06249999999999994f,0f,0f,0f,1f],start_interpolation:0}
execute if entity @s[tag=aj.microphone.bone.microphone] run data modify entity @s {} merge value {transformation:[-0.7739043326181012f,0.13026948057345625f,-0.6197595875709009f,-0.04279418226515641f,0.26213812972133255f,0.9567382319759596f,-0.12623611377777944f,1.315970651916884f,0.5765029790912908f,-0.2601572945481954f,-0.7745724609048724f,0.25816159737898636f,0f,0f,0f,1f],start_interpolation:0}
execute if entity @s[tag=aj.microphone.bone.right_bend] run data modify entity @s {} merge value {transformation:[-0.7739043326181012f,-0.6197595875709009f,-0.1302694805734564f,-0.3041278959396617f,0.26213812972133255f,-0.1262361137777792f,-0.9567382319759596f,1.1487680599097707f,0.5765029790912908f,-0.7745724609048725f,0.26015729454819525f,-0.012400089508453532f,0f,0f,0f,1f],start_interpolation:0}