execute if entity @s[tag=aj.microphone.bone.left_straight] run data modify entity @s {} merge value {transformation:[-0.9945218953682733f,-0.10452846326765346f,1.2246467991473532e-16f,0.03151029475278122f,-0.10452846326765346f,0.9945218953682733f,0f,0.9962978262295483f,-1.217938055844715e-16f,-1.2801044796052349e-17f,-1f,-0.007968749999999816f,0f,0f,0f,1f],start_interpolation:0}
execute if entity @s[tag=aj.microphone.bone.left_bend] run data modify entity @s {} merge value {transformation:[-0.9945218953682733f,-0.10452846326765346f,1.2246467991473532e-16f,0.3764151447711417f,-0.10452846326765346f,0.9945218953682733f,0f,1.1079619076974145f,-1.217938055844715e-16f,-1.2801044796052349e-17f,-1f,-0.06249999999999994f,0f,0f,0f,1f],start_interpolation:0}
execute if entity @s[tag=aj.microphone.bone.microphone] run data modify entity @s {} merge value {transformation:[-0.7739043326181012f,0.1356728743521989f,-0.6185991877782768f,-0.042581811568155714f,0.26213812972133255f,0.9578034062437545f,-0.11788229694938636f,1.312822284779854f,0.5765029790912908f,-0.2533880544794366f,-0.7768132394250196f,0.25987826097206435f,0f,0f,0f,1f],start_interpolation:0}
execute if entity @s[tag=aj.microphone.bone.right_bend] run data modify entity @s {} merge value {transformation:[-0.7739043326181012f,-0.6185991877782768f,-0.13567287435219905f,-0.3041278959396617f,0.26213812972133255f,-0.11788229694938615f,-0.9578034062437545f,1.1487680599097707f,0.5765029790912908f,-0.7768132394250197f,0.2533880544794364f,-0.012400089508453532f,0f,0f,0f,1f],start_interpolation:0}