execute if entity @s[tag=aj.microphone.bone.left_straight] run data modify entity @s {} merge value {transformation:[-0.992546151641322f,-0.12186934340514748f,1.2246467991473532e-16f,0.038930657409213254f,-0.12186934340514748f,0.992546151641322f,0f,0.9909128334999745f,-1.2155184676135683e-16f,-1.4924690131530345e-17f,-1f,-0.00796874999999999f,0f,0f,0f,1f],start_interpolation:0}
execute if entity @s[tag=aj.microphone.bone.left_bend] run data modify entity @s {} merge value {transformation:[-0.992546151641322f,-0.12186934340514748f,1.2246467991473532e-16f,0.45038567547950403f,-0.12186934340514748f,0.992546151641322f,0f,0.5502721173138432f,-1.2155184676135683e-16f,-1.4924690131530345e-17f,-1f,-0.062499999999999944f,0f,0f,0f,1f],start_interpolation:0}
execute if entity @s[tag=aj.microphone.bone.microphone] run data modify entity @s {} merge value {transformation:[-0.7739043865708405f,0.15717906394411482f,-0.613487361160817f,-0.04193028872936472f,0.2621381217925294f,0.9613339764822405f,-0.08438359297830271f,1.3001058360426203f,0.5765029102697541f,-0.22612325735866856f,-0.7851832059666133f,0.2665351482832008f,0f,0f,0f,1f],start_interpolation:0}
execute if entity @s[tag=aj.microphone.bone.right_bend] run data modify entity @s {} merge value {transformation:[-0.7739043865708405f,-0.613487361160817f,-0.15717906394411496f,-0.3041279051305913f,0.2621381217925294f,-0.0843835929783025f,-0.9613339764822405f,1.1487680590188616f,0.5765029102697541f,-0.7851832059666133f,0.2261232573586684f,-0.012400104239321932f,0f,0f,0f,1f],start_interpolation:0}