execute if entity @s[tag=aj.microphone.bone.left_straight] run data modify entity @s {} merge value {transformation:[-0.9933225202471875f,-0.1153705801743918f,1.2246467991473532e-16f,0.03613701841740241f,-0.1153705801743918f,0.9933225202471875f,0f,0.9929170207486102f,-1.2164692449417001e-16f,-1.4128821172634202e-17f,-1f,-0.00796874999999981f,0f,0f,0f,1f],start_interpolation:0}
execute if entity @s[tag=aj.microphone.bone.left_bend] run data modify entity @s {} merge value {transformation:[-0.9933225202471875f,-0.1153705801743918f,1.2246467991473532e-16f,0.3798033063044974f,-0.1153705801743918f,0.9933225202471875f,0f,1.108336712422754f,-1.2164692449417001e-16f,-1.4128821172634202e-17f,-1f,-0.06249999999999994f,0f,0f,0f,1f],start_interpolation:0}
execute if entity @s[tag=aj.microphone.bone.microphone] run data modify entity @s {} merge value {transformation:[-0.7739043326181012f,0.14913525804596803f,-0.6154922897668937f,-0.04213742814532295f,0.26213812972133255f,0.9601470637258585f,-0.09695987296203602f,1.304897022404937f,0.5765029790912908f,-0.23638166347281434f,-0.7821560101876684f,0.2640784538602301f,0f,0f,0f,1f],start_interpolation:0}
execute if entity @s[tag=aj.microphone.bone.right_bend] run data modify entity @s {} merge value {transformation:[-0.7739043326181012f,-0.6154922897668937f,-0.14913525804596817f,-0.3041278959396617f,0.26213812972133255f,-0.09695987296203581f,-0.9601470637258585f,1.1487680599097707f,0.5765029790912908f,-0.7821560101876684f,0.23638166347281417f,-0.012400089508453532f,0f,0f,0f,1f],start_interpolation:0}