execute if entity @s[tag=aj.microphone.bone.left_straight] run data modify entity @s {} merge value {transformation:[-0.9930684569549263f,-0.11753739745783764f,1.2246467991473532e-16f,0.037066773188711544f,-0.11753739745783764f,0.9930684569549263f,0f,0.9922469272691392f,-1.2161581071440516e-16f,-1.4394179757685112e-17f,-1f,-0.00796874999999981f,0f,0f,0f,1f],start_interpolation:0}
execute if entity @s[tag=aj.microphone.bone.left_bend] run data modify entity @s {} merge value {transformation:[-0.9930684569549263f,-0.11753739745783764f,1.2246467991473532e-16f,0.3804804367055742f,-0.11753739745783764f,0.9930684569549263f,0f,1.1084161072015855f,-1.2161581071440516e-16f,-1.4394179757685112e-17f,-1f,-0.06249999999999994f,0f,0f,0f,1f],start_interpolation:0}
execute if entity @s[tag=aj.microphone.bone.microphone] run data modify entity @s {} merge value {transformation:[-0.7739043326181012f,0.15181942160842826f,-0.6148357074677866f,-0.042063401183483395f,0.26213812972133255f,0.960560989731766f,-0.09276953137605042f,1.3033028950246854f,0.5765029790912908f,-0.2329666247083742f,-0.7831799709331531f,0.26490268439108333f,0f,0f,0f,1f],start_interpolation:0}
execute if entity @s[tag=aj.microphone.bone.right_bend] run data modify entity @s {} merge value {transformation:[-0.7739043326181012f,-0.6148357074677866f,-0.1518194216084284f,-0.3041278959396617f,0.26213812972133255f,-0.09276953137605021f,-0.960560989731766f,1.1487680599097707f,0.5765029790912908f,-0.7831799709331531f,0.23296662470837404f,-0.012400089508453532f,0f,0f,0f,1f],start_interpolation:0}