execute if entity @s[tag=aj.microphone.bone.left_straight] run data modify entity @s {} merge value {transformation:[-0.992004949679715f,-0.12619896913582976f,1.2246467991473532e-16f,0.040800344950610135f,-0.12619896913582976f,0.992004949679715f,0f,0.9895868851337458f,-1.2148556863635942e-16f,-1.5454916360788953e-17f,-1f,-0.00796874999999999f,0f,0f,0f,1f],start_interpolation:0}
execute if entity @s[tag=aj.microphone.bone.left_bend] run data modify entity @s {} merge value {transformation:[-0.992004949679715f,-0.12619896913582976f,1.2246467991473532e-16f,0.45417409799385106f,-0.12619896913582976f,0.992004949679715f,0f,0.5507456690302494f,-1.2148556863635942e-16f,-1.5454916360788953e-17f,-1f,-0.062499999999999944f,0f,0f,0f,1f],start_interpolation:0}
execute if entity @s[tag=aj.microphone.bone.microphone] run data modify entity @s {} merge value {transformation:[-0.7739043865708405f,0.16252669828195698f,-0.612092372760825f,-0.041816919893861104f,0.2621381217925294f,0.9620337482497135f,-0.07599126483808272f,1.2968971759238357f,0.5765029102697541f,-0.21926271815831416f,-0.7871265812284144f,0.2681463262314107f,0f,0f,0f,1f],start_interpolation:0}
execute if entity @s[tag=aj.microphone.bone.right_bend] run data modify entity @s {} merge value {transformation:[-0.7739043865708405f,-0.612092372760825f,-0.16252669828195712f,-0.3041279051305913f,0.2621381217925294f,-0.07599126483808251f,-0.9620337482497135f,1.1487680590188616f,0.5765029102697541f,-0.7871265812284144f,0.219262718158314f,-0.012400104239321932f,0f,0f,0f,1f],start_interpolation:0}