execute if entity @s[tag=aj.microphone.bone.left_straight] run data modify entity @s {} merge value {transformation:[-0.9945218953682733f,-0.10452846326765346f,1.2246467991473532e-16f,0.03151029475278133f,-0.10452846326765346f,0.9945218953682733f,0f,0.9962978262295483f,-1.217938055844715e-16f,-1.2801044796052349e-17f,-1f,-0.007968749999999997f,0f,0f,0f,1f],start_interpolation:0}
execute if entity @s[tag=aj.microphone.bone.left_bend] run data modify entity @s {} merge value {transformation:[-0.9945218953682733f,-0.10452846326765346f,1.2246467991473532e-16f,0.4352124053591968f,-0.10452846326765346f,0.9945218953682733f,0f,0.5485433415527609f,-1.217938055844715e-16f,-1.2801044796052349e-17f,-1f,-0.062499999999999944f,0f,0f,0f,1f],start_interpolation:0}
execute if entity @s[tag=aj.microphone.bone.microphone] run data modify entity @s {} merge value {transformation:[-0.7739043865708405f,0.13567291456733818f,-0.6185991114600916f,-0.04258189217237429f,0.2621381217925294f,0.957803412873251f,-0.11788226071567305f,1.3128223101601297f,0.5765029102697541f,-0.2533880078874228f,-0.7768133056979311f,0.2598781976668696f,0f,0f,0f,1f],start_interpolation:0}
execute if entity @s[tag=aj.microphone.bone.right_bend] run data modify entity @s {} merge value {transformation:[-0.7739043865708405f,-0.6185991114600916f,-0.13567291456733832f,-0.3041279051305913f,0.2621381217925294f,-0.11788226071567284f,-0.957803412873251f,1.1487680590188616f,0.5765029102697541f,-0.7768133056979312f,0.2533880078874226f,-0.012400104239321932f,0f,0f,0f,1f],start_interpolation:0}