execute if entity @s[tag=aj.microphone.bone.left_straight] run data modify entity @s {} merge value {transformation:[-0.9956029323293272f,-0.0936739085191022f,1.2246467991473532e-16f,0.026920724490593795f,-0.0936739085191022f,0.9956029323293272f,0f,0.9997288992945167f,-1.2192619442988294e-16f,-1.147174522315405e-17f,-1f,-0.007968749999999816f,0f,0f,0f,1f],start_interpolation:0}
execute if entity @s[tag=aj.microphone.bone.left_bend] run data modify entity @s {} merge value {transformation:[-0.9956029323293272f,-0.0936739085191022f,1.2246467991473532e-16f,0.3730230964122194f,-0.0936739085191022f,0.9956029323293272f,0f,1.1076240836470852f,-1.2192619442988294e-16f,-1.147174522315405e-17f,-1f,-0.06249999999999994f,0f,0f,0f,1f],start_interpolation:0}
execute if entity @s[tag=aj.microphone.bone.microphone] run data modify entity @s {} merge value {transformation:[-0.7739043326181012f,0.12214591771825618f,-0.621411666079497f,-0.04314977894152572f,0.26213812972133255f,0.9550038862147368f,-0.1387486153478729f,1.3206691621177211f,0.5765029790912908f,-0.2702738464955778f,-0.7711007476324684f,0.25554780952414113f,0f,0f,0f,1f],start_interpolation:0}
execute if entity @s[tag=aj.microphone.bone.right_bend] run data modify entity @s {} merge value {transformation:[-0.7739043326181012f,-0.621411666079497f,-0.12214591771825632f,-0.3041278959396617f,0.26213812972133255f,-0.13874861534787267f,-0.9550038862147368f,1.1487680599097707f,0.5765029790912908f,-0.7711007476324685f,0.2702738464955776f,-0.012400089508453532f,0f,0f,0f,1f],start_interpolation:0}