execute if entity @s[tag=aj.microphone.bone.left_straight] run data modify entity @s {} merge value {transformation:[-0.9947475741323987f,-0.10235850603495578f,1.2246467991473532e-16f,0.030589390888460133f,-0.10235850603495578f,0.9947475741323987f,0f,0.9969800324144221f,-1.2182144326208365e-16f,-1.2535301678121363e-17f,-1f,-0.007968749999999816f,0f,0f,0f,1f],start_interpolation:0}
execute if entity @s[tag=aj.microphone.bone.left_bend] run data modify entity @s {} merge value {transformation:[-0.9947475741323987f,-0.10235850603495578f,1.2246467991473532e-16f,0.37573703313592366f,-0.10235850603495578f,0.9947475741323987f,0f,1.1078913830836254f,-1.2182144326208365e-16f,-1.2535301678121363e-17f,-1f,-0.06249999999999994f,0f,0f,0f,1f],start_interpolation:0}
execute if entity @s[tag=aj.microphone.bone.microphone] run data modify entity @s {} merge value {transformation:[-0.7739043326181012f,0.13297244326464955f,-0.6191852818722041f,-0.04268552613081644f,0.26213812972133255f,0.9572799317248624f,-0.12206036729030646f,1.3143980511089648f,0.5765029790912908f,-0.2567751188278806f,-0.7757002342721022f,0.25902252629994293f,0f,0f,0f,1f],start_interpolation:0}
execute if entity @s[tag=aj.microphone.bone.right_bend] run data modify entity @s {} merge value {transformation:[-0.7739043326181012f,-0.6191852818722041f,-0.1329724432646497f,-0.3041278959396617f,0.26213812972133255f,-0.12206036729030625f,-0.9572799317248624f,1.1487680599097707f,0.5765029790912908f,-0.7757002342721023f,0.25677511882788046f,-0.012400089508453532f,0f,0f,0f,1f],start_interpolation:0}